Date,Low,Open,Volume,High,Close,Adjusted Close
18-07-2003,15.0,15.0,87400,15.149999618530273,15.039999961853027,4.528469562530518
21-07-2003,15.0,15.0,28800,15.0600004196167,15.0600004196167,4.5344929695129395
22-07-2003,15.0,15.039999961853027,57100,15.0600004196167,15.0600004196167,4.5344929695129395
23-07-2003,15.0,15.0600004196167,25000,15.0600004196167,15.0,4.516425132751465
24-07-2003,15.010000228881836,15.050000190734863,12800,15.050000190734863,15.020000457763672,4.522446632385254
25-07-2003,15.0,15.050000190734863,26800,15.050000190734863,15.020000457763672,4.522446632385254
28-07-2003,15.0,15.039999961853027,115100,15.039999961853027,15.0,4.516425132751465
29-07-2003,15.0,15.0,10400,15.010000228881836,15.0,4.516425132751465
30-07-2003,15.0,15.0,41700,15.010000228881836,15.010000228881836,4.519437789916992
31-07-2003,15.0,15.0,79100,15.010000228881836,15.0,4.516425132751465
01-08-2003,15.0,15.0,83700,15.010000228881836,15.0,4.516425132751465
04-08-2003,15.0,15.010000228881836,56900,15.010000228881836,15.0,4.516425132751465
05-08-2003,15.0,15.0,80900,15.010000228881836,15.0,4.516425132751465
06-08-2003,15.0,15.0,16500,15.010000228881836,15.0,4.516425132751465
07-08-2003,15.0,15.0,24700,15.010000228881836,15.0,4.516425132751465
08-08-2003,15.0,15.010000228881836,109700,15.010000228881836,15.0,4.516425132751465
11-08-2003,15.0,15.0,36700,15.010000228881836,15.010000228881836,4.519437789916992
12-08-2003,15.0,15.0,18900,15.010000228881836,15.0,4.516425132751465
13-08-2003,15.0,15.0,12000,15.010000228881836,15.0,4.516425132751465
14-08-2003,15.0,15.0,57300,15.0,15.0,4.516425132751465
15-08-2003,15.0,15.0,12000,15.0,15.0,4.516425132751465
18-08-2003,15.0,15.0,49200,15.010000228881836,15.0,4.516425132751465
19-08-2003,15.0,15.0,113800,15.010000228881836,15.0,4.516425132751465
20-08-2003,15.0,15.0,245700,15.010000228881836,15.010000228881836,4.519437789916992
21-08-2003,15.0,15.0,63700,15.0,15.0,4.516425132751465
22-08-2003,15.0,15.0,34000,15.010000228881836,15.010000228881836,4.519437789916992
25-08-2003,15.0,15.0,122500,15.010000228881836,15.0,4.516425132751465
26-08-2003,15.0,15.0,71800,15.0,15.0,4.516425132751465
27-08-2003,14.5,14.75,271800,14.760000228881836,14.5,4.365875720977783
28-08-2003,14.5,14.5,28000,14.600000381469727,14.550000190734863,4.38093376159668
29-08-2003,14.520000457763672,14.550000190734863,13800,14.649999618530273,14.600000381469727,4.395990371704102
02-09-2003,14.550000190734863,14.550000190734863,77000,14.90999984741211,14.75,4.441150665283203
03-09-2003,14.630000114440918,14.75,17300,14.800000190734863,14.630000114440918,4.4050188064575195
04-09-2003,14.600000381469727,14.600000381469727,32500,14.850000381469727,14.850000381469727,4.471260070800781
05-09-2003,14.770000457763672,14.770000457763672,29200,14.850000381469727,14.779999732971191,4.450181007385254
08-09-2003,14.75,14.760000228881836,31600,14.800000190734863,14.760000228881836,4.444162368774414
09-09-2003,14.649999618530273,14.699999809265137,19400,14.779999732971191,14.649999618530273,4.411041736602783
10-09-2003,14.600000381469727,14.65999984741211,28100,14.850000381469727,14.640000343322754,4.408033847808838
11-09-2003,14.699999809265137,14.75,15700,14.890000343322754,14.789999961853027,4.453195571899414
12-09-2003,14.729999542236328,14.890000343322754,21200,14.899999618530273,14.779999732971191,4.450181007385254
15-09-2003,14.680000305175781,14.680000305175781,15500,14.859999656677246,14.859999656677246,4.474269866943359
16-09-2003,14.65999984741211,14.670000076293945,27000,14.859999656677246,14.65999984741211,4.4409499168396
17-09-2003,14.539999961853027,14.649999618530273,26600,14.800000190734863,14.539999961853027,4.404597282409668
18-09-2003,14.5,14.520000457763672,23300,14.710000038146973,14.670000076293945,4.443981170654297
19-09-2003,14.600000381469727,14.600000381469727,39400,14.869999885559082,14.75,4.4682111740112305
22-09-2003,14.520000457763672,14.649999618530273,48000,14.789999961853027,14.789999961853027,4.480332374572754
23-09-2003,14.649999618530273,14.75,24000,14.770000457763672,14.65999984741211,4.4409499168396
24-09-2003,14.510000228881836,14.65999984741211,43500,14.65999984741211,14.529999732971191,4.401569843292236
25-09-2003,14.5,14.550000190734863,23000,14.649999618530273,14.630000114440918,4.431861400604248
26-09-2003,14.520000457763672,14.520000457763672,20900,14.75,14.699999809265137,4.453064918518066
29-09-2003,14.699999809265137,14.75,20400,14.829999923706055,14.8100004196167,4.486388683319092
30-09-2003,14.630000114440918,14.84000015258789,21800,14.84000015258789,14.84000015258789,4.495478630065918
01-10-2003,14.800000190734863,14.850000381469727,11100,14.859999656677246,14.829999923706055,4.4924492835998535
02-10-2003,14.760000228881836,14.890000343322754,36300,14.920000076293945,14.920000076293945,4.519712448120117
03-10-2003,14.800000190734863,14.930000305175781,42700,14.930000305175781,14.800000190734863,4.4833574295043945
06-10-2003,14.829999923706055,14.869999885559082,17200,14.920000076293945,14.829999923706055,4.4924492835998535
07-10-2003,14.859999656677246,14.920000076293945,66000,14.989999771118164,14.989999771118164,4.540916919708252
08-10-2003,14.90999984741211,14.989999771118164,48300,14.989999771118164,14.989999771118164,4.540916919708252
09-10-2003,14.90999984741211,14.989999771118164,71800,14.989999771118164,14.970000267028809,4.534857749938965
10-10-2003,14.949999809265137,14.989999771118164,49700,15.0,14.979999542236328,4.5378875732421875
13-10-2003,14.850000381469727,14.989999771118164,18700,15.0,14.859999656677246,4.501533508300781
14-10-2003,14.920000076293945,14.979999542236328,27000,14.979999542236328,14.979999542236328,4.5378875732421875
15-10-2003,14.90999984741211,14.989999771118164,29100,14.989999771118164,14.989999771118164,4.540916919708252
16-10-2003,14.850000381469727,14.850000381469727,20800,14.960000038146973,14.960000038146973,4.573935031890869
17-10-2003,14.869999885559082,14.899999618530273,22500,14.960000038146973,14.930000305175781,4.564765930175781
20-10-2003,14.869999885559082,14.979999542236328,30200,14.979999542236328,14.970000267028809,4.576995372772217
21-10-2003,14.869999885559082,14.949999809265137,38200,14.989999771118164,14.880000114440918,4.549477577209473
22-10-2003,14.859999656677246,14.899999618530273,15600,14.979999542236328,14.899999618530273,4.555592060089111
23-10-2003,14.800000190734863,14.970000267028809,35300,14.970000267028809,14.8100004196167,4.528078556060791
24-10-2003,14.819999694824219,14.880000114440918,12500,14.949999809265137,14.829999923706055,4.5341901779174805
27-10-2003,14.8100004196167,14.930000305175781,46200,14.960000038146973,14.84000015258789,4.5372490882873535
28-10-2003,14.84000015258789,14.880000114440918,40400,14.979999542236328,14.90999984741211,4.558650493621826
29-10-2003,14.890000343322754,14.979999542236328,37900,15.0,14.890000343322754,4.552535533905029
30-10-2003,14.880000114440918,14.949999809265137,39600,14.989999771118164,14.9399995803833,4.567818641662598
31-10-2003,14.899999618530273,14.989999771118164,47900,15.0,14.960000038146973,4.573935031890869
03-11-2003,14.899999618530273,15.0,30800,15.0,14.989999771118164,4.583108901977539
04-11-2003,14.930000305175781,15.0,33800,15.050000190734863,14.970000267028809,4.576995372772217
05-11-2003,14.899999618530273,15.0,21400,15.050000190734863,14.960000038146973,4.573935031890869
06-11-2003,14.899999618530273,15.0,22100,15.0,14.979999542236328,4.580051422119141
07-11-2003,14.920000076293945,15.039999961853027,44100,15.050000190734863,14.949999809265137,4.570880889892578
10-11-2003,14.949999809265137,15.0,16000,15.039999961853027,14.989999771118164,4.583108901977539
11-11-2003,14.949999809265137,15.029999732971191,55700,15.029999732971191,14.989999771118164,4.583108901977539
12-11-2003,14.989999771118164,15.020000457763672,44700,15.029999732971191,15.0,4.586165904998779
13-11-2003,14.90999984741211,15.0,26800,15.0,14.930000305175781,4.592319011688232
14-11-2003,14.789999961853027,14.890000343322754,43200,14.899999618530273,14.899999618530273,4.583090782165527
17-11-2003,14.8100004196167,14.90999984741211,21000,14.9399995803833,14.90999984741211,4.586167335510254
18-11-2003,14.8100004196167,14.90999984741211,30400,14.90999984741211,14.899999618530273,4.583090782165527
19-11-2003,14.850000381469727,14.920000076293945,29700,14.920000076293945,14.869999885559082,4.573862075805664
20-11-2003,14.8100004196167,14.899999618530273,24100,14.920000076293945,14.880000114440918,4.576939582824707
21-11-2003,14.729999542236328,14.90999984741211,57800,14.90999984741211,14.760000228881836,4.5400309562683105
24-11-2003,14.609999656677246,14.84000015258789,59800,14.84000015258789,14.75,4.536953926086426
25-11-2003,14.680000305175781,14.75,23300,14.920000076293945,14.789999961853027,4.549256801605225
26-11-2003,14.779999732971191,14.869999885559082,41600,14.869999885559082,14.850000381469727,4.56771183013916
28-11-2003,14.75,14.880000114440918,21400,14.890000343322754,14.890000343322754,4.580015182495117
01-12-2003,14.770000457763672,14.90999984741211,89600,15.039999961853027,14.890000343322754,4.580015182495117
02-12-2003,14.770000457763672,14.989999771118164,32400,14.989999771118164,14.920000076293945,4.589242458343506
03-12-2003,14.75,14.850000381469727,29700,14.850000381469727,14.84000015258789,4.56463623046875
04-12-2003,14.8100004196167,14.859999656677246,29100,14.930000305175781,14.920000076293945,4.589242458343506
05-12-2003,14.739999771118164,14.899999618530273,28900,14.899999618530273,14.800000190734863,4.581190586090088
08-12-2003,14.760000228881836,14.899999618530273,42400,14.930000305175781,14.819999694824219,4.5873847007751465
09-12-2003,14.65999984741211,14.880000114440918,45800,14.880000114440918,14.739999771118164,4.562625408172607
10-12-2003,14.600000381469727,14.770000457763672,60800,14.800000190734863,14.609999656677246,4.522384166717529
11-12-2003,14.510000228881836,14.609999656677246,60000,14.75,14.680000305175781,4.544052600860596
12-12-2003,14.640000343322754,14.6899995803833,21500,14.770000457763672,14.770000457763672,4.5719075202941895
15-12-2003,14.619999885559082,14.65999984741211,38200,14.760000228881836,14.710000038146973,4.5533366203308105
16-12-2003,14.5600004196167,14.729999542236328,50700,14.729999542236328,14.600000381469727,4.519286155700684
17-12-2003,14.569999694824219,14.649999618530273,50600,14.75,14.59000015258789,4.516188621520996
18-12-2003,14.5600004196167,14.680000305175781,84200,14.75,14.609999656677246,4.522384166717529
19-12-2003,14.569999694824219,14.6899995803833,45900,14.6899995803833,14.609999656677246,4.522384166717529
22-12-2003,14.5600004196167,14.609999656677246,68700,14.699999809265137,14.699999809265137,4.550237655639648
23-12-2003,14.579999923706055,14.609999656677246,51800,14.720000267028809,14.600000381469727,4.519286155700684
24-12-2003,14.5600004196167,14.670000076293945,42300,14.670000076293945,14.59000015258789,4.516188621520996
26-12-2003,14.59000015258789,14.670000076293945,28700,14.729999542236328,14.729999542236328,4.559525012969971
29-12-2003,14.5600004196167,14.65999984741211,70900,14.739999771118164,14.5600004196167,4.506902694702148
30-12-2003,14.510000228881836,14.5600004196167,72200,14.680000305175781,14.65999984741211,4.537858486175537
31-12-2003,14.550000190734863,14.65999984741211,87800,14.699999809265137,14.699999809265137,4.550237655639648
02-01-2004,14.680000305175781,14.6899995803833,73200,14.800000190734863,14.729999542236328,4.559525012969971
05-01-2004,14.65999984741211,14.699999809265137,31900,14.800000190734863,14.800000190734863,4.581190586090088
06-01-2004,14.770000457763672,14.800000190734863,34600,14.850000381469727,14.84000015258789,4.593578815460205
07-01-2004,14.65999984741211,14.850000381469727,33800,14.850000381469727,14.850000381469727,4.596672058105469
08-01-2004,14.670000076293945,14.850000381469727,51600,14.850000381469727,14.75,4.565717697143555
09-01-2004,14.680000305175781,14.680000305175781,37000,14.899999618530273,14.760000228881836,4.5688157081604
12-01-2004,14.800000190734863,14.859999656677246,39000,14.949999809265137,14.949999809265137,4.627625465393066
13-01-2004,14.920000076293945,14.970000267028809,65600,15.039999961853027,14.930000305175781,4.621434211730957
14-01-2004,14.779999732971191,14.90999984741211,38600,14.970000267028809,14.859999656677246,4.628909111022949
15-01-2004,14.859999656677246,14.859999656677246,29700,15.039999961853027,14.989999771118164,4.669404983520508
16-01-2004,14.920000076293945,15.0,41600,15.0,14.930000305175781,4.650717258453369
20-01-2004,14.859999656677246,14.930000305175781,34900,15.050000190734863,15.050000190734863,4.6880974769592285
21-01-2004,14.890000343322754,15.050000190734863,39300,15.050000190734863,15.0,4.672518730163574
22-01-2004,14.899999618530273,14.930000305175781,46400,15.0,14.970000267028809,4.663177013397217
23-01-2004,14.90999984741211,15.020000457763672,49200,15.029999732971191,15.010000228881836,4.675636291503906
26-01-2004,14.960000038146973,15.020000457763672,46800,15.039999961853027,15.010000228881836,4.675636291503906
27-01-2004,14.970000267028809,15.029999732971191,49100,15.050000190734863,15.020000457763672,4.678750991821289
28-01-2004,14.949999809265137,15.050000190734863,40400,15.180000305175781,15.0600004196167,4.691208839416504
29-01-2004,14.899999618530273,15.0600004196167,28400,15.100000381469727,14.989999771118164,4.669404983520508
30-01-2004,14.869999885559082,15.050000190734863,31300,15.050000190734863,14.979999542236328,4.666291236877441
02-02-2004,14.949999809265137,14.949999809265137,42100,15.050000190734863,15.050000190734863,4.6880974769592285
03-02-2004,15.050000190734863,15.100000381469727,69800,15.25,15.130000114440918,4.713016986846924
04-02-2004,15.050000190734863,15.140000343322754,25900,15.239999771118164,15.210000038146973,4.737936019897461
05-02-2004,15.149999618530273,15.279999732971191,30900,15.350000381469727,15.199999809265137,4.734825611114502
06-02-2004,15.050000190734863,15.199999809265137,49900,15.449999809265137,15.09000015258789,4.700556755065918
09-02-2004,15.050000190734863,15.149999618530273,35400,15.149999618530273,15.100000381469727,4.703669548034668
10-02-2004,15.0600004196167,15.170000076293945,54100,15.180000305175781,15.079999923706055,4.697442531585693
11-02-2004,15.0600004196167,15.260000228881836,37100,15.270000457763672,15.210000038146973,4.737936019897461
12-02-2004,14.949999809265137,15.149999618530273,84400,15.149999618530273,15.0,4.700333118438721
13-02-2004,14.970000267028809,15.020000457763672,32400,15.109999656677246,15.0,4.700333118438721
17-02-2004,15.0,15.0,42000,15.119999885559082,15.119999885559082,4.737936019897461
18-02-2004,14.960000038146973,15.100000381469727,63800,15.100000381469727,15.0,4.700333118438721
19-02-2004,14.949999809265137,15.0,40600,15.069999694824219,15.0,4.700333118438721
20-02-2004,14.90999984741211,15.0,37100,15.0,14.949999809265137,4.684667587280273
23-02-2004,14.930000305175781,14.989999771118164,20500,15.0,14.930000305175781,4.678400993347168
24-02-2004,14.850000381469727,15.029999732971191,92200,15.079999923706055,14.949999809265137,4.684667587280273
25-02-2004,14.829999923706055,14.899999618530273,65600,15.119999885559082,14.899999618530273,4.668997287750244
26-02-2004,14.899999618530273,15.0,31400,15.029999732971191,15.0,4.700333118438721
27-02-2004,14.949999809265137,14.979999542236328,20300,14.989999771118164,14.970000267028809,4.690934181213379
01-03-2004,14.949999809265137,14.949999809265137,56000,15.050000190734863,15.0,4.700333118438721
02-03-2004,14.979999542236328,15.050000190734863,40200,15.100000381469727,15.0,4.700333118438721
03-03-2004,14.979999542236328,15.050000190734863,38900,15.149999618530273,15.0,4.700333118438721
04-03-2004,14.920000076293945,15.0600004196167,41000,15.0600004196167,14.979999542236328,4.69406270980835
05-03-2004,14.989999771118164,14.989999771118164,49000,15.119999885559082,15.119999885559082,4.737936019897461
08-03-2004,15.050000190734863,15.119999885559082,24100,15.149999618530273,15.100000381469727,4.73166561126709
09-03-2004,15.050000190734863,15.149999618530273,43600,15.149999618530273,15.119999885559082,4.737936019897461
10-03-2004,15.079999923706055,15.180000305175781,61300,15.180000305175781,15.180000305175781,4.756738185882568
11-03-2004,15.0,15.010000228881836,44400,15.100000381469727,15.079999923706055,4.753585338592529
12-03-2004,15.050000190734863,15.109999656677246,34200,15.1899995803833,15.119999885559082,4.76619291305542
15-03-2004,15.020000457763672,15.069999694824219,39500,15.149999618530273,15.0600004196167,4.747284889221191
16-03-2004,15.050000190734863,15.09000015258789,64600,15.140000343322754,15.069999694824219,4.75043249130249
17-03-2004,15.050000190734863,15.069999694824219,54500,15.119999885559082,15.050000190734863,4.744129657745361
18-03-2004,15.050000190734863,15.050000190734863,33300,15.140000343322754,15.100000381469727,4.759887218475342
19-03-2004,15.0600004196167,15.130000114440918,29000,15.180000305175781,15.079999923706055,4.753585338592529
22-03-2004,15.0,15.130000114440918,69200,15.130000114440918,15.0600004196167,4.747284889221191
23-03-2004,15.050000190734863,15.119999885559082,30000,15.149999618530273,15.130000114440918,4.769345283508301
24-03-2004,15.0600004196167,15.130000114440918,21400,15.15999984741211,15.100000381469727,4.759887218475342
25-03-2004,15.010000228881836,15.140000343322754,39000,15.149999618530273,15.039999961853027,4.7409749031066895
26-03-2004,15.029999732971191,15.069999694824219,39000,15.069999694824219,15.029999732971191,4.737823486328125
29-03-2004,15.010000228881836,15.050000190734863,38100,15.050000190734863,15.010000228881836,4.7315192222595215
30-03-2004,15.0,15.010000228881836,57500,15.050000190734863,15.0,4.728368759155273
31-03-2004,14.960000038146973,15.100000381469727,59500,15.119999885559082,15.0,4.728368759155273
01-04-2004,14.949999809265137,14.949999809265137,54900,15.15999984741211,15.15999984741211,4.778800964355469
02-04-2004,14.869999885559082,15.029999732971191,103300,15.029999732971191,14.869999885559082,4.6873860359191895
05-04-2004,14.399999618530273,14.949999809265137,125400,14.949999809265137,14.640000343322754,4.614887714385986
06-04-2004,14.329999923706055,14.550000190734863,82500,14.550000190734863,14.430000305175781,4.548689365386963
07-04-2004,14.199999809265137,14.449999809265137,137800,14.5,14.300000190734863,4.5077104568481445
08-04-2004,14.300000190734863,14.300000190734863,54900,14.390000343322754,14.34000015258789,4.520320892333984
12-04-2004,14.25,14.34000015258789,63600,14.34000015258789,14.289999961853027,4.504558563232422
13-04-2004,13.600000381469727,14.109999656677246,161900,14.109999656677246,13.9399995803833,4.422081470489502
14-04-2004,13.609999656677246,13.9399995803833,137400,13.9399995803833,13.630000114440918,4.3237409591674805
15-04-2004,13.699999809265137,13.699999809265137,112100,13.850000381469727,13.760000228881836,4.364978313446045
16-04-2004,13.8100004196167,13.859999656677246,71000,13.960000038146973,13.899999618530273,4.409388542175293
19-04-2004,13.880000114440918,13.9399995803833,42900,14.0,13.899999618530273,4.409388542175293
20-04-2004,13.710000038146973,13.949999809265137,62300,13.949999809265137,13.710000038146973,4.349120140075684
21-04-2004,13.199999809265137,13.680000305175781,209000,13.710000038146973,13.40999984741211,4.253951072692871
22-04-2004,13.449999809265137,13.449999809265137,59000,13.609999656677246,13.579999923706055,4.307877063751221
23-04-2004,13.460000038146973,13.600000381469727,59700,13.600000381469727,13.5600004196167,4.301535606384277
26-04-2004,13.380000114440918,13.510000228881836,95700,13.5600004196167,13.460000038146973,4.269813537597656
27-04-2004,13.4399995803833,13.4399995803833,81200,13.550000190734863,13.550000190734863,4.298362731933594
28-04-2004,13.5,13.550000190734863,58000,13.609999656677246,13.579999923706055,4.307877063751221
29-04-2004,13.510000228881836,13.59000015258789,89600,13.630000114440918,13.600000381469727,4.314224720001221
30-04-2004,13.640000343322754,13.800000190734863,56600,13.819999694824219,13.699999809265137,4.345947742462158
03-05-2004,13.619999885559082,13.640000343322754,67200,13.819999694824219,13.8100004196167,4.380842685699463
04-05-2004,13.760000228881836,13.800000190734863,48400,13.869999885559082,13.779999732971191,4.371321201324463
05-05-2004,13.75,13.880000114440918,59500,14.010000228881836,13.760000228881836,4.364978313446045
06-05-2004,13.600000381469727,13.760000228881836,54200,13.850000381469727,13.65999984741211,4.333259105682373
07-05-2004,13.420000076293945,13.600000381469727,73600,13.640000343322754,13.470000267028809,4.27298641204834
10-05-2004,13.069999694824219,13.399999618530273,96300,13.399999618530273,13.170000076293945,4.177818298339844
11-05-2004,13.069999694824219,13.069999694824219,60500,13.40999984741211,13.40999984741211,4.253951072692871
12-05-2004,13.359999656677246,13.430000305175781,53600,13.59000015258789,13.5,4.282505035400391
13-05-2004,13.149999618530273,13.3100004196167,51300,13.399999618530273,13.239999771118164,4.228209018707275
14-05-2004,13.199999809265137,13.199999809265137,58800,13.390000343322754,13.300000190734863,4.247374057769775
17-05-2004,13.210000038146973,13.270000457763672,50300,13.350000381469727,13.260000228881836,4.234600067138672
18-05-2004,13.199999809265137,13.300000190734863,65000,13.399999618530273,13.289999961853027,4.244183540344238
19-05-2004,13.100000381469727,13.300000190734863,44800,13.300000190734863,13.170000076293945,4.2058587074279785
20-05-2004,13.180000305175781,13.229999542236328,50700,13.3100004196167,13.3100004196167,4.250565528869629
21-05-2004,13.260000228881836,13.270000457763672,46200,13.380000114440918,13.369999885559082,4.269730567932129
24-05-2004,13.199999809265137,13.359999656677246,48000,13.390000343322754,13.289999961853027,4.244183540344238
25-05-2004,13.170000076293945,13.1899995803833,33700,13.289999961853027,13.1899995803833,4.212244987487793
26-05-2004,13.199999809265137,13.25,27400,13.350000381469727,13.350000381469727,4.263342380523682
27-05-2004,13.3100004196167,13.350000381469727,35600,13.739999771118164,13.649999618530273,4.3591485023498535
28-05-2004,13.600000381469727,13.65999984741211,27000,13.729999542236328,13.640000343322754,4.355952739715576
01-06-2004,13.619999885559082,13.640000343322754,29900,13.710000038146973,13.710000038146973,4.378310680389404
02-06-2004,13.680000305175781,13.720000267028809,32600,13.75,13.729999542236328,4.384694576263428
03-06-2004,13.640000343322754,13.800000190734863,43100,13.800000190734863,13.649999618530273,4.3591485023498535
04-06-2004,13.489999771118164,13.75,37800,13.75,13.569999694824219,4.3335981369018555
07-06-2004,13.5,13.529999732971191,39000,13.600000381469727,13.5,4.311241626739502
08-06-2004,13.319999694824219,13.449999809265137,53400,13.539999961853027,13.329999923706055,4.256954193115234
09-06-2004,13.329999923706055,13.390000343322754,39600,13.420000076293945,13.34000015258789,4.260148525238037
10-06-2004,13.15999984741211,13.329999923706055,77200,13.390000343322754,13.279999732971191,4.240987777709961
14-06-2004,13.130000114440918,13.289999961853027,41300,13.300000190734863,13.15999984741211,4.2313385009765625
15-06-2004,13.149999618530273,13.15999984741211,68700,13.289999961853027,13.25,4.260281562805176
16-06-2004,13.109999656677246,13.289999961853027,44300,13.289999961853027,13.210000038146973,4.2474164962768555
17-06-2004,13.149999618530273,13.260000228881836,48700,13.270000457763672,13.220000267028809,4.2506327629089355
18-06-2004,13.170000076293945,13.260000228881836,32100,13.270000457763672,13.199999809265137,4.244200229644775
21-06-2004,13.050000190734863,13.25,56500,13.270000457763672,13.100000381469727,4.212049961090088
22-06-2004,13.050000190734863,13.149999618530273,73800,13.180000305175781,13.140000343322754,4.224911212921143
23-06-2004,13.149999618530273,13.170000076293945,29300,13.1899995803833,13.1899995803833,4.2409868240356445
24-06-2004,13.210000038146973,13.229999542236328,34700,13.399999618530273,13.399999618530273,4.30850887298584
25-06-2004,13.300000190734863,13.449999809265137,44400,13.489999771118164,13.300000190734863,4.276355743408203
28-06-2004,13.25,13.399999618530273,31500,13.399999618530273,13.279999732971191,4.269924640655518
29-06-2004,13.149999618530273,13.289999961853027,28800,13.300000190734863,13.300000190734863,4.276355743408203
30-06-2004,13.260000228881836,13.300000190734863,20000,13.369999885559082,13.369999885559082,4.298864841461182
01-07-2004,13.449999809265137,13.470000267028809,53100,13.739999771118164,13.739999771118164,4.417827606201172
02-07-2004,13.75,13.75,54600,14.010000228881836,13.859999656677246,4.456409931182861
06-07-2004,13.829999923706055,13.899999618530273,25700,13.899999618530273,13.890000343322754,4.466059684753418
07-07-2004,13.800000190734863,13.949999809265137,37500,13.949999809265137,13.829999923706055,4.446766376495361
08-07-2004,13.649999618530273,13.84000015258789,57900,13.84000015258789,13.710000038146973,4.408185005187988
09-07-2004,13.670000076293945,13.710000038146973,38900,13.8100004196167,13.680000305175781,4.3985395431518555
12-07-2004,13.59000015258789,13.699999809265137,64800,13.75,13.699999809265137,4.40496826171875
13-07-2004,13.680000305175781,13.699999809265137,42000,13.800000190734863,13.75,4.421043395996094
14-07-2004,13.600000381469727,13.75,36700,13.75,13.600000381469727,4.4016265869140625
15-07-2004,13.5600004196167,13.569999694824219,50600,13.6899995803833,13.6899995803833,4.430752754211426
16-07-2004,13.680000305175781,13.6899995803833,31900,13.800000190734863,13.770000457763672,4.45664644241333
19-07-2004,13.760000228881836,13.84000015258789,49600,14.119999885559082,13.880000114440918,4.49224853515625
20-07-2004,13.829999923706055,13.899999618530273,48600,13.949999809265137,13.880000114440918,4.49224853515625
21-07-2004,13.739999771118164,13.880000114440918,49200,13.890000343322754,13.800000190734863,4.466352462768555
22-07-2004,13.819999694824219,13.829999923706055,31200,13.899999618530273,13.899999618530273,4.498720169067383
23-07-2004,13.869999885559082,13.9399995803833,38300,14.0,13.920000076293945,4.505192756652832
26-07-2004,13.890000343322754,13.960000038146973,38700,14.039999961853027,13.960000038146973,4.5181379318237305
27-07-2004,13.890000343322754,13.979999542236328,44100,14.039999961853027,13.989999771118164,4.527846336364746
28-07-2004,13.869999885559082,13.989999771118164,38700,13.989999771118164,13.970000267028809,4.521377086639404
29-07-2004,13.90999984741211,13.970000267028809,18200,14.010000228881836,14.0,4.531085968017578
30-07-2004,14.029999732971191,14.100000381469727,24400,14.100000381469727,14.050000190734863,4.547266960144043
02-08-2004,14.0,14.0600004196167,58100,14.1899995803833,14.149999618530273,4.579632759094238
03-08-2004,14.119999885559082,14.149999618530273,29100,14.199999809265137,14.199999809265137,4.595815181732178
04-08-2004,14.1899995803833,14.229999542236328,25700,14.279999732971191,14.220000267028809,4.602289199829102
05-08-2004,14.079999923706055,14.260000228881836,54700,14.260000228881836,14.170000076293945,4.586105823516846
06-08-2004,14.130000114440918,14.15999984741211,59900,14.25,14.170000076293945,4.586105823516846
09-08-2004,14.149999618530273,14.199999809265137,43900,14.289999961853027,14.210000038146973,4.5990495681762695
10-08-2004,14.199999809265137,14.199999809265137,22100,14.289999961853027,14.25,4.611998558044434
11-08-2004,14.260000228881836,14.300000190734863,74600,14.350000381469727,14.350000381469727,4.6443586349487305
12-08-2004,14.199999809265137,14.199999809265137,26100,14.3100004196167,14.300000190734863,4.657390594482422
13-08-2004,14.25,14.300000190734863,25800,14.34000015258789,14.34000015258789,4.670417785644531
16-08-2004,14.220000267028809,14.34000015258789,38400,14.34000015258789,14.300000190734863,4.657390594482422
17-08-2004,14.229999542236328,14.229999542236328,25600,14.3100004196167,14.270000457763672,4.647616863250732
18-08-2004,14.270000457763672,14.329999923706055,28600,14.34000015258789,14.279999732971191,4.650872707366943
19-08-2004,14.25,14.289999961853027,17500,14.300000190734863,14.260000228881836,4.6443586349487305
20-08-2004,14.210000038146973,14.289999961853027,27000,14.289999961853027,14.279999732971191,4.650872707366943
23-08-2004,14.180000305175781,14.279999732971191,51500,14.279999732971191,14.220000267028809,4.631332874298096
24-08-2004,14.149999618530273,14.170000076293945,82900,14.300000190734863,14.279999732971191,4.650872707366943
25-08-2004,14.260000228881836,14.3100004196167,35500,14.329999923706055,14.300000190734863,4.657390594482422
26-08-2004,14.170000076293945,14.34000015258789,64800,14.350000381469727,14.270000457763672,4.647616863250732
27-08-2004,14.270000457763672,14.270000457763672,40200,14.399999618530273,14.350000381469727,4.673672676086426
30-08-2004,14.350000381469727,14.390000343322754,38000,14.5,14.430000305175781,4.699728965759277
31-08-2004,14.449999809265137,14.529999732971191,52200,14.59000015258789,14.550000190734863,4.73881196975708
01-09-2004,14.539999961853027,14.579999923706055,52100,14.739999771118164,14.720000267028809,4.794179916381836
02-09-2004,14.550000190734863,14.699999809265137,57000,14.699999809265137,14.5600004196167,4.742069721221924
03-09-2004,14.399999618530273,14.510000228881836,36900,14.600000381469727,14.460000038146973,4.709498405456543
07-09-2004,14.40999984741211,14.5600004196167,23000,14.5600004196167,14.430000305175781,4.699728965759277
08-09-2004,14.220000267028809,14.470000267028809,62400,14.479999542236328,14.3100004196167,4.660645961761475
09-09-2004,14.289999961853027,14.34000015258789,26400,14.390000343322754,14.34000015258789,4.670417785644531
10-09-2004,14.350000381469727,14.350000381469727,28500,14.449999809265137,14.40999984741211,4.693216800689697
13-09-2004,14.369999885559082,14.399999618530273,25300,14.5,14.449999809265137,4.70624303817749
14-09-2004,14.380000114440918,14.4399995803833,85800,14.529999732971191,14.380000114440918,4.683444023132324
15-09-2004,14.25,14.390000343322754,40400,14.390000343322754,14.300000190734863,4.686722278594971
16-09-2004,14.270000457763672,14.319999694824219,37400,14.369999885559082,14.319999694824219,4.693274974822998
17-09-2004,14.3100004196167,14.380000114440918,61400,14.449999809265137,14.420000076293945,4.726048946380615
20-09-2004,14.359999656677246,14.479999542236328,42900,14.479999542236328,14.430000305175781,4.729328632354736
21-09-2004,14.399999618530273,14.479999542236328,29600,14.479999542236328,14.460000038146973,4.73915958404541
22-09-2004,14.350000381469727,14.40999984741211,31400,14.489999771118164,14.489999771118164,4.748991012573242
23-09-2004,14.390000343322754,14.489999771118164,50000,14.5,14.420000076293945,4.726048946380615
24-09-2004,14.350000381469727,14.4399995803833,57500,14.449999809265137,14.380000114440918,4.712940216064453
27-09-2004,14.399999618530273,14.4399995803833,66700,14.539999961853027,14.539999961853027,4.765379428863525
28-09-2004,14.5,14.550000190734863,35400,14.59000015258789,14.550000190734863,4.768657207489014
29-09-2004,14.5,14.600000381469727,34400,14.600000381469727,14.510000228881836,4.755548477172852
30-09-2004,14.460000038146973,14.579999923706055,52800,14.579999923706055,14.479999542236328,4.74571418762207
01-10-2004,14.399999618530273,14.470000267028809,49700,14.5,14.489999771118164,4.748991012573242
04-10-2004,14.380000114440918,14.449999809265137,48600,14.5,14.40999984741211,4.722775459289551
05-10-2004,14.329999923706055,14.420000076293945,59300,14.420000076293945,14.390000343322754,4.716216564178467
06-10-2004,14.359999656677246,14.359999656677246,41600,14.40999984741211,14.40999984741211,4.722775459289551
07-10-2004,14.369999885559082,14.40999984741211,33800,14.40999984741211,14.369999885559082,4.709663391113281
08-10-2004,14.40999984741211,14.40999984741211,58000,14.520000457763672,14.479999542236328,4.74571418762207
11-10-2004,14.5,14.579999923706055,36100,14.600000381469727,14.529999732971191,4.762102127075195
12-10-2004,14.489999771118164,14.529999732971191,51600,14.579999923706055,14.539999961853027,4.765379428863525
13-10-2004,14.430000305175781,14.5,36800,14.5,14.449999809265137,4.765380382537842
14-10-2004,14.40999984741211,14.550000190734863,33400,14.550000190734863,14.4399995803833,4.762082099914551
15-10-2004,14.369999885559082,14.489999771118164,37500,14.489999771118164,14.40999984741211,4.752190113067627
18-10-2004,14.390000343322754,14.420000076293945,34800,14.4399995803833,14.4399995803833,4.762082099914551
19-10-2004,14.420000076293945,14.449999809265137,66600,14.510000228881836,14.4399995803833,4.762082099914551
20-10-2004,14.369999885559082,14.539999961853027,46400,14.539999961853027,14.460000038146973,4.768677234649658
21-10-2004,14.4399995803833,14.5600004196167,74600,14.609999656677246,14.5,4.781869888305664
22-10-2004,14.4399995803833,14.539999961853027,77500,14.539999961853027,14.5,4.781869888305664
25-10-2004,14.4399995803833,14.470000267028809,38400,14.5,14.5,4.781869888305664
26-10-2004,14.430000305175781,14.5,62100,14.520000457763672,14.5,4.781869888305664
27-10-2004,14.430000305175781,14.529999732971191,36800,14.529999732971191,14.430000305175781,4.758784770965576
28-10-2004,14.399999618530273,14.460000038146973,41300,14.470000267028809,14.4399995803833,4.762082099914551
29-10-2004,14.430000305175781,14.4399995803833,34500,14.479999542236328,14.449999809265137,4.765380382537842
01-11-2004,14.420000076293945,14.520000457763672,95100,14.729999542236328,14.5600004196167,4.8016557693481445
02-11-2004,14.460000038146973,14.460000038146973,75600,14.59000015258789,14.529999732971191,4.7917633056640625
03-11-2004,14.520000457763672,14.550000190734863,49500,14.65999984741211,14.640000343322754,4.828038692474365
04-11-2004,14.630000114440918,14.680000305175781,87600,14.75,14.630000114440918,4.824739456176758
05-11-2004,14.420000076293945,14.630000114440918,59200,14.630000114440918,14.420000076293945,4.755483150482178
08-11-2004,14.029999732971191,14.4399995803833,40500,14.489999771118164,14.109999656677246,4.65325403213501
09-11-2004,14.100000381469727,14.199999809265137,87500,14.25,14.199999809265137,4.682932376861572
10-11-2004,14.0600004196167,14.210000038146973,80400,14.210000038146973,14.149999618530273,4.756892681121826
11-11-2004,14.109999656677246,14.130000114440918,61600,14.300000190734863,14.260000228881836,4.793870449066162
12-11-2004,14.239999771118164,14.239999771118164,30700,14.380000114440918,14.380000114440918,4.8342132568359375
15-11-2004,14.260000228881836,14.40999984741211,48900,14.420000076293945,14.420000076293945,4.847658157348633
16-11-2004,14.380000114440918,14.520000457763672,48100,14.520000457763672,14.420000076293945,4.847658157348633
17-11-2004,14.40999984741211,14.479999542236328,57600,14.539999961853027,14.479999542236328,4.867830276489258
18-11-2004,14.449999809265137,14.520000457763672,22700,14.529999732971191,14.479999542236328,4.867830276489258
19-11-2004,14.380000114440918,14.539999961853027,38100,14.550000190734863,14.399999618530273,4.84093713760376
22-11-2004,14.369999885559082,14.369999885559082,80000,14.489999771118164,14.479999542236328,4.867830276489258
23-11-2004,14.449999809265137,14.520000457763672,53500,14.539999961853027,14.489999771118164,4.871191501617432
24-11-2004,14.479999542236328,14.529999732971191,35400,14.539999961853027,14.510000228881836,4.8779168128967285
26-11-2004,14.520000457763672,14.539999961853027,19600,14.59000015258789,14.550000190734863,4.891364574432373
29-11-2004,14.489999771118164,14.569999694824219,46700,14.579999923706055,14.579999923706055,4.901449680328369
30-11-2004,14.449999809265137,14.640000343322754,55500,14.640000343322754,14.460000038146973,4.861105442047119
01-12-2004,14.460000038146973,14.460000038146973,93900,14.649999618530273,14.649999618530273,4.924981594085693
02-12-2004,14.449999809265137,14.649999618530273,76900,14.649999618530273,14.449999809265137,4.857745170593262
03-12-2004,14.489999771118164,14.489999771118164,40800,14.649999618530273,14.569999694824219,4.898087978363037
06-12-2004,14.5600004196167,14.600000381469727,40800,14.65999984741211,14.640000343322754,4.9216156005859375
07-12-2004,14.600000381469727,14.6899995803833,38800,14.6899995803833,14.65999984741211,4.928341388702393
08-12-2004,14.640000343322754,14.710000038146973,43900,14.75,14.6899995803833,4.9384284019470215
09-12-2004,14.510000228881836,14.510000228881836,34800,14.600000381469727,14.539999961853027,4.948981761932373
10-12-2004,14.600000381469727,14.619999885559082,51300,14.699999809265137,14.670000076293945,4.993227005004883
13-12-2004,14.529999732971191,14.6899995803833,64800,14.699999809265137,14.640000343322754,4.983012676239014
14-12-2004,14.510000228881836,14.649999618530273,93600,14.65999984741211,14.640000343322754,4.983012676239014
15-12-2004,14.600000381469727,14.609999656677246,58600,14.699999809265137,14.640000343322754,4.983012676239014
16-12-2004,14.609999656677246,14.680000305175781,70200,14.699999809265137,14.670000076293945,4.993227005004883
17-12-2004,14.579999923706055,14.670000076293945,70000,14.670000076293945,14.649999618530273,4.986420631408691
20-12-2004,14.569999694824219,14.6899995803833,93200,14.710000038146973,14.59000015258789,4.965997695922852
21-12-2004,14.5,14.5600004196167,57100,14.609999656677246,14.510000228881836,4.93876838684082
22-12-2004,14.329999923706055,14.510000228881836,90400,14.550000190734863,14.329999923706055,4.877501964569092
23-12-2004,14.289999961853027,14.420000076293945,86500,14.420000076293945,14.359999656677246,4.887711048126221
27-12-2004,14.119999885559082,14.319999694824219,153600,14.34000015258789,14.180000305175781,4.826447010040283
28-12-2004,14.119999885559082,14.239999771118164,67900,14.239999771118164,14.119999885559082,4.806023120880127
29-12-2004,14.0,14.100000381469727,130700,14.100000381469727,14.010000228881836,4.768582820892334
30-12-2004,13.970000267028809,14.0,106800,14.09000015258789,14.069999694824219,4.789005756378174
31-12-2004,13.960000038146973,14.079999923706055,118100,14.199999809265137,14.149999618530273,4.8162360191345215
03-01-2005,14.119999885559082,14.149999618530273,97500,14.350000381469727,14.350000381469727,4.884308338165283
04-01-2005,14.289999961853027,14.34000015258789,53000,14.390000343322754,14.350000381469727,4.884308338165283
05-01-2005,14.229999542236328,14.449999809265137,77500,14.449999809265137,14.359999656677246,4.887711048126221
06-01-2005,14.350000381469727,14.369999885559082,16300,14.390000343322754,14.369999885559082,4.891117572784424
07-01-2005,14.369999885559082,14.40999984741211,47600,14.479999542236328,14.430000305175781,4.911539554595947
10-01-2005,14.40999984741211,14.479999542236328,28700,14.479999542236328,14.430000305175781,4.911539554595947
11-01-2005,14.430000305175781,14.470000267028809,34300,14.489999771118164,14.489999771118164,4.93195915222168
12-01-2005,14.479999542236328,14.489999771118164,69800,14.569999694824219,14.520000457763672,4.942172527313232
13-01-2005,14.489999771118164,14.5,70200,14.5600004196167,14.489999771118164,4.9627203941345215
14-01-2005,14.449999809265137,14.529999732971191,31100,14.5600004196167,14.5,4.966146469116211
18-01-2005,14.489999771118164,14.5,27000,14.550000190734863,14.5,4.966146469116211
19-01-2005,14.569999694824219,14.569999694824219,42100,14.619999885559082,14.619999885559082,5.007244110107422
20-01-2005,14.539999961853027,14.600000381469727,48600,14.619999885559082,14.619999885559082,5.007244110107422
21-01-2005,14.569999694824219,14.619999885559082,52100,14.630000114440918,14.619999885559082,5.007244110107422
24-01-2005,14.579999923706055,14.630000114440918,29000,14.739999771118164,14.739999771118164,5.048345565795898
25-01-2005,14.65999984741211,14.739999771118164,75900,14.800000190734863,14.680000305175781,5.027792453765869
26-01-2005,14.5600004196167,14.670000076293945,68900,14.729999542236328,14.619999885559082,5.007244110107422
27-01-2005,14.59000015258789,14.670000076293945,61500,14.680000305175781,14.649999618530273,5.017521381378174
28-01-2005,14.619999885559082,14.619999885559082,67300,14.75,14.75,5.051771640777588
31-01-2005,14.720000267028809,14.770000457763672,54000,14.850000381469727,14.850000381469727,5.0860161781311035
01-02-2005,14.819999694824219,14.819999694824219,79100,15.029999732971191,14.920000076293945,5.109994411468506
02-02-2005,14.850000381469727,14.970000267028809,111900,15.029999732971191,14.930000305175781,5.113422393798828
03-02-2005,14.890000343322754,14.890000343322754,99100,15.149999618530273,15.010000228881836,5.140817642211914
04-02-2005,15.020000457763672,15.09000015258789,73100,15.1899995803833,15.09000015258789,5.168217182159424
07-02-2005,15.010000228881836,15.050000190734863,45000,15.09000015258789,15.039999961853027,5.151089191436768
08-02-2005,15.010000228881836,15.010000228881836,75700,15.130000114440918,15.050000190734863,5.1545186042785645
09-02-2005,15.029999732971191,15.0600004196167,71500,15.109999656677246,15.09000015258789,5.168217182159424
10-02-2005,15.039999961853027,15.0600004196167,60200,15.140000343322754,15.119999885559082,5.178490161895752
11-02-2005,14.859999656677246,15.050000190734863,67100,15.0600004196167,14.890000343322754,5.1302571296691895
14-02-2005,14.890000343322754,14.9399995803833,97300,14.970000267028809,14.970000267028809,5.157820224761963
15-02-2005,14.899999618530273,14.920000076293945,63900,14.989999771118164,14.920000076293945,5.140591621398926
16-02-2005,14.899999618530273,14.979999542236328,72900,15.010000228881836,14.970000267028809,5.157820224761963
17-02-2005,14.869999885559082,15.0,50000,15.0,14.9399995803833,5.147479057312012
18-02-2005,14.510000228881836,14.9399995803833,141900,14.9399995803833,14.520000457763672,5.002773761749268
22-02-2005,14.479999542236328,14.550000190734863,86600,14.6899995803833,14.619999885559082,5.037229061126709
23-02-2005,14.579999923706055,14.630000114440918,70100,14.789999961853027,14.640000343322754,5.044118881225586
24-02-2005,14.529999732971191,14.59000015258789,93300,14.699999809265137,14.550000190734863,5.013110637664795
25-02-2005,14.510000228881836,14.550000190734863,70500,14.609999656677246,14.579999923706055,5.023446559906006
28-02-2005,14.550000190734863,14.619999885559082,64900,14.649999618530273,14.600000381469727,5.030335426330566
01-03-2005,14.569999694824219,14.600000381469727,56400,14.770000457763672,14.75,5.0820183753967285
02-03-2005,14.75,14.75,59300,14.829999923706055,14.800000190734863,5.099247932434082
03-03-2005,14.779999732971191,14.8100004196167,72000,14.920000076293945,14.90999984741211,5.13714599609375
04-03-2005,14.920000076293945,14.9399995803833,39700,15.0,14.989999771118164,5.1647138595581055
07-03-2005,14.930000305175781,14.960000038146973,58900,15.010000228881836,14.970000267028809,5.157820224761963
08-03-2005,14.960000038146973,14.970000267028809,69900,15.029999732971191,15.029999732971191,5.178491115570068
09-03-2005,14.859999656677246,14.970000267028809,94900,15.029999732971191,14.920000076293945,5.140591621398926
10-03-2005,14.84000015258789,14.899999618530273,56200,14.960000038146973,14.960000038146973,5.154375076293945
11-03-2005,14.75,14.829999923706055,56000,14.90999984741211,14.800000190734863,5.130110263824463
14-03-2005,14.609999656677246,14.779999732971191,37300,14.779999732971191,14.619999885559082,5.067716598510742
15-03-2005,14.600000381469727,14.699999809265137,53300,14.8100004196167,14.65999984741211,5.0815815925598145
16-03-2005,14.609999656677246,14.649999618530273,43500,14.770000457763672,14.75,5.1127777099609375
17-03-2005,14.720000267028809,14.770000457763672,42200,14.819999694824219,14.789999961853027,5.126642227172852
18-03-2005,14.619999885559082,14.789999961853027,35600,14.789999961853027,14.6899995803833,5.091980934143066
21-03-2005,14.5,14.699999809265137,31400,14.729999542236328,14.609999656677246,5.0642499923706055
22-03-2005,14.550000190734863,14.609999656677246,54800,14.680000305175781,14.600000381469727,5.0607829093933105
23-03-2005,14.109999656677246,14.600000381469727,95900,14.600000381469727,14.119999885559082,4.8944010734558105
24-03-2005,14.09000015258789,14.199999809265137,53000,14.350000381469727,14.199999809265137,4.922133445739746
28-03-2005,13.90999984741211,14.25,97600,14.25,13.90999984741211,4.821608066558838
29-03-2005,13.989999771118164,14.0,46300,14.130000114440918,14.0,4.852808475494385
30-03-2005,14.0,14.0,36000,14.149999618530273,14.140000343322754,4.901335716247559
31-03-2005,14.180000305175781,14.199999809265137,34800,14.319999694824219,14.229999542236328,4.932528018951416
01-04-2005,14.300000190734863,14.300000190734863,78900,14.699999809265137,14.479999542236328,5.019187927246094
04-04-2005,14.5,14.569999694824219,15100,14.630000114440918,14.529999732971191,5.036518573760986
05-04-2005,14.430000305175781,14.550000190734863,48100,14.680000305175781,14.430000305175781,5.001857757568359
06-04-2005,14.260000228881836,14.430000305175781,71200,14.449999809265137,14.350000381469727,4.974124431610107
07-04-2005,14.210000038146973,14.300000190734863,39300,14.34000015258789,14.210000038146973,4.925599098205566
08-04-2005,13.979999542236328,14.119999885559082,87400,14.180000305175781,13.989999771118164,4.84934139251709
11-04-2005,13.930000305175781,13.949999809265137,50900,14.029999732971191,14.020000457763672,4.859740734100342
12-04-2005,13.970000267028809,14.069999694824219,52500,14.109999656677246,14.109999656677246,4.890935897827148
13-04-2005,13.920000076293945,14.029999732971191,36900,14.069999694824219,13.949999809265137,4.8630475997924805
14-04-2005,13.989999771118164,13.989999771118164,61400,14.119999885559082,14.109999656677246,4.918821811676025
15-04-2005,13.979999542236328,14.109999656677246,23500,14.109999656677246,13.989999771118164,4.876989364624023
18-04-2005,14.0,14.0,37500,14.09000015258789,14.050000190734863,4.897907733917236
19-04-2005,14.050000190734863,14.0600004196167,46100,14.170000076293945,14.0600004196167,4.901393890380859
20-04-2005,13.979999542236328,14.0,29300,14.09000015258789,14.050000190734863,4.897907733917236
21-04-2005,13.930000305175781,14.050000190734863,43100,14.050000190734863,14.0,4.8804755210876465
22-04-2005,13.979999542236328,14.020000457763672,42800,14.109999656677246,14.069999694824219,4.904880046844482
25-04-2005,14.010000228881836,14.010000228881836,30900,14.130000114440918,14.100000381469727,4.9153361320495605
26-04-2005,14.09000015258789,14.109999656677246,28800,14.180000305175781,14.130000114440918,4.925795555114746
27-04-2005,14.119999885559082,14.119999885559082,32000,14.25,14.210000038146973,4.953685760498047
28-04-2005,14.210000038146973,14.25,54000,14.350000381469727,14.319999694824219,4.992032051086426
29-04-2005,14.229999542236328,14.279999732971191,52400,14.350000381469727,14.289999961853027,4.9815754890441895
02-05-2005,14.319999694824219,14.350000381469727,40700,14.390000343322754,14.359999656677246,5.005973815917969
03-05-2005,14.319999694824219,14.390000343322754,28600,14.420000076293945,14.40999984741211,5.023402690887451
04-05-2005,14.399999618530273,14.420000076293945,40000,14.460000038146973,14.460000038146973,5.040835380554199
05-05-2005,14.449999809265137,14.449999809265137,33600,14.5600004196167,14.539999961853027,5.0687255859375
06-05-2005,14.359999656677246,14.5,36400,14.5,14.369999885559082,5.009458541870117
09-05-2005,14.270000457763672,14.390000343322754,51500,14.390000343322754,14.300000190734863,4.985060214996338
10-05-2005,14.279999732971191,14.329999923706055,43500,14.399999618530273,14.399999618530273,5.019920349121094
11-05-2005,14.300000190734863,14.350000381469727,29100,14.369999885559082,14.3100004196167,5.016415596008301
12-05-2005,14.25,14.300000190734863,51400,14.380000114440918,14.350000381469727,5.0304365158081055
13-05-2005,14.239999771118164,14.239999771118164,53100,14.399999618530273,14.34000015258789,5.0269317626953125
16-05-2005,14.300000190734863,14.359999656677246,29500,14.449999809265137,14.449999809265137,5.06549072265625
17-05-2005,14.449999809265137,14.479999542236328,39300,14.539999961853027,14.520000457763672,5.090027332305908
18-05-2005,14.5,14.5,40300,14.600000381469727,14.550000190734863,5.100548267364502
19-05-2005,14.520000457763672,14.520000457763672,31800,14.600000381469727,14.600000381469727,5.118074417114258
20-05-2005,14.520000457763672,14.619999885559082,24600,14.640000343322754,14.609999656677246,5.121582508087158
23-05-2005,14.550000190734863,14.619999885559082,21700,14.720000267028809,14.6899995803833,5.149624347686768
24-05-2005,14.649999618530273,14.680000305175781,41300,14.75,14.65999984741211,5.139105796813965
25-05-2005,14.569999694824219,14.680000305175781,41100,14.710000038146973,14.569999694824219,5.107555866241455
26-05-2005,14.520000457763672,14.579999923706055,26000,14.630000114440918,14.579999923706055,5.1110615730285645
27-05-2005,14.550000190734863,14.579999923706055,28700,14.760000228881836,14.760000228881836,5.174163341522217
31-05-2005,14.720000267028809,14.859999656677246,27600,14.880000114440918,14.720000267028809,5.160142421722412
01-06-2005,14.739999771118164,14.739999771118164,36100,14.899999618530273,14.880000114440918,5.216231346130371
02-06-2005,14.800000190734863,14.899999618530273,80600,14.949999809265137,14.800000190734863,5.1881842613220215
03-06-2005,14.6899995803833,14.770000457763672,62800,14.859999656677246,14.760000228881836,5.174163341522217
06-06-2005,14.75,14.779999732971191,30500,14.8100004196167,14.75,5.17065954208374
07-06-2005,14.59000015258789,14.760000228881836,88700,14.800000190734863,14.640000343322754,5.13209867477417
08-06-2005,14.619999885559082,14.640000343322754,47900,14.710000038146973,14.65999984741211,5.139105796813965
09-06-2005,14.600000381469727,14.600000381469727,32900,14.699999809265137,14.6899995803833,5.149624347686768
10-06-2005,14.649999618530273,14.680000305175781,41800,14.760000228881836,14.710000038146973,5.15663480758667
13-06-2005,14.609999656677246,14.630000114440918,36200,14.720000267028809,14.6899995803833,5.177781105041504
14-06-2005,14.460000038146973,14.65999984741211,52300,14.710000038146973,14.539999961853027,5.124913215637207
15-06-2005,14.5,14.5,27000,14.680000305175781,14.649999618530273,5.163683891296387
16-06-2005,14.529999732971191,14.600000381469727,38200,14.670000076293945,14.539999961853027,5.124913215637207
17-06-2005,14.529999732971191,14.569999694824219,21400,14.619999885559082,14.569999694824219,5.1354851722717285
20-06-2005,14.520000457763672,14.529999732971191,24100,14.649999618530273,14.600000381469727,5.146061420440674
21-06-2005,14.5600004196167,14.5600004196167,37600,14.710000038146973,14.640000343322754,5.160162448883057
22-06-2005,14.649999618530273,14.649999618530273,49300,14.800000190734863,14.800000190734863,5.216553688049316
23-06-2005,14.770000457763672,14.850000381469727,53800,14.850000381469727,14.779999732971191,5.209506988525391
24-06-2005,14.720000267028809,14.75,11800,14.829999923706055,14.800000190734863,5.216553688049316
27-06-2005,14.699999809265137,14.819999694824219,46700,14.829999923706055,14.729999542236328,5.191880226135254
28-06-2005,14.670000076293945,14.670000076293945,54500,14.8100004196167,14.75,5.198931694030762
29-06-2005,14.710000038146973,14.789999961853027,30800,14.850000381469727,14.789999961853027,5.21303129196167
30-06-2005,14.819999694824219,14.850000381469727,35700,14.899999618530273,14.890000343322754,5.2482781410217285
01-07-2005,14.779999732971191,14.84000015258789,32100,14.899999618530273,14.899999618530273,5.251801490783691
05-07-2005,14.890000343322754,14.890000343322754,61500,15.0,14.979999542236328,5.28000020980835
06-07-2005,14.949999809265137,14.989999771118164,39700,15.0,14.979999542236328,5.28000020980835
07-07-2005,14.9399995803833,14.989999771118164,33600,15.029999732971191,14.979999542236328,5.28000020980835
08-07-2005,14.899999618530273,15.0,52600,15.079999923706055,14.970000267028809,5.276477336883545
11-07-2005,14.819999694824219,14.979999542236328,54100,15.050000190734863,15.020000457763672,5.294097900390625
12-07-2005,15.0,15.0,45900,15.079999923706055,15.069999694824219,5.311723232269287
13-07-2005,14.90999984741211,15.029999732971191,20400,15.029999732971191,14.930000305175781,5.290462017059326
14-07-2005,14.789999961853027,14.869999885559082,67300,15.0,14.869999885559082,5.269199848175049
15-07-2005,14.84000015258789,14.850000381469727,67400,15.029999732971191,14.979999542236328,5.308178901672363
18-07-2005,14.949999809265137,14.989999771118164,79500,15.100000381469727,15.100000381469727,5.350700378417969
19-07-2005,14.979999542236328,15.09000015258789,108000,15.149999618530273,15.100000381469727,5.350700378417969
20-07-2005,15.0600004196167,15.069999694824219,58400,15.149999618530273,15.149999618530273,5.368415355682373
21-07-2005,15.050000190734863,15.1899995803833,141200,15.350000381469727,15.050000190734863,5.332986354827881
22-07-2005,14.960000038146973,15.050000190734863,59900,15.119999885559082,15.0600004196167,5.336529731750488
25-07-2005,15.010000228881836,15.0600004196167,24300,15.119999885559082,15.109999656677246,5.35424280166626
26-07-2005,15.069999694824219,15.069999694824219,60200,15.180000305175781,15.140000343322754,5.364874362945557
27-07-2005,15.029999732971191,15.130000114440918,40800,15.149999618530273,15.069999694824219,5.3400702476501465
28-07-2005,14.920000076293945,15.029999732971191,44500,15.09000015258789,15.069999694824219,5.3400702476501465
29-07-2005,15.069999694824219,15.130000114440918,30500,15.140000343322754,15.079999923706055,5.343609809875488
01-08-2005,15.050000190734863,15.119999885559082,68000,15.149999618530273,15.130000114440918,5.361332893371582
02-08-2005,15.069999694824219,15.079999923706055,70400,15.130000114440918,15.09000015258789,5.34715461730957
03-08-2005,15.119999885559082,15.140000343322754,44800,15.270000457763672,15.239999771118164,5.40031099319458
04-08-2005,15.220000267028809,15.270000457763672,35700,15.399999618530273,15.25,5.403852939605713
05-08-2005,15.050000190734863,15.210000038146973,30900,15.289999961853027,15.050000190734863,5.332986354827881
08-08-2005,15.050000190734863,15.09000015258789,30900,15.100000381469727,15.09000015258789,5.34715461730957
09-08-2005,15.079999923706055,15.09000015258789,53000,15.170000076293945,15.149999618530273,5.368415355682373
10-08-2005,15.069999694824219,15.149999618530273,58000,15.199999809265137,15.180000305175781,5.3790483474731445
11-08-2005,15.0,15.079999923706055,69100,15.149999618530273,15.119999885559082,5.386175155639648
12-08-2005,15.020000457763672,15.100000381469727,20600,15.15999984741211,15.039999961853027,5.357675552368164
15-08-2005,15.0,15.020000457763672,23900,15.050000190734863,15.0,5.34342622756958
16-08-2005,14.979999542236328,15.010000228881836,22800,15.130000114440918,15.130000114440918,5.389735221862793
17-08-2005,14.989999771118164,15.130000114440918,49000,15.140000343322754,14.989999771118164,5.339863300323486
18-08-2005,14.960000038146973,15.0,50300,15.050000190734863,14.960000038146973,5.3291754722595215
19-08-2005,14.970000267028809,14.979999542236328,38300,15.039999961853027,15.0,5.34342622756958
22-08-2005,14.970000267028809,14.970000267028809,52300,15.119999885559082,15.039999961853027,5.357675552368164
23-08-2005,14.989999771118164,15.0,42400,15.100000381469727,15.020000457763672,5.350551605224609
24-08-2005,15.020000457763672,15.050000190734863,42600,15.149999618530273,15.149999618530273,5.396860122680664
25-08-2005,15.0,15.050000190734863,88400,15.119999885559082,15.0,5.34342622756958
26-08-2005,14.970000267028809,15.0,72900,15.050000190734863,15.020000457763672,5.350551605224609
29-08-2005,15.039999961853027,15.039999961853027,43300,15.199999809265137,15.170000076293945,5.403984546661377
30-08-2005,15.119999885559082,15.130000114440918,40000,15.210000038146973,15.180000305175781,5.407550811767578
31-08-2005,15.180000305175781,15.220000267028809,32700,15.289999961853027,15.25,5.432482719421387
01-09-2005,15.199999809265137,15.25,66400,15.270000457763672,15.239999771118164,5.428919792175293
02-09-2005,15.199999809265137,15.220000267028809,33800,15.270000457763672,15.239999771118164,5.428919792175293
06-09-2005,15.199999809265137,15.260000228881836,48700,15.260000228881836,15.220000267028809,5.421796798706055
07-09-2005,15.199999809265137,15.210000038146973,51500,15.390000343322754,15.199999809265137,5.414670467376709
08-09-2005,15.1899995803833,15.1899995803833,34700,15.300000190734863,15.289999961853027,5.446735382080078
09-09-2005,15.229999542236328,15.25,56700,15.329999923706055,15.25,5.432482719421387
12-09-2005,15.25,15.300000190734863,48300,15.34000015258789,15.300000190734863,5.450295448303223
13-09-2005,15.199999809265137,15.260000228881836,47800,15.300000190734863,15.199999809265137,5.443134307861328
14-09-2005,14.979999542236328,15.130000114440918,58000,15.180000305175781,15.020000457763672,5.3786749839782715
15-09-2005,15.039999961853027,15.039999961853027,37000,15.1899995803833,15.050000190734863,5.389416217803955
16-09-2005,14.970000267028809,15.050000190734863,35500,15.100000381469727,14.970000267028809,5.3607683181762695
19-09-2005,14.899999618530273,14.989999771118164,26700,14.989999771118164,14.930000305175781,5.3464460372924805
20-09-2005,14.9399995803833,14.989999771118164,52300,15.050000190734863,14.970000267028809,5.3607683181762695
21-09-2005,14.890000343322754,14.90999984741211,34800,15.0,15.0,5.371513366699219
22-09-2005,14.460000038146973,14.989999771118164,92600,15.0,14.649999618530273,5.246178150177002
23-09-2005,14.520000457763672,14.630000114440918,31500,14.649999618530273,14.520000457763672,5.1996259689331055
26-09-2005,14.279999732971191,14.569999694824219,74100,14.569999694824219,14.520000457763672,5.1996259689331055
27-09-2005,14.399999618530273,14.420000076293945,42500,14.649999618530273,14.569999694824219,5.217528343200684
28-09-2005,14.510000228881836,14.510000228881836,48300,14.75,14.729999542236328,5.274825572967529
29-09-2005,14.619999885559082,14.649999618530273,23800,14.729999542236328,14.630000114440918,5.239012718200684
30-09-2005,14.65999984741211,14.75,49600,14.770000457763672,14.680000305175781,5.256917476654053
03-10-2005,14.600000381469727,14.75,41100,14.789999961853027,14.770000457763672,5.289144992828369
04-10-2005,14.720000267028809,14.720000267028809,15400,14.819999694824219,14.739999771118164,5.278404235839844
05-10-2005,14.699999809265137,14.760000228881836,35500,14.819999694824219,14.75,5.28198766708374
06-10-2005,14.569999694824219,14.710000038146973,47700,14.770000457763672,14.579999923706055,5.221109390258789
07-10-2005,14.600000381469727,14.600000381469727,41900,14.699999809265137,14.649999618530273,5.246178150177002
10-10-2005,14.520000457763672,14.550000190734863,53700,14.640000343322754,14.550000190734863,5.2103657722473145
11-10-2005,14.520000457763672,14.520000457763672,31100,14.619999885559082,14.550000190734863,5.2103657722473145
12-10-2005,14.529999732971191,14.550000190734863,35900,14.609999656677246,14.600000381469727,5.228271484375
13-10-2005,14.3100004196167,14.550000190734863,33700,14.59000015258789,14.420000076293945,5.192263126373291
14-10-2005,14.069999694824219,14.449999809265137,70000,14.520000457763672,14.199999809265137,5.113047122955322
17-10-2005,14.100000381469727,14.119999885559082,45700,14.300000190734863,14.270000457763672,5.138250350952148
18-10-2005,14.180000305175781,14.319999694824219,40700,14.359999656677246,14.279999732971191,5.141855239868164
19-10-2005,14.1899995803833,14.300000190734863,30800,14.399999618530273,14.25,5.131050109863281
20-10-2005,13.949999809265137,14.210000038146973,68500,14.25,14.010000228881836,5.044633865356445
21-10-2005,14.010000228881836,14.010000228881836,32200,14.420000076293945,14.420000076293945,5.192263126373291
24-10-2005,14.270000457763672,14.489999771118164,25900,14.5,14.369999885559082,5.174260139465332
25-10-2005,14.270000457763672,14.270000457763672,24900,14.489999771118164,14.430000305175781,5.195866584777832
26-10-2005,14.279999732971191,14.329999923706055,23900,14.40999984741211,14.279999732971191,5.141855239868164
27-10-2005,14.15999984741211,14.329999923706055,27500,14.329999923706055,14.220000267028809,5.120251178741455
28-10-2005,14.15999984741211,14.220000267028809,34600,14.300000190734863,14.300000190734863,5.149056434631348
31-10-2005,14.329999923706055,14.399999618530273,45900,14.479999542236328,14.380000114440918,5.177863597869873
01-11-2005,14.329999923706055,14.380000114440918,44700,14.4399995803833,14.390000343322754,5.181459426879883
02-11-2005,14.359999656677246,14.380000114440918,37400,14.460000038146973,14.390000343322754,5.181459426879883
03-11-2005,14.359999656677246,14.399999618530273,47100,14.539999961853027,14.359999656677246,5.170661926269531
04-11-2005,14.3100004196167,14.3100004196167,24600,14.550000190734863,14.420000076293945,5.192263126373291
07-11-2005,14.329999923706055,14.420000076293945,29000,14.529999732971191,14.479999542236328,5.213868618011475
08-11-2005,14.350000381469727,14.479999542236328,60300,14.5,14.399999618530273,5.185060501098633
09-11-2005,14.25,14.470000267028809,42000,14.5,14.25,5.131050109863281
10-11-2005,14.100000381469727,14.199999809265137,36200,14.199999809265137,14.109999656677246,5.1093268394470215
11-11-2005,13.949999809265137,14.100000381469727,73700,14.180000305175781,13.970000267028809,5.05863094329834
14-11-2005,13.770000457763672,13.979999542236328,102500,14.09000015258789,13.949999809265137,5.051387310028076
15-11-2005,13.899999618530273,13.899999618530273,35600,14.050000190734863,14.010000228881836,5.07311487197876
16-11-2005,14.020000457763672,14.050000190734863,70200,14.109999656677246,14.039999961853027,5.083977699279785
17-11-2005,14.0,14.010000228881836,30300,14.0600004196167,14.050000190734863,5.087600231170654
18-11-2005,13.960000038146973,14.0,51300,14.100000381469727,14.029999732971191,5.08035945892334
21-11-2005,13.979999542236328,14.0,62200,14.100000381469727,14.010000228881836,5.07311487197876
22-11-2005,13.930000305175781,13.9399995803833,48300,14.039999961853027,14.020000457763672,5.076737880706787
23-11-2005,13.90999984741211,14.0,82800,14.109999656677246,13.960000038146973,5.055008411407471
25-11-2005,13.920000076293945,14.0,13700,14.029999732971191,13.949999809265137,5.051387310028076
28-11-2005,13.949999809265137,13.949999809265137,33600,14.029999732971191,13.949999809265137,5.051387310028076
29-11-2005,13.930000305175781,13.930000305175781,69900,14.0600004196167,14.020000457763672,5.076737880706787
30-11-2005,13.979999542236328,13.979999542236328,53500,14.079999923706055,14.050000190734863,5.087600231170654
01-12-2005,14.0,14.100000381469727,56700,14.109999656677246,14.09000015258789,5.102082252502441
02-12-2005,13.979999542236328,14.09000015258789,60500,14.09000015258789,13.989999771118164,5.065873622894287
05-12-2005,13.949999809265137,13.979999542236328,39400,13.989999771118164,13.960000038146973,5.055008411407471
06-12-2005,13.899999618530273,13.9399995803833,77700,14.100000381469727,14.100000381469727,5.105705261230469
07-12-2005,13.930000305175781,14.050000190734863,96700,14.0600004196167,13.970000267028809,5.05863094329834
08-12-2005,13.65999984741211,13.880000114440918,92300,13.899999618530273,13.720000267028809,4.993124961853027
09-12-2005,13.369999885559082,13.600000381469727,135500,13.600000381469727,13.420000076293945,4.883944034576416
12-12-2005,13.350000381469727,13.399999618530273,88900,13.489999771118164,13.470000267028809,4.902143478393555
13-12-2005,13.210000038146973,13.4399995803833,132900,13.4399995803833,13.270000457763672,4.8293538093566895
14-12-2005,13.220000267028809,13.300000190734863,148500,13.359999656677246,13.260000228881836,4.825715065002441
15-12-2005,13.220000267028809,13.239999771118164,162100,13.399999618530273,13.279999732971191,4.832993507385254
16-12-2005,13.140000343322754,13.220000267028809,140400,13.300000190734863,13.180000305175781,4.796599388122559
19-12-2005,13.100000381469727,13.239999771118164,135300,13.25,13.109999656677246,4.771125793457031
20-12-2005,12.899999618530273,13.09000015258789,234800,13.100000381469727,12.989999771118164,4.727452278137207
21-12-2005,12.90999984741211,12.920000076293945,264300,13.079999923706055,12.949999809265137,4.71289587020874
22-12-2005,12.920000076293945,12.960000038146973,138100,13.0,12.989999771118164,4.727452278137207
23-12-2005,12.949999809265137,12.949999809265137,147100,13.09000015258789,13.069999694824219,4.756570339202881
27-12-2005,13.010000228881836,13.09000015258789,204600,13.199999809265137,13.020000457763672,4.738372802734375
28-12-2005,13.029999732971191,13.029999732971191,188600,13.300000190734863,13.1899995803833,4.8002400398254395
29-12-2005,13.119999885559082,13.25,210200,13.300000190734863,13.180000305175781,4.796599388122559
30-12-2005,13.170000076293945,13.170000076293945,225800,13.270000457763672,13.270000457763672,4.8293538093566895
03-01-2006,13.279999732971191,13.319999694824219,78400,13.449999809265137,13.399999618530273,4.876663684844971
04-01-2006,13.380000114440918,13.390000343322754,135300,13.619999885559082,13.609999656677246,4.9530930519104
05-01-2006,13.529999732971191,13.630000114440918,72500,13.630000114440918,13.5600004196167,4.934892654418945
06-01-2006,13.550000190734863,13.59000015258789,45100,13.619999885559082,13.579999923706055,4.942174434661865
09-01-2006,13.579999923706055,13.59000015258789,52300,13.6899995803833,13.680000305175781,4.978562831878662
10-01-2006,13.609999656677246,13.640000343322754,68200,13.710000038146973,13.699999809265137,4.985844135284424
11-01-2006,13.600000381469727,13.680000305175781,86300,13.699999809265137,13.670000076293945,4.974925518035889
12-01-2006,13.619999885559082,13.619999885559082,91700,13.75,13.75,5.004040241241455
13-01-2006,13.59000015258789,13.59000015258789,71200,13.760000228881836,13.729999542236328,5.022326469421387
17-01-2006,13.640000343322754,13.829999923706055,55000,13.829999923706055,13.779999732971191,5.040624618530273
18-01-2006,13.770000457763672,13.850000381469727,50600,13.850000381469727,13.850000381469727,5.066227912902832
19-01-2006,13.789999961853027,13.90999984741211,63800,13.960000038146973,13.899999618530273,5.0845160484313965
20-01-2006,13.90999984741211,13.90999984741211,70000,14.0,13.949999809265137,5.102803707122803
23-01-2006,13.920000076293945,13.920000076293945,79700,14.0600004196167,14.0,5.121094703674316
24-01-2006,13.960000038146973,14.050000190734863,32800,14.109999656677246,14.0,5.121094703674316
25-01-2006,14.0,14.0,59300,14.079999923706055,14.050000190734863,5.1393842697143555
26-01-2006,13.970000267028809,14.050000190734863,53600,14.109999656677246,14.029999732971191,5.1320695877075195
27-01-2006,14.0,14.050000190734863,38000,14.050000190734863,14.039999961853027,5.135727405548096
30-01-2006,14.010000228881836,14.119999885559082,64900,14.25,14.210000038146973,5.197913646697998
31-01-2006,14.100000381469727,14.260000228881836,52300,14.289999961853027,14.1899995803833,5.190596103668213
01-02-2006,14.100000381469727,14.15999984741211,58200,14.199999809265137,14.15999984741211,5.179618835449219
02-02-2006,13.829999923706055,14.1899995803833,92400,14.210000038146973,13.899999618530273,5.0845160484313965
03-02-2006,13.739999771118164,13.899999618530273,42400,13.899999618530273,13.850000381469727,5.066227912902832
06-02-2006,13.6899995803833,13.75,46300,13.829999923706055,13.699999809265137,5.011357307434082
07-02-2006,13.699999809265137,13.699999809265137,64000,13.880000114440918,13.770000457763672,5.036960601806641
08-02-2006,13.710000038146973,13.710000038146973,87900,13.869999885559082,13.859999656677246,5.069884777069092
09-02-2006,13.800000190734863,13.880000114440918,54200,13.90999984741211,13.850000381469727,5.066227912902832
10-02-2006,13.859999656677246,13.859999656677246,51500,13.960000038146973,13.949999809265137,5.102803707122803
13-02-2006,13.789999961853027,13.899999618530273,30500,13.949999809265137,13.800000190734863,5.071200847625732
14-02-2006,13.729999542236328,13.779999732971191,34200,13.880000114440918,13.729999542236328,5.045475959777832
15-02-2006,13.6899995803833,13.779999732971191,45600,13.850000381469727,13.710000038146973,5.038132667541504
16-02-2006,13.770000457763672,13.770000457763672,30300,13.930000305175781,13.800000190734863,5.071200847625732
17-02-2006,13.729999542236328,13.760000228881836,30500,13.850000381469727,13.84000015258789,5.085901737213135
21-02-2006,13.800000190734863,13.850000381469727,35300,13.880000114440918,13.859999656677246,5.093252182006836
22-02-2006,13.800000190734863,13.869999885559082,53700,13.899999618530273,13.890000343322754,5.104273319244385
23-02-2006,13.729999542236328,13.899999618530273,65800,13.899999618530273,13.770000457763672,5.060176372528076
24-02-2006,13.75,13.8100004196167,61400,13.850000381469727,13.84000015258789,5.085901737213135
27-02-2006,13.779999732971191,13.84000015258789,31700,13.859999656677246,13.800000190734863,5.071200847625732
28-02-2006,13.739999771118164,13.84000015258789,77000,13.869999885559082,13.760000228881836,5.056503772735596
01-03-2006,13.760000228881836,13.800000190734863,41200,13.84000015258789,13.770000457763672,5.060176372528076
02-03-2006,13.699999809265137,13.75,41800,13.800000190734863,13.770000457763672,5.060176372528076
03-03-2006,13.6899995803833,13.720000267028809,30700,13.760000228881836,13.720000267028809,5.041804313659668
06-03-2006,13.600000381469727,13.720000267028809,70600,13.720000267028809,13.680000305175781,5.027104377746582
07-03-2006,13.520000457763672,13.630000114440918,71800,13.630000114440918,13.529999732971191,4.971981048583984
08-03-2006,13.460000038146973,13.59000015258789,59000,13.619999885559082,13.460000038146973,4.946259498596191
09-03-2006,13.460000038146973,13.510000228881836,31600,13.5600004196167,13.489999771118164,4.957282066345215
10-03-2006,13.460000038146973,13.5,37400,13.550000190734863,13.460000038146973,4.946259498596191
13-03-2006,13.380000114440918,13.399999618530273,47400,13.510000228881836,13.390000343322754,4.944045543670654
14-03-2006,13.399999618530273,13.399999618530273,31400,13.550000190734863,13.550000190734863,5.003119945526123
15-03-2006,13.460000038146973,13.460000038146973,39400,13.569999694824219,13.529999732971191,4.995734691619873
16-03-2006,13.550000190734863,13.600000381469727,54600,13.670000076293945,13.65999984741211,5.043735504150391
17-03-2006,13.579999923706055,13.600000381469727,49400,13.6899995803833,13.649999618530273,5.040047645568848
20-03-2006,13.600000381469727,13.609999656677246,64100,13.720000267028809,13.720000267028809,5.065891742706299
21-03-2006,13.619999885559082,13.6899995803833,52300,13.789999961853027,13.640000343322754,5.03635311126709
22-03-2006,13.59000015258789,13.649999618530273,18100,13.710000038146973,13.670000076293945,5.047427177429199
23-03-2006,13.579999923706055,13.670000076293945,55100,13.6899995803833,13.609999656677246,5.025275707244873
24-03-2006,13.600000381469727,13.600000381469727,38900,13.670000076293945,13.649999618530273,5.040047645568848
27-03-2006,13.609999656677246,13.649999618530273,42800,13.6899995803833,13.65999984741211,5.043735504150391
28-03-2006,13.59000015258789,13.619999885559082,34700,13.680000305175781,13.619999885559082,5.0289692878723145
29-03-2006,13.569999694824219,13.59000015258789,72600,13.640000343322754,13.630000114440918,5.032660484313965
30-03-2006,13.550000190734863,13.579999923706055,49600,13.649999618530273,13.579999923706055,5.014199733734131
31-03-2006,13.550000190734863,13.579999923706055,38800,13.609999656677246,13.609999656677246,5.025275707244873
03-04-2006,13.5600004196167,13.609999656677246,32400,13.630000114440918,13.630000114440918,5.032660484313965
04-04-2006,13.579999923706055,13.59000015258789,52100,13.649999618530273,13.59000015258789,5.017892837524414
05-04-2006,13.520000457763672,13.59000015258789,28800,13.609999656677246,13.569999694824219,5.010505199432373
06-04-2006,13.430000305175781,13.520000457763672,55200,13.550000190734863,13.4399995803833,4.962505340576172
07-04-2006,13.399999618530273,13.430000305175781,42900,13.489999771118164,13.420000076293945,4.955118179321289
10-04-2006,13.40999984741211,13.4399995803833,67100,13.5,13.420000076293945,4.955118179321289
11-04-2006,13.359999656677246,13.399999618530273,50400,13.529999732971191,13.470000267028809,4.973582744598389
12-04-2006,13.420000076293945,13.420000076293945,29600,13.529999732971191,13.489999771118164,4.980965614318848
13-04-2006,13.359999656677246,13.420000076293945,43300,13.470000267028809,13.369999885559082,4.9601922035217285
17-04-2006,13.239999771118164,13.369999885559082,65700,13.470000267028809,13.270000457763672,4.923089981079102
18-04-2006,13.170000076293945,13.300000190734863,54900,13.380000114440918,13.319999694824219,4.9416422843933105
19-04-2006,13.199999809265137,13.289999961853027,57700,13.350000381469727,13.319999694824219,4.9416422843933105
20-04-2006,13.220000267028809,13.319999694824219,42900,13.470000267028809,13.229999542236328,4.908253192901611
21-04-2006,13.220000267028809,13.229999542236328,41000,13.329999923706055,13.220000267028809,4.904544353485107
24-04-2006,13.220000267028809,13.220000267028809,23700,13.3100004196167,13.25,4.915671348571777
25-04-2006,13.229999542236328,13.25,48900,13.350000381469727,13.229999542236328,4.908253192901611
26-04-2006,13.100000381469727,13.199999809265137,69700,13.300000190734863,13.229999542236328,4.908253192901611
27-04-2006,13.100000381469727,13.149999618530273,56700,13.229999542236328,13.199999809265137,4.897121906280518
28-04-2006,13.170000076293945,13.229999542236328,70200,13.300000190734863,13.220000267028809,4.904544353485107
01-05-2006,13.170000076293945,13.289999961853027,74400,13.329999923706055,13.25,4.915671348571777
02-05-2006,13.15999984741211,13.15999984741211,79700,13.3100004196167,13.3100004196167,4.937936305999756
03-05-2006,13.180000305175781,13.180000305175781,44300,13.300000190734863,13.229999542236328,4.908253192901611
04-05-2006,13.229999542236328,13.229999542236328,56900,13.289999961853027,13.229999542236328,4.908253192901611
05-05-2006,13.229999542236328,13.229999542236328,62900,13.300000190734863,13.279999732971191,4.926801681518555
08-05-2006,13.25,13.319999694824219,44400,13.329999923706055,13.319999694824219,4.9416422843933105
09-05-2006,13.229999542236328,13.300000190734863,64900,13.34000015258789,13.319999694824219,4.9416422843933105
10-05-2006,13.260000228881836,13.260000228881836,47400,13.420000076293945,13.420000076293945,4.978739261627197
11-05-2006,13.270000457763672,13.350000381469727,49900,13.399999618530273,13.34000015258789,4.949059963226318
12-05-2006,13.199999809265137,13.210000038146973,25900,13.289999961853027,13.199999809265137,4.920731544494629
15-05-2006,13.199999809265137,13.199999809265137,58500,13.34000015258789,13.270000457763672,4.946822643280029
16-05-2006,13.210000038146973,13.239999771118164,50300,13.3100004196167,13.260000228881836,4.94309663772583
17-05-2006,13.210000038146973,13.220000267028809,26900,13.270000457763672,13.210000038146973,4.924458980560303
18-05-2006,13.210000038146973,13.25,37000,13.319999694824219,13.279999732971191,4.950550079345703
19-05-2006,13.229999542236328,13.229999542236328,37400,13.329999923706055,13.260000228881836,4.94309663772583
22-05-2006,13.25,13.260000228881836,64300,13.350000381469727,13.329999923706055,4.969192028045654
23-05-2006,13.270000457763672,13.329999923706055,61700,13.430000305175781,13.300000190734863,4.958010196685791
24-05-2006,13.239999771118164,13.25,32700,13.319999694824219,13.319999694824219,4.965461730957031
25-05-2006,13.210000038146973,13.260000228881836,45100,13.289999961853027,13.279999732971191,4.950550079345703
26-05-2006,13.170000076293945,13.220000267028809,29200,13.289999961853027,13.289999961853027,4.954281806945801
30-05-2006,13.239999771118164,13.239999771118164,30600,13.420000076293945,13.369999885559082,4.98410177230835
31-05-2006,13.319999694824219,13.319999694824219,67700,13.539999961853027,13.539999961853027,5.047479629516602
01-06-2006,13.40999984741211,13.479999542236328,76700,13.600000381469727,13.550000190734863,5.051204681396484
02-06-2006,13.510000228881836,13.539999961853027,43600,13.59000015258789,13.520000457763672,5.040022850036621
05-06-2006,13.380000114440918,13.539999961853027,30000,13.579999923706055,13.380000114440918,4.987832069396973
06-06-2006,13.380000114440918,13.380000114440918,46500,13.5,13.460000038146973,5.0176544189453125
07-06-2006,13.420000076293945,13.420000076293945,35800,13.609999656677246,13.5,5.032565593719482
08-06-2006,13.380000114440918,13.399999618530273,29500,13.470000267028809,13.390000343322754,4.9915618896484375
09-06-2006,13.399999618530273,13.420000076293945,39200,13.5,13.449999809265137,5.013925552368164
12-06-2006,13.420000076293945,13.449999809265137,24200,13.470000267028809,13.460000038146973,5.0176544189453125
13-06-2006,13.319999694824219,13.430000305175781,44900,13.430000305175781,13.319999694824219,4.98918342590332
14-06-2006,13.260000228881836,13.300000190734863,33000,13.329999923706055,13.319999694824219,4.98918342590332
15-06-2006,13.25,13.25,23000,13.359999656677246,13.350000381469727,5.000425338745117
16-06-2006,13.270000457763672,13.270000457763672,20900,13.369999885559082,13.350000381469727,5.000425338745117
19-06-2006,13.289999961853027,13.399999618530273,35600,13.420000076293945,13.329999923706055,4.992929935455322
20-06-2006,13.25,13.300000190734863,29500,13.329999923706055,13.25,4.962965488433838
21-06-2006,13.220000267028809,13.220000267028809,41300,13.3100004196167,13.25,4.962965488433838
22-06-2006,13.170000076293945,13.170000076293945,29500,13.270000457763672,13.180000305175781,4.9367475509643555
23-06-2006,13.180000305175781,13.180000305175781,23800,13.239999771118164,13.210000038146973,4.947983264923096
26-06-2006,13.050000190734863,13.15999984741211,58900,13.210000038146973,13.100000381469727,4.90678071975708
27-06-2006,13.069999694824219,13.069999694824219,52100,13.270000457763672,13.149999618530273,4.92550802230835
28-06-2006,13.100000381469727,13.130000114440918,57800,13.210000038146973,13.1899995803833,4.940491676330566
29-06-2006,13.119999885559082,13.119999885559082,35600,13.220000267028809,13.15999984741211,4.929258346557617
30-06-2006,13.180000305175781,13.220000267028809,86200,13.289999961853027,13.260000228881836,4.966715335845947
03-07-2006,13.270000457763672,13.300000190734863,23500,13.350000381469727,13.350000381469727,5.000425338745117
05-07-2006,13.270000457763672,13.319999694824219,39900,13.390000343322754,13.270000457763672,4.970458507537842
06-07-2006,13.239999771118164,13.25,44000,13.359999656677246,13.279999732971191,4.9742021560668945
07-07-2006,13.260000228881836,13.260000228881836,45600,13.420000076293945,13.34000015258789,4.996675491333008
10-07-2006,13.350000381469727,13.399999618530273,10900,13.420000076293945,13.350000381469727,5.000425338745117
11-07-2006,13.319999694824219,13.420000076293945,32000,13.449999809265137,13.4399995803833,5.034134387969971
12-07-2006,13.359999656677246,13.390000343322754,34300,13.470000267028809,13.449999809265137,5.03787899017334
13-07-2006,13.25,13.350000381469727,55800,13.430000305175781,13.369999885559082,5.03185510635376
14-07-2006,13.25,13.430000305175781,32900,13.430000305175781,13.279999732971191,4.997984886169434
17-07-2006,13.210000038146973,13.210000038146973,37400,13.350000381469727,13.34000015258789,5.020565509796143
18-07-2006,13.229999542236328,13.239999771118164,49100,13.34000015258789,13.270000457763672,4.994222640991211
19-07-2006,13.229999542236328,13.260000228881836,40500,13.369999885559082,13.350000381469727,5.024332523345947
20-07-2006,13.260000228881836,13.369999885559082,27200,13.369999885559082,13.359999656677246,5.02809476852417
21-07-2006,13.319999694824219,13.380000114440918,28100,13.430000305175781,13.350000381469727,5.024332523345947
24-07-2006,13.279999732971191,13.300000190734863,39800,13.449999809265137,13.420000076293945,5.050677299499512
25-07-2006,13.350000381469727,13.380000114440918,38200,13.550000190734863,13.550000190734863,5.099603176116943
26-07-2006,13.4399995803833,13.5600004196167,42600,13.600000381469727,13.600000381469727,5.1184163093566895
27-07-2006,13.5600004196167,13.609999656677246,53500,13.649999618530273,13.649999618530273,5.137240886688232
28-07-2006,13.59000015258789,13.600000381469727,54200,13.789999961853027,13.729999542236328,5.1673479080200195
31-07-2006,13.729999542236328,13.760000228881836,34300,13.779999732971191,13.739999771118164,5.171108245849609
01-08-2006,13.699999809265137,13.699999809265137,33500,13.800000190734863,13.800000190734863,5.193691253662109
02-08-2006,13.710000038146973,13.710000038146973,30900,13.850000381469727,13.760000228881836,5.178636074066162
03-08-2006,13.699999809265137,13.699999809265137,44000,13.84000015258789,13.729999542236328,5.1673479080200195
04-08-2006,13.729999542236328,13.729999542236328,23700,13.84000015258789,13.819999694824219,5.201218605041504
07-08-2006,13.760000228881836,13.819999694824219,25200,13.84000015258789,13.800000190734863,5.193691253662109
08-08-2006,13.729999542236328,13.729999542236328,48000,13.850000381469727,13.84000015258789,5.208747386932373
09-08-2006,13.789999961853027,13.84000015258789,44000,13.880000114440918,13.880000114440918,5.223797798156738
10-08-2006,13.800000190734863,13.800000190734863,42800,13.890000343322754,13.859999656677246,5.216273307800293
11-08-2006,13.75,13.75,45500,13.850000381469727,13.75,5.198879718780518
14-08-2006,13.760000228881836,13.789999961853027,37400,13.800000190734863,13.800000190734863,5.217787265777588
15-08-2006,13.75,13.800000190734863,43700,13.800000190734863,13.75,5.198879718780518
16-08-2006,13.729999542236328,13.729999542236328,16900,13.850000381469727,13.789999961853027,5.213998317718506
17-08-2006,13.760000228881836,13.770000457763672,57500,13.930000305175781,13.819999694824219,5.225348472595215
18-08-2006,13.8100004196167,13.899999618530273,36900,13.9399995803833,13.9399995803833,5.270720481872559
21-08-2006,13.859999656677246,13.949999809265137,50000,13.949999809265137,13.880000114440918,5.248032093048096
22-08-2006,13.880000114440918,13.949999809265137,81000,13.970000267028809,13.90999984741211,5.259376049041748
23-08-2006,13.789999961853027,13.930000305175781,48500,13.949999809265137,13.829999923706055,5.229127883911133
24-08-2006,13.8100004196167,13.850000381469727,30900,13.960000038146973,13.930000305175781,5.266936302185059
25-08-2006,13.880000114440918,13.9399995803833,47500,13.989999771118164,13.880000114440918,5.248032093048096
28-08-2006,13.890000343322754,13.890000343322754,66500,14.020000457763672,13.960000038146973,5.278281211853027
29-08-2006,13.949999809265137,13.960000038146973,56700,14.039999961853027,14.029999732971191,5.304743766784668
30-08-2006,13.979999542236328,13.979999542236328,59200,14.069999694824219,14.0,5.293403625488281
31-08-2006,13.920000076293945,13.920000076293945,49400,14.069999694824219,14.029999732971191,5.304743766784668
01-09-2006,14.029999732971191,14.029999732971191,87700,14.140000343322754,14.119999885559082,5.338776111602783
05-09-2006,13.989999771118164,14.020000457763672,50300,14.09000015258789,14.0,5.293403625488281
06-09-2006,13.920000076293945,14.069999694824219,37000,14.069999694824219,13.949999809265137,5.274499416351318
07-09-2006,13.850000381469727,13.920000076293945,63900,13.979999542236328,13.9399995803833,5.270720481872559
08-09-2006,13.890000343322754,13.989999771118164,48400,14.039999961853027,14.0,5.293403625488281
11-09-2006,13.949999809265137,14.0,57600,14.039999961853027,13.960000038146973,5.278281211853027
12-09-2006,13.949999809265137,13.949999809265137,43400,14.079999923706055,14.0,5.293403625488281
13-09-2006,13.90999984741211,14.020000457763672,45700,14.029999732971191,13.989999771118164,5.313916206359863
14-09-2006,13.930000305175781,14.0,40800,14.010000228881836,14.0,5.317714214324951
15-09-2006,14.0,14.050000190734863,70100,14.069999694824219,14.050000190734863,5.336704730987549
18-09-2006,14.0,14.029999732971191,34700,14.079999923706055,14.050000190734863,5.336704730987549
19-09-2006,14.020000457763672,14.050000190734863,47500,14.079999923706055,14.029999732971191,5.329108715057373
20-09-2006,14.020000457763672,14.020000457763672,59900,14.09000015258789,14.039999961853027,5.332908630371094
21-09-2006,14.020000457763672,14.020000457763672,53200,14.100000381469727,14.039999961853027,5.332908630371094
22-09-2006,14.050000190734863,14.09000015258789,65000,14.1899995803833,14.130000114440918,5.367094039916992
25-09-2006,14.079999923706055,14.170000076293945,78600,14.199999809265137,14.09000015258789,5.35189962387085
26-09-2006,14.010000228881836,14.010000228881836,98100,14.199999809265137,14.15999984741211,5.378486156463623
27-09-2006,14.130000114440918,14.130000114440918,85700,14.279999732971191,14.25,5.4126739501953125
28-09-2006,14.210000038146973,14.25,38300,14.3100004196167,14.260000228881836,5.416471481323242
29-09-2006,14.270000457763672,14.270000457763672,54200,14.380000114440918,14.380000114440918,5.462052822113037
02-10-2006,14.270000457763672,14.300000190734863,59900,14.430000305175781,14.430000305175781,5.481042861938477
03-10-2006,14.369999885559082,14.369999885559082,61200,14.460000038146973,14.430000305175781,5.481042861938477
04-10-2006,14.369999885559082,14.449999809265137,40200,14.510000228881836,14.430000305175781,5.481042861938477
05-10-2006,14.380000114440918,14.430000305175781,23400,14.479999542236328,14.470000267028809,5.496240139007568
06-10-2006,14.420000076293945,14.420000076293945,20800,14.520000457763672,14.520000457763672,5.515228748321533
09-10-2006,14.399999618530273,14.430000305175781,28100,14.510000228881836,14.510000228881836,5.5114288330078125
10-10-2006,14.380000114440918,14.460000038146973,33400,14.550000190734863,14.380000114440918,5.462052822113037
11-10-2006,14.390000343322754,14.390000343322754,40600,14.479999542236328,14.40999984741211,5.473445892333984
12-10-2006,14.369999885559082,14.369999885559082,36300,14.470000267028809,14.430000305175781,5.481042861938477
13-10-2006,14.149999618530273,14.319999694824219,58200,14.319999694824219,14.149999618530273,5.398633003234863
16-10-2006,14.130000114440918,14.140000343322754,40600,14.289999961853027,14.260000228881836,5.440601348876953
17-10-2006,14.210000038146973,14.289999961853027,34600,14.319999694824219,14.3100004196167,5.459676742553711
18-10-2006,14.270000457763672,14.300000190734863,32600,14.460000038146973,14.3100004196167,5.459676742553711
19-10-2006,14.260000228881836,14.260000228881836,30800,14.380000114440918,14.369999885559082,5.482568740844727
20-10-2006,14.260000228881836,14.279999732971191,39500,14.449999809265137,14.40999984741211,5.49783182144165
23-10-2006,14.399999618530273,14.399999618530273,31700,14.479999542236328,14.420000076293945,5.501641750335693
24-10-2006,14.430000305175781,14.430000305175781,33000,14.5,14.5,5.532172203063965
25-10-2006,14.449999809265137,14.520000457763672,69100,14.600000381469727,14.520000457763672,5.539799690246582
26-10-2006,14.420000076293945,14.550000190734863,88500,14.630000114440918,14.5,5.532172203063965
27-10-2006,14.430000305175781,14.5,35000,14.529999732971191,14.4399995803833,5.509278297424316
30-10-2006,14.359999656677246,14.40999984741211,68300,14.520000457763672,14.420000076293945,5.501641750335693
31-10-2006,14.399999618530273,14.449999809265137,27900,14.479999542236328,14.460000038146973,5.516911029815674
01-11-2006,14.430000305175781,14.430000305175781,58500,14.59000015258789,14.579999923706055,5.562687397003174
02-11-2006,14.510000228881836,14.600000381469727,33800,14.649999618530273,14.630000114440918,5.581766605377197
03-11-2006,14.510000228881836,14.640000343322754,33200,14.640000343322754,14.59000015258789,5.566512107849121
06-11-2006,14.529999732971191,14.529999732971191,40800,14.619999885559082,14.569999694824219,5.558878421783447
07-11-2006,14.550000190734863,14.5600004196167,26400,14.630000114440918,14.619999885559082,5.577951908111572
08-11-2006,14.550000190734863,14.619999885559082,35600,14.649999618530273,14.649999618530273,5.589398384094238
09-11-2006,14.579999923706055,14.75,51400,14.75,14.65999984741211,5.593212127685547
10-11-2006,14.65999984741211,14.65999984741211,47800,14.729999542236328,14.729999542236328,5.6199188232421875
13-11-2006,14.59000015258789,14.699999809265137,35500,14.699999809265137,14.59000015258789,5.590802192687988
14-11-2006,14.550000190734863,14.550000190734863,35400,14.640000343322754,14.600000381469727,5.594627857208252
15-11-2006,14.539999961853027,14.600000381469727,50100,14.65999984741211,14.579999923706055,5.5869646072387695
16-11-2006,14.520000457763672,14.520000457763672,32100,14.579999923706055,14.5600004196167,5.579301834106445
17-11-2006,14.510000228881836,14.510000228881836,30200,14.630000114440918,14.609999656677246,5.5984601974487305
20-11-2006,14.510000228881836,14.510000228881836,57500,14.600000381469727,14.550000190734863,5.575473308563232
21-11-2006,14.489999771118164,14.539999961853027,71600,14.569999694824219,14.5,5.556311130523682
22-11-2006,14.489999771118164,14.489999771118164,26500,14.550000190734863,14.520000457763672,5.563970565795898
24-11-2006,14.529999732971191,14.529999732971191,18200,14.569999694824219,14.569999694824219,5.583134174346924
27-11-2006,14.510000228881836,14.550000190734863,32900,14.579999923706055,14.539999961853027,5.571639060974121
28-11-2006,14.520000457763672,14.520000457763672,42500,14.680000305175781,14.619999885559082,5.602292060852051
29-11-2006,14.550000190734863,14.699999809265137,98900,14.75,14.630000114440918,5.606124401092529
30-11-2006,14.579999923706055,14.579999923706055,44600,14.75,14.75,5.652109622955322
01-12-2006,14.680000305175781,14.699999809265137,71600,14.949999809265137,14.880000114440918,5.70192289352417
04-12-2006,14.84000015258789,14.899999618530273,40700,14.970000267028809,14.960000038146973,5.732578277587891
05-12-2006,14.930000305175781,14.989999771118164,50200,15.0,15.0,5.747907638549805
06-12-2006,14.90999984741211,15.0,57600,15.039999961853027,15.0,5.747907638549805
07-12-2006,14.9399995803833,15.0,44900,15.050000190734863,14.989999771118164,5.744073390960693
08-12-2006,14.8100004196167,14.819999694824219,36900,14.9399995803833,14.890000343322754,5.730220317840576
11-12-2006,14.779999732971191,14.899999618530273,59400,14.930000305175781,14.829999923706055,5.707131385803223
12-12-2006,14.819999694824219,14.899999618530273,25700,14.930000305175781,14.869999885559082,5.7225236892700195
13-12-2006,14.770000457763672,14.84000015258789,37600,14.899999618530273,14.770000457763672,5.684040546417236
14-12-2006,14.65999984741211,14.800000190734863,50900,14.829999923706055,14.699999809265137,5.657103538513184
15-12-2006,14.680000305175781,14.710000038146973,41000,14.84000015258789,14.680000305175781,5.649408340454102
18-12-2006,14.6899995803833,14.779999732971191,39700,14.800000190734863,14.770000457763672,5.684040546417236
19-12-2006,14.6899995803833,14.699999809265137,16900,14.800000190734863,14.710000038146973,5.660952091217041
20-12-2006,14.649999618530273,14.65999984741211,19800,14.770000457763672,14.729999542236328,5.668644905090332
21-12-2006,14.720000267028809,14.729999542236328,72100,14.84000015258789,14.739999771118164,5.672497272491455
22-12-2006,14.720000267028809,14.739999771118164,11000,14.819999694824219,14.8100004196167,5.699429035186768
26-12-2006,14.720000267028809,14.75,32100,14.84000015258789,14.800000190734863,5.695582866668701
27-12-2006,14.800000190734863,14.800000190734863,19800,14.899999618530273,14.859999656677246,5.7186760902404785
28-12-2006,14.729999542236328,14.729999542236328,42400,14.829999923706055,14.760000228881836,5.6801934242248535
29-12-2006,14.729999542236328,14.729999542236328,23000,14.819999694824219,14.770000457763672,5.684040546417236
03-01-2007,14.699999809265137,14.739999771118164,26100,14.84000015258789,14.819999694824219,5.703281402587891
04-01-2007,14.770000457763672,14.779999732971191,24100,14.859999656677246,14.850000381469727,5.714829444885254
05-01-2007,14.710000038146973,14.829999923706055,32600,14.84000015258789,14.710000038146973,5.660952091217041
08-01-2007,14.649999618530273,14.649999618530273,55100,14.84000015258789,14.819999694824219,5.703281402587891
09-01-2007,14.760000228881836,14.789999961853027,67200,14.930000305175781,14.890000343322754,5.730220317840576
10-01-2007,14.819999694824219,14.869999885559082,38500,14.9399995803833,14.899999618530273,5.734070301055908
11-01-2007,14.680000305175781,14.829999923706055,73500,14.829999923706055,14.710000038146973,5.685372829437256
12-01-2007,14.729999542236328,14.760000228881836,45900,14.850000381469727,14.819999694824219,5.727884292602539
16-01-2007,14.739999771118164,14.850000381469727,62800,14.880000114440918,14.859999656677246,5.743346691131592
17-01-2007,14.800000190734863,14.899999618530273,50100,14.899999618530273,14.869999885559082,5.747209072113037
18-01-2007,14.75,14.8100004196167,56000,14.859999656677246,14.789999961853027,5.716292858123779
19-01-2007,14.729999542236328,14.760000228881836,58100,14.819999694824219,14.770000457763672,5.708559989929199
22-01-2007,14.710000038146973,14.789999961853027,86000,14.829999923706055,14.789999961853027,5.716292858123779
23-01-2007,14.720000267028809,14.800000190734863,38100,14.819999694824219,14.75,5.700829029083252
24-01-2007,14.699999809265137,14.729999542236328,44400,14.8100004196167,14.739999771118164,5.696967124938965
25-01-2007,14.699999809265137,14.739999771118164,22000,14.75,14.720000267028809,5.689236164093018
26-01-2007,14.619999885559082,14.720000267028809,39800,14.729999542236328,14.670000076293945,5.669910430908203
29-01-2007,14.649999618530273,14.710000038146973,48700,14.729999542236328,14.680000305175781,5.673778533935547
30-01-2007,14.670000076293945,14.680000305175781,46100,14.760000228881836,14.680000305175781,5.673778533935547
31-01-2007,14.699999809265137,14.699999809265137,53400,14.789999961853027,14.729999542236328,5.693098545074463
01-02-2007,14.729999542236328,14.729999542236328,55900,14.890000343322754,14.850000381469727,5.7394819259643555
02-02-2007,14.779999732971191,14.800000190734863,39800,14.90999984741211,14.869999885559082,5.747209072113037
05-02-2007,14.829999923706055,14.829999923706055,37600,14.899999618530273,14.859999656677246,5.743346691131592
06-02-2007,14.850000381469727,14.880000114440918,43900,14.9399995803833,14.90999984741211,5.762668609619141
07-02-2007,14.899999618530273,14.899999618530273,51200,14.960000038146973,14.930000305175781,5.7704010009765625
08-02-2007,14.84000015258789,14.989999771118164,55200,15.0,14.859999656677246,5.743346691131592
09-02-2007,14.819999694824219,14.819999694824219,82800,15.020000457763672,14.949999809265137,5.778130054473877
12-02-2007,14.850000381469727,14.850000381469727,46300,14.949999809265137,14.9399995803833,5.774264335632324
13-02-2007,14.8100004196167,14.829999923706055,67900,14.899999618530273,14.829999923706055,5.756411552429199
14-02-2007,14.829999923706055,14.829999923706055,37700,14.899999618530273,14.829999923706055,5.756411552429199
15-02-2007,14.829999923706055,14.850000381469727,53400,14.930000305175781,14.859999656677246,5.768056392669678
16-02-2007,14.859999656677246,14.859999656677246,29900,14.9399995803833,14.869999885559082,5.771933555603027
20-02-2007,14.859999656677246,14.970000267028809,56900,14.970000267028809,14.869999885559082,5.771933555603027
21-02-2007,14.819999694824219,14.930000305175781,50400,14.930000305175781,14.880000114440918,5.775819301605225
22-02-2007,14.760000228881836,14.829999923706055,55300,14.890000343322754,14.829999923706055,5.756411552429199
23-02-2007,14.800000190734863,14.800000190734863,32900,14.890000343322754,14.890000343322754,5.779698848724365
26-02-2007,14.859999656677246,14.859999656677246,31500,14.9399995803833,14.90999984741211,5.787460803985596
27-02-2007,14.880000114440918,14.880000114440918,37200,14.979999542236328,14.899999618530273,5.783581733703613
28-02-2007,14.850000381469727,14.899999618530273,47900,14.949999809265137,14.920000076293945,5.791346073150635
01-03-2007,14.899999618530273,14.899999618530273,45200,15.020000457763672,14.9399995803833,5.799105644226074
02-03-2007,14.90999984741211,14.930000305175781,40100,15.029999732971191,15.010000228881836,5.826278209686279
05-03-2007,14.90999984741211,15.039999961853027,38400,15.039999961853027,14.90999984741211,5.787460803985596
06-03-2007,14.930000305175781,14.930000305175781,46900,15.050000190734863,15.050000190734863,5.8418049812316895
07-03-2007,15.0,15.0,50100,15.069999694824219,15.020000457763672,5.830161094665527
08-03-2007,15.010000228881836,15.020000457763672,39100,15.069999694824219,15.020000457763672,5.830161094665527
09-03-2007,14.979999542236328,15.010000228881836,27600,15.050000190734863,15.039999961853027,5.837925434112549
12-03-2007,15.010000228881836,15.010000228881836,41900,15.100000381469727,15.100000381469727,5.861213684082031
13-03-2007,14.970000267028809,14.970000267028809,62200,15.149999618530273,15.050000190734863,5.866670608520508
14-03-2007,14.9399995803833,15.010000228881836,33000,15.010000228881836,14.979999542236328,5.839382648468018
15-03-2007,14.9399995803833,14.949999809265137,24400,15.0,14.979999542236328,5.839382648468018
16-03-2007,14.930000305175781,14.930000305175781,20700,14.989999771118164,14.960000038146973,5.831583499908447
19-03-2007,14.899999618530273,14.960000038146973,38100,15.0,14.920000076293945,5.815992832183838
20-03-2007,14.899999618530273,14.90999984741211,33300,14.970000267028809,14.930000305175781,5.819894313812256
21-03-2007,14.899999618530273,14.90999984741211,49300,14.970000267028809,14.899999618530273,5.808198928833008
22-03-2007,14.880000114440918,14.90999984741211,26600,14.9399995803833,14.899999618530273,5.808198928833008
23-03-2007,14.899999618530273,14.899999618530273,46400,14.970000267028809,14.970000267028809,5.835484504699707
26-03-2007,14.930000305175781,14.9399995803833,58400,15.039999961853027,15.020000457763672,5.854973316192627
27-03-2007,14.9399995803833,15.0,33900,15.010000228881836,14.960000038146973,5.831583499908447
28-03-2007,14.920000076293945,14.920000076293945,20800,15.029999732971191,15.029999732971191,5.858874320983887
29-03-2007,14.9399995803833,14.989999771118164,58700,15.069999694824219,14.979999542236328,5.839382648468018
30-03-2007,14.960000038146973,14.960000038146973,43500,15.050000190734863,15.010000228881836,5.851078033447266
02-04-2007,14.989999771118164,15.0,66400,15.100000381469727,15.010000228881836,5.851078033447266
03-04-2007,15.0,15.0,41600,15.09000015258789,15.09000015258789,5.882260799407959
04-04-2007,15.039999961853027,15.09000015258789,14200,15.09000015258789,15.039999961853027,5.862771987915039
05-04-2007,15.010000228881836,15.039999961853027,45700,15.109999656677246,15.039999961853027,5.862771987915039
09-04-2007,15.0,15.020000457763672,42100,15.079999923706055,15.039999961853027,5.862771987915039
10-04-2007,15.0,15.039999961853027,24400,15.050000190734863,15.029999732971191,5.858874320983887
11-04-2007,14.979999542236328,15.029999732971191,42000,15.050000190734863,15.010000228881836,5.851078033447266
12-04-2007,14.9399995803833,14.960000038146973,42600,15.020000457763672,15.010000228881836,5.876132965087891
13-04-2007,14.9399995803833,14.970000267028809,38800,15.0,15.0,5.87221622467041
16-04-2007,14.899999618530273,14.989999771118164,41800,14.989999771118164,14.930000305175781,5.844812393188477
17-04-2007,14.899999618530273,14.899999618530273,36600,14.960000038146973,14.899999618530273,5.833066940307617
18-04-2007,14.899999618530273,14.920000076293945,26400,14.949999809265137,14.9399995803833,5.848727226257324
19-04-2007,14.869999885559082,14.869999885559082,44900,14.979999542236328,14.970000267028809,5.8604736328125
20-04-2007,14.920000076293945,14.960000038146973,54200,15.029999732971191,14.979999542236328,5.864386081695557
23-04-2007,14.970000267028809,14.979999542236328,32800,15.039999961853027,15.020000457763672,5.8800435066223145
24-04-2007,15.0,15.010000228881836,32000,15.0600004196167,15.0,5.87221622467041
25-04-2007,14.970000267028809,15.039999961853027,69200,15.0600004196167,15.0,5.87221622467041
26-04-2007,15.010000228881836,15.039999961853027,44700,15.079999923706055,15.039999961853027,5.887877464294434
27-04-2007,15.010000228881836,15.020000457763672,34600,15.069999694824219,15.069999694824219,5.899621486663818
30-04-2007,15.029999732971191,15.029999732971191,26000,15.100000381469727,15.050000190734863,5.891792297363281
01-05-2007,15.050000190734863,15.050000190734863,58100,15.140000343322754,15.100000381469727,5.9113688468933105
02-05-2007,15.079999923706055,15.109999656677246,90400,15.170000076293945,15.130000114440918,5.923110008239746
03-05-2007,15.09000015258789,15.140000343322754,57300,15.149999618530273,15.100000381469727,5.9113688468933105
04-05-2007,15.0600004196167,15.119999885559082,45700,15.119999885559082,15.069999694824219,5.899621486663818
07-05-2007,15.09000015258789,15.100000381469727,49600,15.180000305175781,15.170000076293945,5.938769817352295
08-05-2007,15.09000015258789,15.149999618530273,59500,15.170000076293945,15.170000076293945,5.938769817352295
09-05-2007,15.119999885559082,15.130000114440918,62300,15.229999542236328,15.229999542236328,5.962257385253906
10-05-2007,15.210000038146973,15.220000267028809,42400,15.260000228881836,15.260000228881836,5.974002838134766
11-05-2007,15.119999885559082,15.15999984741211,78500,15.25,15.25,5.995233535766602
14-05-2007,15.170000076293945,15.220000267028809,36600,15.270000457763672,15.180000305175781,5.967712879180908
15-05-2007,15.109999656677246,15.109999656677246,33300,15.239999771118164,15.15999984741211,5.959848403930664
16-05-2007,15.15999984741211,15.15999984741211,24600,15.25,15.199999809265137,5.975576877593994
17-05-2007,15.180000305175781,15.1899995803833,36200,15.25,15.199999809265137,5.975576877593994
18-05-2007,15.140000343322754,15.180000305175781,40200,15.270000457763672,15.15999984741211,5.959848403930664
21-05-2007,15.149999618530273,15.1899995803833,116700,15.270000457763672,15.15999984741211,5.959848403930664
22-05-2007,15.050000190734863,15.170000076293945,64000,15.270000457763672,15.050000190734863,5.9166059494018555
23-05-2007,15.010000228881836,15.079999923706055,61900,15.199999809265137,15.010000228881836,5.900883674621582
24-05-2007,14.949999809265137,15.039999961853027,52200,15.069999694824219,15.0,5.896948337554932
25-05-2007,14.869999885559082,14.899999618530273,28800,15.010000228881836,15.0,5.896948337554932
29-05-2007,14.949999809265137,15.0,55200,15.0,14.979999542236328,5.889084815979004
30-05-2007,14.920000076293945,14.920000076293945,22300,14.979999542236328,14.970000267028809,5.885156631469727
31-05-2007,14.920000076293945,14.920000076293945,34100,14.989999771118164,14.970000267028809,5.885156631469727
01-06-2007,14.880000114440918,14.930000305175781,50000,14.970000267028809,14.880000114440918,5.849774360656738
04-06-2007,14.829999923706055,14.920000076293945,56800,14.930000305175781,14.859999656677246,5.841909408569336
05-06-2007,14.829999923706055,14.829999923706055,22700,14.90999984741211,14.890000343322754,5.853705406188965
06-06-2007,14.869999885559082,14.949999809265137,57400,14.989999771118164,14.90999984741211,5.861565113067627
07-06-2007,14.850000381469727,14.850000381469727,47300,14.899999618530273,14.869999885559082,5.845843315124512
08-06-2007,14.800000190734863,14.819999694824219,86000,15.039999961853027,14.949999809265137,5.877293109893799
11-06-2007,14.899999618530273,14.949999809265137,53900,14.979999542236328,14.899999618530273,5.857634544372559
12-06-2007,14.609999656677246,14.890000343322754,78500,14.890000343322754,14.710000038146973,5.782939910888672
13-06-2007,14.449999809265137,14.630000114440918,56600,14.65999984741211,14.569999694824219,5.755288600921631
14-06-2007,14.489999771118164,14.489999771118164,70300,14.729999542236328,14.6899995803833,5.802692890167236
15-06-2007,14.609999656677246,14.609999656677246,23500,14.75,14.6899995803833,5.802692890167236
18-06-2007,14.699999809265137,14.739999771118164,35000,14.859999656677246,14.800000190734863,5.846140384674072
19-06-2007,14.720000267028809,14.720000267028809,45300,14.960000038146973,14.880000114440918,5.877744674682617
20-06-2007,14.880000114440918,14.960000038146973,75700,14.970000267028809,14.899999618530273,5.885641574859619
21-06-2007,14.880000114440918,14.880000114440918,60000,14.970000267028809,14.899999618530273,5.885641574859619
22-06-2007,14.800000190734863,14.850000381469727,23400,14.890000343322754,14.859999656677246,5.86984395980835
25-06-2007,14.8100004196167,14.8100004196167,39900,14.890000343322754,14.84000015258789,5.861943244934082
26-06-2007,14.819999694824219,14.84000015258789,20200,14.90999984741211,14.890000343322754,5.881692886352539
27-06-2007,14.859999656677246,14.859999656677246,55700,14.989999771118164,14.989999771118164,5.921192646026611
28-06-2007,14.930000305175781,14.930000305175781,42100,15.100000381469727,15.050000190734863,5.9448933601379395
29-06-2007,14.960000038146973,14.960000038146973,54900,15.09000015258789,15.029999732971191,5.936995029449463
02-07-2007,14.979999542236328,15.0,47000,15.100000381469727,15.09000015258789,5.960696220397949
03-07-2007,15.0600004196167,15.079999923706055,20000,15.149999618530273,15.149999618530273,5.984399795532227
05-07-2007,14.960000038146973,15.010000228881836,49300,15.069999694824219,14.960000038146973,5.9093475341796875
06-07-2007,14.90999984741211,14.90999984741211,14100,15.020000457763672,14.970000267028809,5.913291931152344
09-07-2007,14.930000305175781,14.9399995803833,25000,15.050000190734863,15.0,5.925145626068115
10-07-2007,15.020000457763672,15.050000190734863,38900,15.100000381469727,15.020000457763672,5.933046340942383
11-07-2007,14.729999542236328,14.920000076293945,63500,15.079999923706055,14.930000305175781,5.897494792938232
12-07-2007,14.869999885559082,14.899999618530273,45700,14.979999542236328,14.949999809265137,5.933211803436279
13-07-2007,14.779999732971191,14.869999885559082,37700,14.9399995803833,14.819999694824219,5.881621360778809
16-07-2007,14.75,14.75,26900,14.869999885559082,14.869999885559082,5.90146541595459
17-07-2007,14.720000267028809,14.720000267028809,40200,14.819999694824219,14.8100004196167,5.877651691436768
18-07-2007,14.760000228881836,14.770000457763672,47700,14.90999984741211,14.880000114440918,5.905431747436523
19-07-2007,14.770000457763672,14.829999923706055,57800,14.890000343322754,14.84000015258789,5.889556407928467
20-07-2007,14.640000343322754,14.800000190734863,37100,14.850000381469727,14.800000190734863,5.873681545257568
23-07-2007,14.699999809265137,14.720000267028809,30700,14.779999732971191,14.75,5.8538384437561035
24-07-2007,14.710000038146973,14.779999732971191,60300,14.800000190734863,14.789999961853027,5.869714736938477
25-07-2007,14.739999771118164,14.75,49200,14.84000015258789,14.770000457763672,5.8617753982543945
26-07-2007,14.59000015258789,14.75,33400,14.760000228881836,14.630000114440918,5.806214809417725
27-07-2007,14.550000190734863,14.550000190734863,61300,14.84000015258789,14.770000457763672,5.8617753982543945
30-07-2007,14.649999618530273,14.649999618530273,38100,14.739999771118164,14.720000267028809,5.841932773590088
31-07-2007,14.609999656677246,14.760000228881836,71600,14.800000190734863,14.65999984741211,5.818120956420898
01-08-2007,14.529999732971191,14.640000343322754,69600,14.6899995803833,14.579999923706055,5.786369323730469
02-08-2007,14.550000190734863,14.65999984741211,42800,14.670000076293945,14.619999885559082,5.802245616912842
03-08-2007,14.520000457763672,14.649999618530273,22500,14.649999618530273,14.539999961853027,5.770496368408203
06-08-2007,14.460000038146973,14.630000114440918,57600,14.630000114440918,14.5,5.7546186447143555
07-08-2007,14.40999984741211,14.449999809265137,34300,14.520000457763672,14.470000267028809,5.742717266082764
08-08-2007,14.34000015258789,14.520000457763672,60100,14.520000457763672,14.380000114440918,5.706996440887451
09-08-2007,14.369999885559082,14.369999885559082,32700,14.5,14.4399995803833,5.730810165405273
10-08-2007,14.350000381469727,14.430000305175781,24600,14.4399995803833,14.40999984741211,5.718903064727783
13-08-2007,14.289999961853027,14.359999656677246,34400,14.420000076293945,14.369999885559082,5.730867385864258
14-08-2007,14.300000190734863,14.399999618530273,40300,14.40999984741211,14.380000114440918,5.734852313995361
15-08-2007,13.970000267028809,14.300000190734863,97600,14.300000190734863,14.170000076293945,5.651108741760254
16-08-2007,13.680000305175781,13.899999618530273,59700,14.029999732971191,13.930000305175781,5.555389404296875
17-08-2007,13.949999809265137,14.0,59600,14.4399995803833,14.329999923706055,5.714917182922363
20-08-2007,14.300000190734863,14.329999923706055,42200,14.4399995803833,14.430000305175781,5.754797458648682
21-08-2007,14.25,14.399999618530273,70400,14.430000305175781,14.399999618530273,5.742834568023682
22-08-2007,14.270000457763672,14.399999618530273,68900,14.420000076293945,14.279999732971191,5.694973468780518
23-08-2007,14.3100004196167,14.3100004196167,41000,14.430000305175781,14.399999618530273,5.742834568023682
24-08-2007,14.350000381469727,14.390000343322754,20600,14.420000076293945,14.369999885559082,5.730867385864258
27-08-2007,14.279999732971191,14.369999885559082,23500,14.369999885559082,14.289999961853027,5.698962211608887
28-08-2007,14.130000114440918,14.199999809265137,43300,14.319999694824219,14.130000114440918,5.6351518630981445
29-08-2007,14.15999984741211,14.15999984741211,41300,14.369999885559082,14.369999885559082,5.730867385864258
30-08-2007,14.300000190734863,14.350000381469727,15900,14.40999984741211,14.399999618530273,5.742834568023682
31-08-2007,14.369999885559082,14.420000076293945,44700,14.4399995803833,14.369999885559082,5.730867385864258
04-09-2007,14.359999656677246,14.369999885559082,45800,14.5600004196167,14.5600004196167,5.806641578674316
05-09-2007,14.529999732971191,14.600000381469727,25800,14.649999618530273,14.59000015258789,5.818603992462158
06-09-2007,14.649999618530273,14.65999984741211,18900,14.729999542236328,14.680000305175781,5.85449743270874
07-09-2007,14.619999885559082,14.680000305175781,58400,14.899999618530273,14.890000343322754,5.9382452964782715
10-09-2007,14.779999732971191,14.890000343322754,27300,14.899999618530273,14.869999885559082,5.930268287658691
11-09-2007,14.829999923706055,14.869999885559082,37400,14.899999618530273,14.890000343322754,5.9382452964782715
12-09-2007,14.789999961853027,14.800000190734863,26300,14.880000114440918,14.84000015258789,5.918307304382324
13-09-2007,14.569999694824219,14.75,41600,14.75,14.609999656677246,5.854196071624756
14-09-2007,14.479999542236328,14.630000114440918,87800,15.109999656677246,14.65999984741211,5.874229907989502
17-09-2007,14.550000190734863,14.779999732971191,33000,14.779999732971191,14.75,5.910292148590088
18-09-2007,14.619999885559082,14.619999885559082,33700,14.869999885559082,14.859999656677246,5.954369068145752
19-09-2007,14.65999984741211,14.800000190734863,36800,14.850000381469727,14.670000076293945,5.878237247467041
20-09-2007,14.510000228881836,14.720000267028809,39400,14.720000267028809,14.630000114440918,5.862209320068359
21-09-2007,14.550000190734863,14.630000114440918,51700,14.739999771118164,14.720000267028809,5.898273468017578
24-09-2007,14.609999656677246,14.609999656677246,31000,14.699999809265137,14.6899995803833,5.886249542236328
25-09-2007,14.6899995803833,14.699999809265137,44500,14.739999771118164,14.6899995803833,5.886249542236328
26-09-2007,14.619999885559082,14.6899995803833,37500,14.770000457763672,14.6899995803833,5.886249542236328
27-09-2007,14.6899995803833,14.6899995803833,15700,14.760000228881836,14.760000228881836,5.914299964904785
28-09-2007,14.6899995803833,14.75,30800,14.760000228881836,14.760000228881836,5.914299964904785
01-10-2007,14.710000038146973,14.710000038146973,24900,14.850000381469727,14.850000381469727,5.950358867645264
02-10-2007,14.800000190734863,14.850000381469727,51400,14.960000038146973,14.949999809265137,5.990429878234863
03-10-2007,14.90999984741211,14.949999809265137,36300,15.0,14.960000038146973,5.994439125061035
04-10-2007,14.9399995803833,14.960000038146973,20200,15.0,14.989999771118164,6.006457328796387
05-10-2007,14.920000076293945,14.989999771118164,31600,15.0,14.949999809265137,5.990429878234863
08-10-2007,14.90999984741211,15.0,22600,15.050000190734863,14.979999542236328,6.002456188201904
09-10-2007,14.869999885559082,14.989999771118164,43500,14.989999771118164,14.9399995803833,5.986425876617432
10-10-2007,14.850000381469727,14.989999771118164,50000,15.020000457763672,15.020000457763672,6.018481731414795
11-10-2007,14.890000343322754,14.949999809265137,29400,14.989999771118164,14.970000267028809,6.026533126831055
12-10-2007,14.869999885559082,14.930000305175781,30900,14.989999771118164,14.869999885559082,5.986275672912598
15-10-2007,14.789999961853027,14.949999809265137,20100,14.949999809265137,14.899999618530273,5.998353004455566
16-10-2007,14.75,14.899999618530273,37500,14.899999618530273,14.75,5.937967300415039
17-10-2007,14.75,14.75,30300,14.890000343322754,14.779999732971191,5.950044631958008
18-10-2007,14.760000228881836,14.829999923706055,29100,14.890000343322754,14.850000381469727,5.978221416473389
19-10-2007,14.819999694824219,14.880000114440918,12700,14.890000343322754,14.84000015258789,5.974195957183838
22-10-2007,14.84000015258789,14.84000015258789,20100,14.960000038146973,14.9399995803833,6.0144548416137695
23-10-2007,14.869999885559082,14.930000305175781,29800,14.979999542236328,14.920000076293945,6.006402969360352
24-10-2007,14.8100004196167,15.0,21300,15.039999961853027,14.84000015258789,5.974195957183838
25-10-2007,14.649999618530273,14.8100004196167,34800,14.8100004196167,14.649999618530273,5.897706985473633
26-10-2007,14.510000228881836,14.699999809265137,20200,14.699999809265137,14.569999694824219,5.865499019622803
29-10-2007,14.529999732971191,14.600000381469727,21100,14.649999618530273,14.529999732971191,5.849400043487549
30-10-2007,14.5600004196167,14.5600004196167,17800,14.630000114440918,14.600000381469727,5.877579689025879
31-10-2007,14.569999694824219,14.600000381469727,23000,14.670000076293945,14.619999885559082,5.885631084442139
01-11-2007,14.5600004196167,14.619999885559082,37500,14.760000228881836,14.670000076293945,5.905757904052734
02-11-2007,14.630000114440918,14.699999809265137,19300,14.699999809265137,14.630000114440918,5.889657974243164
05-11-2007,14.449999809265137,14.460000038146973,19500,14.630000114440918,14.579999923706055,5.869527816772461
06-11-2007,14.550000190734863,14.609999656677246,14500,14.609999656677246,14.5600004196167,5.861477851867676
07-11-2007,14.449999809265137,14.460000038146973,23200,14.520000457763672,14.520000457763672,5.845373153686523
08-11-2007,14.15999984741211,14.520000457763672,55900,14.520000457763672,14.1899995803833,5.712522506713867
09-11-2007,14.020000457763672,14.229999542236328,37300,14.319999694824219,14.039999961853027,5.652141571044922
12-11-2007,13.949999809265137,13.949999809265137,18000,14.100000381469727,14.069999694824219,5.6642165184021
13-11-2007,14.0,14.0,39400,14.350000381469727,14.229999542236328,5.757269382476807
14-11-2007,13.930000305175781,14.199999809265137,29800,14.199999809265137,14.020000457763672,5.672308444976807
15-11-2007,13.800000190734863,13.920000076293945,45300,14.109999656677246,14.050000190734863,5.684444904327393
16-11-2007,13.649999618530273,14.0,60600,14.0,13.729999542236328,5.55497407913208
19-11-2007,13.319999694824219,13.640000343322754,46900,13.75,13.670000076293945,5.530703544616699
20-11-2007,13.510000228881836,13.670000076293945,48600,13.699999809265137,13.649999618530273,5.522609233856201
21-11-2007,13.550000190734863,13.550000190734863,30700,13.770000457763672,13.59000015258789,5.4983344078063965
23-11-2007,13.609999656677246,13.699999809265137,10500,13.710000038146973,13.649999618530273,5.522609233856201
26-11-2007,13.619999885559082,13.680000305175781,61400,13.9399995803833,13.890000343322754,5.6197123527526855
27-11-2007,13.729999542236328,13.819999694824219,53000,13.90999984741211,13.75,5.5630645751953125
28-11-2007,13.770000457763672,13.800000190734863,49300,13.930000305175781,13.770000457763672,5.571161270141602
29-11-2007,13.800000190734863,13.800000190734863,44200,13.989999771118164,13.930000305175781,5.635894298553467
30-11-2007,13.819999694824219,13.949999809265137,107100,14.0,13.949999809265137,5.643987655639648
03-12-2007,13.869999885559082,13.930000305175781,54800,14.039999961853027,14.0,5.664219856262207
04-12-2007,13.739999771118164,13.739999771118164,30500,14.069999694824219,14.010000228881836,5.668262004852295
05-12-2007,13.949999809265137,14.039999961853027,42900,14.09000015258789,14.010000228881836,5.668262004852295
06-12-2007,13.960000038146973,14.0,72300,14.069999694824219,14.029999732971191,5.676356792449951
07-12-2007,14.050000190734863,14.109999656677246,44100,14.119999885559082,14.109999656677246,5.708719253540039
10-12-2007,14.0,14.069999694824219,25500,14.140000343322754,14.050000190734863,5.71278715133667
11-12-2007,13.960000038146973,14.050000190734863,41800,14.069999694824219,13.989999771118164,5.688392639160156
12-12-2007,13.890000343322754,14.069999694824219,60700,14.119999885559082,13.890000343322754,5.647731304168701
13-12-2007,13.729999542236328,13.890000343322754,72900,13.9399995803833,13.729999542236328,5.582668781280518
14-12-2007,13.630000114440918,13.729999542236328,55400,13.850000381469727,13.649999618530273,5.550143241882324
17-12-2007,13.470000267028809,13.65999984741211,103700,13.710000038146973,13.479999542236328,5.48102331161499
18-12-2007,13.420000076293945,13.420000076293945,65500,13.569999694824219,13.489999771118164,5.48508882522583
19-12-2007,13.399999618530273,13.449999809265137,113400,13.520000457763672,13.40999984741211,5.452561855316162
20-12-2007,13.319999694824219,13.460000038146973,99700,13.5,13.390000343322754,5.444430828094482
21-12-2007,13.25,13.260000228881836,174400,13.40999984741211,13.3100004196167,5.411898136138916
24-12-2007,13.300000190734863,13.319999694824219,68400,13.430000305175781,13.3100004196167,5.411898136138916
26-12-2007,13.289999961853027,13.34000015258789,100200,13.399999618530273,13.390000343322754,5.444430828094482
27-12-2007,13.3100004196167,13.319999694824219,138300,13.5,13.420000076293945,5.4566240310668945
28-12-2007,13.359999656677246,13.380000114440918,180300,13.520000457763672,13.520000457763672,5.497286796569824
31-12-2007,13.420000076293945,13.529999732971191,180300,13.600000381469727,13.479999542236328,5.48102331161499
02-01-2008,13.460000038146973,13.479999542236328,53200,13.779999732971191,13.699999809265137,5.570474147796631
03-01-2008,13.699999809265137,13.699999809265137,51300,14.130000114440918,14.130000114440918,5.745314121246338
04-01-2008,14.140000343322754,14.1899995803833,46700,14.319999694824219,14.289999961853027,5.810368537902832
07-01-2008,14.25,14.350000381469727,49800,14.420000076293945,14.329999923706055,5.826633453369141
08-01-2008,14.350000381469727,14.350000381469727,39500,14.479999542236328,14.430000305175781,5.867295742034912
09-01-2008,14.390000343322754,14.430000305175781,20100,14.510000228881836,14.4399995803833,5.871362686157227
10-01-2008,14.430000305175781,14.4399995803833,23000,14.550000190734863,14.510000228881836,5.899825572967529
11-01-2008,14.510000228881836,14.539999961853027,29100,14.670000076293945,14.619999885559082,5.944549560546875
14-01-2008,14.520000457763672,14.5600004196167,49000,14.760000228881836,14.710000038146973,6.009921550750732
15-01-2008,14.65999984741211,14.760000228881836,42100,14.84000015258789,14.800000190734863,6.046693801879883
16-01-2008,14.65999984741211,14.75,39300,14.84000015258789,14.729999542236328,6.018091201782227
17-01-2008,14.579999923706055,14.699999809265137,63800,14.800000190734863,14.609999656677246,5.969061374664307
18-01-2008,14.300000190734863,14.65999984741211,51400,14.65999984741211,14.350000381469727,5.862838268280029
22-01-2008,14.100000381469727,14.100000381469727,38800,14.4399995803833,14.4399995803833,5.899609565734863
23-01-2008,14.40999984741211,14.649999618530273,50600,14.779999732971191,14.6899995803833,6.001749038696289
24-01-2008,14.779999732971191,14.779999732971191,29300,14.850000381469727,14.789999961853027,6.042607307434082
25-01-2008,14.640000343322754,14.789999961853027,40700,14.8100004196167,14.640000343322754,5.981321334838867
28-01-2008,14.5600004196167,14.6899995803833,26400,14.729999542236328,14.670000076293945,5.99357795715332
29-01-2008,14.609999656677246,14.6899995803833,22900,14.720000267028809,14.65999984741211,5.9894938468933105
30-01-2008,14.670000076293945,14.699999809265137,37200,14.800000190734863,14.729999542236328,6.018091201782227
31-01-2008,14.619999885559082,14.75,20800,14.760000228881836,14.670000076293945,5.99357795715332
01-02-2008,14.539999961853027,14.609999656677246,55200,14.760000228881836,14.75,6.0262651443481445
04-02-2008,14.699999809265137,14.729999542236328,18700,14.770000457763672,14.760000228881836,6.030350208282471
05-02-2008,14.720000267028809,14.760000228881836,7400,14.770000457763672,14.75,6.0262651443481445
06-02-2008,14.699999809265137,14.789999961853027,13300,14.789999961853027,14.75,6.0262651443481445
07-02-2008,14.6899995803833,14.710000038146973,21800,14.760000228881836,14.699999809265137,6.005834102630615
08-02-2008,14.670000076293945,14.680000305175781,25000,14.8100004196167,14.6899995803833,6.001749038696289
11-02-2008,14.6899995803833,14.6899995803833,42800,14.819999694824219,14.720000267028809,6.014009952545166
12-02-2008,14.75,14.789999961853027,34300,14.899999618530273,14.800000190734863,6.046693801879883
13-02-2008,14.329999923706055,14.670000076293945,78900,14.789999961853027,14.329999923706055,5.8824896812438965
14-02-2008,13.869999885559082,14.170000076293945,122400,14.170000076293945,13.890000343322754,5.7018723487854
15-02-2008,13.600000381469727,13.800000190734863,79800,13.90999984741211,13.850000381469727,5.685446739196777
19-02-2008,13.800000190734863,13.850000381469727,51400,14.100000381469727,14.050000190734863,5.767548084259033
20-02-2008,13.829999923706055,14.050000190734863,44000,14.069999694824219,13.84000015258789,5.681347846984863
21-02-2008,13.710000038146973,13.84000015258789,47100,13.850000381469727,13.729999542236328,5.636185169219971
22-02-2008,13.600000381469727,13.770000457763672,54900,13.770000457763672,13.75,5.6443939208984375
25-02-2008,13.779999732971191,13.779999732971191,36100,13.90999984741211,13.869999885559082,5.693661212921143
26-02-2008,13.90999984741211,13.970000267028809,10400,14.010000228881836,13.9399995803833,5.7223944664001465
27-02-2008,13.770000457763672,14.010000228881836,36500,14.010000228881836,13.800000190734863,5.664923191070557
28-02-2008,13.5,13.770000457763672,82700,13.800000190734863,13.529999732971191,5.554089546203613
29-02-2008,13.220000267028809,13.4399995803833,107900,13.4399995803833,13.300000190734863,5.459676265716553
03-03-2008,13.229999542236328,13.229999542236328,72200,13.670000076293945,13.670000076293945,5.611559867858887
04-03-2008,13.670000076293945,13.720000267028809,85300,13.850000381469727,13.819999694824219,5.673135280609131
05-03-2008,13.899999618530273,13.899999618530273,86500,14.100000381469727,14.029999732971191,5.759340763092041
06-03-2008,13.760000228881836,13.920000076293945,51900,14.100000381469727,13.84000015258789,5.681347846984863
07-03-2008,13.859999656677246,13.869999885559082,41600,14.0600004196167,13.9399995803833,5.7223944664001465
10-03-2008,13.789999961853027,13.9399995803833,54400,13.970000267028809,13.789999961853027,5.6608171463012695
11-03-2008,13.699999809265137,13.8100004196167,56100,13.930000305175781,13.710000038146973,5.627978801727295
12-03-2008,13.479999542236328,13.489999771118164,54000,13.949999809265137,13.569999694824219,5.599096775054932
13-03-2008,13.479999542236328,13.569999694824219,51700,13.619999885559082,13.510000228881836,5.574341297149658
14-03-2008,13.420000076293945,13.550000190734863,24500,13.5600004196167,13.420000076293945,5.53720760345459
17-03-2008,13.15999984741211,13.399999618530273,46900,13.399999618530273,13.15999984741211,5.429928302764893
18-03-2008,13.199999809265137,13.199999809265137,26000,13.430000305175781,13.329999923706055,5.500070095062256
19-03-2008,13.300000190734863,13.329999923706055,43400,13.4399995803833,13.329999923706055,5.500070095062256
20-03-2008,13.239999771118164,13.329999923706055,54800,13.329999923706055,13.239999771118164,5.462935924530029
24-03-2008,13.220000267028809,13.239999771118164,41100,13.399999618530273,13.350000381469727,5.5083208084106445
25-03-2008,13.34000015258789,13.34000015258789,22400,13.569999694824219,13.569999694824219,5.599096775054932
26-03-2008,13.529999732971191,13.680000305175781,45800,13.6899995803833,13.59000015258789,5.607346534729004
27-03-2008,13.600000381469727,13.670000076293945,22600,13.729999542236328,13.699999809265137,5.652735710144043
28-03-2008,13.600000381469727,13.65999984741211,29700,13.729999542236328,13.600000381469727,5.611474990844727
31-03-2008,13.670000076293945,13.6899995803833,20000,13.729999542236328,13.729999542236328,5.665109634399414
01-04-2008,13.6899995803833,13.770000457763672,68200,13.84000015258789,13.819999694824219,5.702249526977539
02-04-2008,13.75,13.8100004196167,33100,13.880000114440918,13.850000381469727,5.714623928070068
03-04-2008,13.789999961853027,13.850000381469727,44200,13.880000114440918,13.800000190734863,5.693994998931885
04-04-2008,13.760000228881836,13.850000381469727,29800,13.859999656677246,13.789999961853027,5.689867973327637
07-04-2008,13.729999542236328,13.800000190734863,46900,13.800000190734863,13.75,5.673360824584961
08-04-2008,13.649999618530273,13.739999771118164,29200,13.75,13.649999618530273,5.632104396820068
09-04-2008,13.670000076293945,13.6899995803833,17600,13.75,13.75,5.673360824584961
10-04-2008,13.729999542236328,13.75,43000,13.800000190734863,13.770000457763672,5.681617259979248
11-04-2008,13.6899995803833,13.739999771118164,42700,13.8100004196167,13.739999771118164,5.698206901550293
14-04-2008,13.670000076293945,13.779999732971191,60300,13.8100004196167,13.670000076293945,5.669175624847412
15-04-2008,13.600000381469727,13.699999809265137,36500,13.699999809265137,13.640000343322754,5.656737327575684
16-04-2008,13.609999656677246,13.699999809265137,38600,13.75,13.75,5.7023515701293945
17-04-2008,13.75,13.779999732971191,17100,13.829999923706055,13.829999923706055,5.735528469085693
18-04-2008,13.729999542236328,13.729999542236328,29000,13.880000114440918,13.84000015258789,5.739678859710693
21-04-2008,13.770000457763672,13.880000114440918,20700,13.880000114440918,13.859999656677246,5.747974395751953
22-04-2008,13.789999961853027,13.859999656677246,27900,13.890000343322754,13.890000343322754,5.760413646697998
23-04-2008,13.829999923706055,13.880000114440918,67900,13.979999542236328,13.979999542236328,5.797740936279297
24-04-2008,13.90999984741211,13.930000305175781,44900,13.989999771118164,13.970000267028809,5.793591499328613
25-04-2008,13.890000343322754,13.970000267028809,24100,14.039999961853027,13.90999984741211,5.768708229064941
28-04-2008,13.859999656677246,13.930000305175781,48200,13.9399995803833,13.869999885559082,5.752120018005371
29-04-2008,13.829999923706055,13.859999656677246,33800,13.890000343322754,13.829999923706055,5.735528469085693
30-04-2008,13.84000015258789,13.84000015258789,27700,13.920000076293945,13.880000114440918,5.756267547607422
01-05-2008,13.880000114440918,13.880000114440918,64800,14.0,13.989999771118164,5.801886081695557
02-05-2008,13.890000343322754,14.0,40000,14.0,13.949999809265137,5.7852983474731445
05-05-2008,13.890000343322754,13.989999771118164,24100,13.989999771118164,13.899999618530273,5.764559268951416
06-05-2008,13.850000381469727,13.90999984741211,69600,13.949999809265137,13.890000343322754,5.760413646697998
07-05-2008,13.899999618530273,13.90999984741211,55000,14.0,13.949999809265137,5.7852983474731445
08-05-2008,13.899999618530273,13.949999809265137,18200,14.0,13.970000267028809,5.793591499328613
09-05-2008,13.920000076293945,13.9399995803833,22600,13.989999771118164,13.930000305175781,5.777003288269043
12-05-2008,13.930000305175781,13.979999542236328,35400,14.029999732971191,13.930000305175781,5.777003288269043
13-05-2008,13.859999656677246,13.880000114440918,16700,13.930000305175781,13.899999618530273,5.793673038482666
14-05-2008,13.850000381469727,13.920000076293945,41600,13.970000267028809,13.949999809265137,5.814513683319092
15-05-2008,13.819999694824219,13.979999542236328,40900,13.979999542236328,13.819999694824219,5.7603278160095215
16-05-2008,13.819999694824219,13.819999694824219,15400,13.899999618530273,13.819999694824219,5.7603278160095215
19-05-2008,13.829999923706055,13.829999923706055,15500,13.899999618530273,13.850000381469727,5.7728352546691895
20-05-2008,13.829999923706055,13.890000343322754,34900,13.949999809265137,13.899999618530273,5.793673038482666
21-05-2008,13.859999656677246,13.859999656677246,33500,13.949999809265137,13.880000114440918,5.78533935546875
22-05-2008,13.84000015258789,13.84000015258789,31800,13.920000076293945,13.899999618530273,5.793673038482666
23-05-2008,13.84000015258789,13.9399995803833,22800,13.970000267028809,13.84000015258789,5.768666744232178
27-05-2008,13.789999961853027,13.960000038146973,45400,13.960000038146973,13.84000015258789,5.768666744232178
28-05-2008,13.800000190734863,13.920000076293945,48500,13.920000076293945,13.829999923706055,5.764500141143799
29-05-2008,13.84000015258789,13.84000015258789,38500,13.979999542236328,13.899999618530273,5.793673038482666
30-05-2008,13.859999656677246,13.899999618530273,38400,13.90999984741211,13.890000343322754,5.7895073890686035
02-06-2008,13.859999656677246,13.899999618530273,49200,13.960000038146973,13.920000076293945,5.802009105682373
03-06-2008,13.890000343322754,13.899999618530273,35000,13.989999771118164,13.930000305175781,5.806180953979492
04-06-2008,13.930000305175781,14.029999732971191,45500,14.029999732971191,13.930000305175781,5.806180953979492
05-06-2008,13.9399995803833,13.9399995803833,11700,14.020000457763672,14.020000457763672,5.843696117401123
06-06-2008,14.0,14.0,21200,14.0600004196167,14.029999732971191,5.847862243652344
09-06-2008,14.0,14.09000015258789,29300,14.09000015258789,14.010000228881836,5.839523792266846
10-06-2008,13.899999618530273,14.0,24800,14.039999961853027,13.920000076293945,5.802009105682373
11-06-2008,13.899999618530273,13.9399995803833,50500,14.0,13.899999618530273,5.793673038482666
12-06-2008,13.680000305175781,13.829999923706055,49000,13.84000015258789,13.680000305175781,5.73084020614624
13-06-2008,13.59000015258789,13.680000305175781,65800,13.729999542236328,13.59000015258789,5.693136692047119
16-06-2008,13.609999656677246,13.640000343322754,24500,13.699999809265137,13.609999656677246,5.701511383056641
17-06-2008,13.4399995803833,13.739999771118164,57500,13.739999771118164,13.449999809265137,5.634484767913818
18-06-2008,13.319999694824219,13.4399995803833,59100,13.5,13.34000015258789,5.588405132293701
19-06-2008,13.329999923706055,13.430000305175781,27500,13.460000038146973,13.34000015258789,5.588405132293701
20-06-2008,13.170000076293945,13.260000228881836,43600,13.369999885559082,13.170000076293945,5.517186641693115
23-06-2008,13.0600004196167,13.0600004196167,41000,13.279999732971191,13.199999809265137,5.529751300811768
24-06-2008,13.210000038146973,13.279999732971191,35600,13.369999885559082,13.369999885559082,5.600971221923828
25-06-2008,13.350000381469727,13.399999618530273,47800,13.470000267028809,13.369999885559082,5.600971221923828
26-06-2008,13.210000038146973,13.210000038146973,51800,13.479999542236328,13.390000343322754,5.60935115814209
27-06-2008,13.390000343322754,13.5600004196167,35300,13.5600004196167,13.4399995803833,5.6302971839904785
30-06-2008,13.369999885559082,13.449999809265137,41400,13.529999732971191,13.4399995803833,5.6302971839904785
01-07-2008,13.430000305175781,13.5,62000,13.59000015258789,13.529999732971191,5.668001651763916
02-07-2008,13.520000457763672,13.520000457763672,34900,13.649999618530273,13.609999656677246,5.701511383056641
03-07-2008,13.550000190734863,13.850000381469727,21800,13.850000381469727,13.600000381469727,5.69732666015625
07-07-2008,13.600000381469727,13.600000381469727,22600,13.710000038146973,13.6899995803833,5.735024929046631
08-07-2008,13.600000381469727,13.699999809265137,28400,13.699999809265137,13.600000381469727,5.69732666015625
09-07-2008,13.609999656677246,13.619999885559082,33000,13.739999771118164,13.710000038146973,5.743403434753418
10-07-2008,13.680000305175781,13.710000038146973,35800,13.779999732971191,13.779999732971191,5.772732257843018
11-07-2008,13.5600004196167,13.6899995803833,26300,13.720000267028809,13.5600004196167,5.70957088470459
14-07-2008,13.369999885559082,13.550000190734863,38500,13.5600004196167,13.369999885559082,5.629568576812744
15-07-2008,13.050000190734863,13.270000457763672,57500,13.359999656677246,13.100000381469727,5.515881538391113
16-07-2008,13.010000228881836,13.010000228881836,19900,13.149999618530273,13.109999656677246,5.520095348358154
17-07-2008,13.079999923706055,13.109999656677246,18700,13.260000228881836,13.25,5.579044818878174
18-07-2008,13.130000114440918,13.329999923706055,36600,13.399999618530273,13.130000114440918,5.528518199920654
21-07-2008,13.09000015258789,13.100000381469727,27700,13.210000038146973,13.140000343322754,5.5327277183532715
22-07-2008,13.130000114440918,13.210000038146973,31400,13.220000267028809,13.149999618530273,5.536935806274414
23-07-2008,13.119999885559082,13.220000267028809,30700,13.229999542236328,13.119999885559082,5.524303436279297
24-07-2008,13.0,13.210000038146973,44900,13.210000038146973,13.020000457763672,5.482197284698486
25-07-2008,12.989999771118164,13.0600004196167,43000,13.069999694824219,13.010000228881836,5.477986812591553
28-07-2008,12.930000305175781,13.039999961853027,83200,13.050000190734863,12.979999542236328,5.465356826782227
29-07-2008,12.90999984741211,12.90999984741211,19300,13.0600004196167,13.0600004196167,5.4990410804748535
30-07-2008,13.050000190734863,13.079999923706055,31500,13.149999618530273,13.100000381469727,5.515881538391113
31-07-2008,12.989999771118164,13.109999656677246,19400,13.119999885559082,13.100000381469727,5.515881538391113
01-08-2008,12.979999542236328,12.979999542236328,23700,13.149999618530273,13.149999618530273,5.536935806274414
04-08-2008,13.0600004196167,13.149999618530273,23200,13.149999618530273,13.0600004196167,5.4990410804748535
05-08-2008,12.960000038146973,13.130000114440918,30900,13.130000114440918,13.039999961853027,5.490619659423828
06-08-2008,12.9399995803833,13.079999923706055,34900,13.09000015258789,12.9399995803833,5.448513031005859
07-08-2008,12.84000015258789,12.949999809265137,51400,12.989999771118164,12.84000015258789,5.406406879425049
08-08-2008,12.859999656677246,12.930000305175781,39300,13.010000228881836,12.989999771118164,5.4695658683776855
11-08-2008,12.90999984741211,13.079999923706055,27600,13.079999923706055,12.970000267028809,5.46114444732666
12-08-2008,12.84000015258789,12.979999542236328,65700,12.979999542236328,12.930000305175781,5.444301605224609
13-08-2008,12.800000190734863,12.930000305175781,31900,12.930000305175781,12.800000190734863,5.4188971519470215
14-08-2008,12.829999923706055,12.880000114440918,10300,12.90999984741211,12.899999618530273,5.461236953735352
15-08-2008,12.779999732971191,12.949999809265137,31100,12.949999809265137,12.819999694824219,5.427368640899658
18-08-2008,12.84000015258789,12.84000015258789,27800,12.890000343322754,12.890000343322754,5.457004547119141
19-08-2008,12.789999961853027,12.920000076293945,20000,12.920000076293945,12.819999694824219,5.427368640899658
20-08-2008,12.800000190734863,12.850000381469727,30200,12.890000343322754,12.890000343322754,5.457004547119141
21-08-2008,12.770000457763672,12.850000381469727,47600,12.930000305175781,12.789999961853027,5.414669036865234
22-08-2008,12.779999732971191,12.789999961853027,23700,12.84000015258789,12.84000015258789,5.43583345413208
25-08-2008,12.800000190734863,12.850000381469727,26300,12.890000343322754,12.829999923706055,5.431604385375977
26-08-2008,12.8100004196167,12.8100004196167,27200,12.90999984741211,12.90999984741211,5.465473175048828
27-08-2008,12.880000114440918,12.930000305175781,39400,13.0,12.949999809265137,5.48240327835083
28-08-2008,12.899999618530273,12.949999809265137,31800,12.979999542236328,12.899999618530273,5.461236953735352
29-08-2008,12.8100004196167,12.930000305175781,41800,12.9399995803833,12.84000015258789,5.43583345413208
02-09-2008,12.84000015258789,12.880000114440918,38800,12.920000076293945,12.920000076293945,5.4697065353393555
03-09-2008,12.899999618530273,12.9399995803833,27600,12.949999809265137,12.949999809265137,5.48240327835083
04-09-2008,12.869999885559082,12.949999809265137,30000,12.949999809265137,12.880000114440918,5.452768325805664
05-09-2008,12.819999694824219,12.880000114440918,43500,12.90999984741211,12.890000343322754,5.457004547119141
08-09-2008,12.859999656677246,12.949999809265137,79800,12.949999809265137,12.890000343322754,5.457004547119141
09-09-2008,12.899999618530273,12.9399995803833,43000,12.989999771118164,12.899999618530273,5.461236953735352
10-09-2008,12.869999885559082,12.930000305175781,57300,12.9399995803833,12.9399995803833,5.4781694412231445
11-09-2008,12.680000305175781,12.850000381469727,22100,12.850000381469727,12.680000305175781,5.397295951843262
12-09-2008,12.609999656677246,12.699999809265137,63400,12.699999809265137,12.640000343322754,5.3802714347839355
15-09-2008,12.489999771118164,12.550000190734863,54800,12.59000015258789,12.520000457763672,5.3291916847229
16-09-2008,12.09000015258789,12.210000038146973,57400,12.3100004196167,12.149999618530273,5.171701431274414
17-09-2008,11.90999984741211,12.0,67500,12.109999656677246,12.0,5.107851028442383
18-09-2008,11.25,11.399999618530273,128600,11.529999732971191,11.40999984741211,4.856716156005859
19-09-2008,11.600000381469727,11.600000381469727,41000,12.260000228881836,12.09000015258789,5.1461615562438965
22-09-2008,11.59000015258789,12.210000038146973,42500,12.239999771118164,11.600000381469727,4.9375901222229
23-09-2008,11.180000305175781,11.710000038146973,36200,11.710000038146973,11.270000457763672,4.797122001647949
24-09-2008,11.050000190734863,11.100000381469727,47700,11.329999923706055,11.199999809265137,4.76732873916626
25-09-2008,11.199999809265137,11.199999809265137,58000,11.470000267028809,11.260000228881836,4.7928690910339355
26-09-2008,10.649999618530273,11.010000228881836,51100,11.260000228881836,10.699999809265137,4.554501056671143
29-09-2008,10.039999961853027,10.25,85800,10.729999542236328,10.140000343322754,4.316135883331299
30-09-2008,9.890000343322754,9.890000343322754,73800,10.270000457763672,10.270000457763672,4.371468544006348
01-10-2008,10.130000114440918,10.149999618530273,58400,10.680000305175781,10.369999885559082,4.414035797119141
02-10-2008,10.210000038146973,10.25,48500,10.65999984741211,10.4399995803833,4.443830490112305
03-10-2008,10.25,10.25,62400,10.880000114440918,10.59000015258789,4.507679462432861
06-10-2008,8.979999542236328,10.300000190734863,80200,10.3100004196167,9.199999809265137,3.916018486022949
07-10-2008,8.960000038146973,9.100000381469727,101100,9.40999984741211,9.079999923706055,3.8649401664733887
08-10-2008,8.210000038146973,9.0,157700,9.0,8.449999809265137,3.5967791080474854
09-10-2008,8.399999618530273,8.5,114400,8.600000381469727,8.420000076293945,3.5840086936950684
10-10-2008,7.110000133514404,7.5,103100,7.650000095367432,7.309999942779541,3.1376168727874756
13-10-2008,7.599999904632568,7.599999904632568,22100,9.260000228881836,8.399999618530273,3.605471611022949
14-10-2008,8.930000305175781,9.550000190734863,38700,9.5600004196167,9.380000114440918,4.0261101722717285
15-10-2008,8.739999771118164,9.220000267028809,42000,9.220000267028809,8.75,3.7556991577148438
16-10-2008,8.59000015258789,8.869999885559082,64000,8.890000343322754,8.75,3.7556991577148438
17-10-2008,8.550000190734863,8.75,44600,9.0,9.0,3.8630032539367676
20-10-2008,9.09000015258789,9.260000228881836,56600,9.729999542236328,9.680000305175781,4.1548752784729
21-10-2008,9.390000343322754,9.430000305175781,46000,9.720000267028809,9.720000267028809,4.1720452308654785
22-10-2008,9.75,9.75,47000,10.039999961853027,9.930000305175781,4.262181282043457
23-10-2008,10.010000228881836,10.149999618530273,58500,10.5,10.050000190734863,4.313686847686768
24-10-2008,9.199999809265137,10.0,42300,10.0,9.859999656677246,4.2321343421936035
27-10-2008,9.600000381469727,9.600000381469727,61200,9.880000114440918,9.619999885559082,4.12912130355835
28-10-2008,9.619999885559082,9.619999885559082,52600,9.739999771118164,9.720000267028809,4.1720452308654785
29-10-2008,9.600000381469727,9.640000343322754,59700,9.75,9.600000381469727,4.120538711547852
30-10-2008,9.550000190734863,9.619999885559082,51600,9.699999809265137,9.59000015258789,4.116244792938232
31-10-2008,9.350000381469727,9.550000190734863,62700,9.649999618530273,9.5,4.077613353729248
03-11-2008,9.350000381469727,9.449999809265137,50700,9.550000190734863,9.550000190734863,4.0990777015686035
04-11-2008,9.470000267028809,9.550000190734863,81000,9.890000343322754,9.65999984741211,4.146291732788086
05-11-2008,9.720000267028809,9.90999984741211,63500,10.010000228881836,9.989999771118164,4.287934303283691
06-11-2008,9.989999771118164,9.989999771118164,51000,10.369999885559082,10.149999618530273,4.356610298156738
07-11-2008,9.850000381469727,10.15999984741211,56500,10.5600004196167,10.350000381469727,4.442455768585205
10-11-2008,10.319999694824219,10.5,43700,10.600000381469727,10.350000381469727,4.442455768585205
11-11-2008,10.079999923706055,10.399999618530273,26200,10.399999618530273,10.100000381469727,4.335146903991699
12-11-2008,9.430000305175781,9.850000381469727,73100,9.989999771118164,9.430000305175781,4.075817584991455
13-11-2008,9.109999656677246,9.350000381469727,33500,9.5600004196167,9.40999984741211,4.067172527313232
14-11-2008,9.3100004196167,9.449999809265137,20900,9.6899995803833,9.5600004196167,4.1320037841796875
17-11-2008,9.40999984741211,9.789999961853027,57300,9.789999961853027,9.510000228881836,4.110396385192871
18-11-2008,9.130000114440918,9.399999618530273,59400,9.489999771118164,9.319999694824219,4.028273582458496
19-11-2008,8.890000343322754,9.270000457763672,54800,9.270000457763672,8.949999809265137,3.868354320526123
20-11-2008,8.130000114440918,8.699999809265137,77900,8.699999809265137,8.210000038146973,3.5485122203826904
21-11-2008,8.260000228881836,8.380000114440918,126400,8.829999923706055,8.579999923706055,3.708430051803589
24-11-2008,8.579999923706055,8.579999923706055,35200,8.920000076293945,8.670000076293945,3.747333526611328
25-11-2008,8.40999984741211,8.680000305175781,61200,8.760000228881836,8.670000076293945,3.747333526611328
26-11-2008,8.430000305175781,8.600000381469727,67400,8.729999542236328,8.670000076293945,3.747333526611328
28-11-2008,8.4399995803833,8.670000076293945,36700,8.729999542236328,8.729999542236328,3.7732646465301514
01-12-2008,8.649999618530273,8.770000457763672,47000,8.789999961853027,8.75,3.781909704208374
02-12-2008,8.399999618530273,8.800000190734863,73100,8.800000190734863,8.430000305175781,3.6435999870300293
03-12-2008,8.329999923706055,8.420000076293945,63000,8.420000076293945,8.420000076293945,3.639277935028076
04-12-2008,8.020000457763672,8.180000305175781,129900,8.300000190734863,8.100000381469727,3.500967025756836
05-12-2008,7.929999828338623,7.929999828338623,78800,8.130000114440918,8.010000228881836,3.462068796157837
08-12-2008,7.949999809265137,7.949999809265137,44200,8.170000076293945,8.069999694824219,3.488002061843872
09-12-2008,7.800000190734863,8.0,70500,8.0,7.829999923706055,3.3842692375183105
10-12-2008,7.659999847412109,7.789999961853027,119900,7.900000095367432,7.829999923706055,3.4147965908050537
11-12-2008,7.559999942779541,7.800000190734863,59200,7.920000076293945,7.599999904632568,3.314490556716919
12-12-2008,7.28000020980835,7.480000019073486,135500,7.489999771118164,7.480000019073486,3.2621569633483887
15-12-2008,7.349999904632568,7.480000019073486,167700,7.800000190734863,7.570000171661377,3.301408052444458
16-12-2008,7.119999885559082,7.650000095367432,101700,7.659999847412109,7.559999942779541,3.2970457077026367
17-12-2008,7.409999847412109,7.409999847412109,83700,8.109999656677246,7.949999809265137,3.4671294689178467
18-12-2008,7.800000190734863,8.039999961853027,87000,8.149999618530273,8.050000190734863,3.5107429027557373
19-12-2008,7.889999866485596,7.920000076293945,121600,8.300000190734863,8.220000267028809,3.584883451461792
22-12-2008,8.109999656677246,8.300000190734863,90200,8.420000076293945,8.380000114440918,3.6546623706817627
23-12-2008,8.180000305175781,8.430000305175781,92700,8.470000267028809,8.25,3.597966432571411
24-12-2008,7.940000057220459,8.229999542236328,72700,8.289999961853027,8.1899995803833,3.5717999935150146
26-12-2008,7.949999809265137,8.029999732971191,61100,8.380000114440918,8.279999732971191,3.6110482215881348
29-12-2008,8.109999656677246,8.210000038146973,86300,8.350000381469727,8.170000076293945,3.563077449798584
30-12-2008,8.170000076293945,8.210000038146973,65400,8.34000015258789,8.34000015258789,3.6372182369232178
31-12-2008,8.270000457763672,8.270000457763672,118100,8.6899995803833,8.359999656677246,3.64593768119812
02-01-2009,8.359999656677246,8.359999656677246,38500,8.770000457763672,8.770000457763672,3.824748992919922
05-01-2009,8.789999961853027,8.789999961853027,41300,8.979999542236328,8.979999542236328,3.916332960128784
06-01-2009,9.0,9.0,91300,9.350000381469727,9.289999961853027,4.051529407501221
07-01-2009,9.210000038146973,9.289999961853027,43900,9.329999923706055,9.329999923706055,4.068974494934082
08-01-2009,9.329999923706055,9.369999885559082,144800,9.550000190734863,9.470000267028809,4.130032062530518
09-01-2009,9.470000267028809,9.470000267028809,101500,9.829999923706055,9.75,4.2521443367004395
12-01-2009,9.699999809265137,9.899999618530273,78600,9.930000305175781,9.800000190734863,4.2739481925964355
13-01-2009,9.84000015258789,9.899999618530273,85100,9.9399995803833,9.859999656677246,4.300116539001465
14-01-2009,9.390000343322754,9.789999961853027,77500,9.850000381469727,9.4399995803833,4.1463847160339355
15-01-2009,9.300000190734863,9.40999984741211,85300,9.5600004196167,9.550000190734863,4.194698333740234
16-01-2009,9.619999885559082,9.739999771118164,55600,9.779999732971191,9.770000457763672,4.291331768035889
20-01-2009,9.630000114440918,9.8100004196167,55700,9.829999923706055,9.640000343322754,4.234231472015381
21-01-2009,9.600000381469727,9.600000381469727,31700,9.819999694824219,9.8100004196167,4.308900356292725
22-01-2009,9.510000228881836,9.8100004196167,53500,9.880000114440918,9.680000305175781,4.251802921295166
23-01-2009,9.40999984741211,9.40999984741211,58500,9.84000015258789,9.770000457763672,4.291331768035889
26-01-2009,9.729999542236328,9.859999656677246,45700,9.960000038146973,9.949999809265137,4.370392799377441
27-01-2009,9.789999961853027,10.010000228881836,44000,10.09000015258789,10.09000015258789,4.431885242462158
28-01-2009,9.800000190734863,10.130000114440918,51000,10.1899995803833,10.0600004196167,4.418708324432373
29-01-2009,9.90999984741211,10.0600004196167,20100,10.15999984741211,9.989999771118164,4.387964725494385
30-01-2009,9.930000305175781,10.09000015258789,24500,10.09000015258789,10.039999961853027,4.4099249839782715
02-02-2009,10.010000228881836,10.069999694824219,67400,10.199999809265137,10.199999809265137,4.4802021980285645
03-02-2009,10.100000381469727,10.119999885559082,24200,10.289999961853027,10.279999732971191,4.515341281890869
04-02-2009,10.210000038146973,10.260000228881836,34400,10.3100004196167,10.220000267028809,4.488986968994141
05-02-2009,10.220000267028809,10.220000267028809,31800,10.270000457763672,10.270000457763672,4.510951519012451
06-02-2009,10.180000305175781,10.270000457763672,31400,10.300000190734863,10.220000267028809,4.488986968994141
09-02-2009,10.15999984741211,10.15999984741211,67800,10.489999771118164,10.329999923706055,4.5373005867004395
10-02-2009,10.260000228881836,10.329999923706055,54900,10.470000267028809,10.300000190734863,4.524123191833496
11-02-2009,10.069999694824219,10.300000190734863,65400,10.3100004196167,10.199999809265137,4.510856628417969
12-02-2009,10.100000381469727,10.199999809265137,22400,10.239999771118164,10.239999771118164,4.52855110168457
13-02-2009,10.260000228881836,10.390000343322754,56900,10.430000305175781,10.420000076293945,4.608150959014893
17-02-2009,9.979999542236328,10.449999809265137,45200,10.449999809265137,9.979999542236328,4.4135661125183105
18-02-2009,9.770000457763672,10.09000015258789,60300,10.09000015258789,9.819999694824219,4.342807769775391
19-02-2009,9.619999885559082,9.880000114440918,44200,9.880000114440918,9.680000305175781,4.280892372131348
20-02-2009,9.15999984741211,9.609999656677246,85000,9.619999885559082,9.600000381469727,4.245512008666992
23-02-2009,9.239999771118164,9.600000381469727,40700,9.600000381469727,9.25,4.090728759765625
24-02-2009,9.010000228881836,9.25,72200,9.4399995803833,9.399999618530273,4.15706729888916
25-02-2009,9.3100004196167,9.3100004196167,55500,9.640000343322754,9.539999961853027,4.218978404998779
26-02-2009,9.539999961853027,9.90999984741211,68400,9.90999984741211,9.640000343322754,4.263200283050537
27-02-2009,9.470000267028809,9.569999694824219,24100,9.75,9.600000381469727,4.245512008666992
02-03-2009,9.3100004196167,9.4399995803833,64500,9.520000457763672,9.350000381469727,4.134949684143066
03-03-2009,9.09000015258789,9.3100004196167,61100,9.350000381469727,9.180000305175781,4.059772491455078
04-03-2009,9.119999885559082,9.180000305175781,53900,9.300000190734863,9.229999542236328,4.081883907318115
05-03-2009,9.149999618530273,9.149999618530273,49700,9.210000038146973,9.180000305175781,4.059772491455078
06-03-2009,9.100000381469727,9.170000076293945,24200,9.260000228881836,9.119999885559082,4.033237934112549
09-03-2009,8.90999984741211,9.119999885559082,67700,9.180000305175781,9.180000305175781,4.059772491455078
10-03-2009,8.9399995803833,8.9399995803833,113100,9.199999809265137,9.1899995803833,4.064193248748779
11-03-2009,9.109999656677246,9.130000114440918,60100,9.300000190734863,9.1899995803833,4.064193248748779
12-03-2009,9.0600004196167,9.0600004196167,22300,9.25,9.220000267028809,4.1110124588012695
13-03-2009,9.25,9.329999923706055,27800,9.329999923706055,9.300000190734863,4.146683216094971
16-03-2009,9.210000038146973,9.289999961853027,47800,9.3100004196167,9.279999732971191,4.137762069702148
17-03-2009,9.199999809265137,9.260000228881836,34700,9.300000190734863,9.300000190734863,4.146683216094971
18-03-2009,9.210000038146973,9.279999732971191,46000,9.5,9.449999809265137,4.213563919067383
19-03-2009,9.449999809265137,9.5,35400,9.550000190734863,9.510000228881836,4.240317344665527
20-03-2009,9.449999809265137,9.510000228881836,21100,9.550000190734863,9.510000228881836,4.240317344665527
23-03-2009,9.539999961853027,9.899999618530273,42400,9.899999618530273,9.720000267028809,4.333950519561768
24-03-2009,9.539999961853027,9.760000228881836,85800,10.0,10.0,4.458797454833984
25-03-2009,9.819999694824219,9.949999809265137,49500,9.949999809265137,9.9399995803833,4.43204402923584
26-03-2009,9.859999656677246,9.949999809265137,32300,10.0,9.970000267028809,4.445420742034912
27-03-2009,9.720000267028809,9.720000267028809,20700,9.989999771118164,9.949999809265137,4.436505317687988
30-03-2009,9.600000381469727,9.949999809265137,46000,9.949999809265137,9.680000305175781,4.316114902496338
31-03-2009,9.649999618530273,9.779999732971191,25500,9.880000114440918,9.65999984741211,4.307199954986572
01-04-2009,9.539999961853027,9.729999542236328,44600,9.960000038146973,9.949999809265137,4.436505317687988
02-04-2009,9.930000305175781,9.979999542236328,41100,10.010000228881836,9.930000305175781,4.427587032318115
03-04-2009,9.800000190734863,9.979999542236328,29000,9.979999542236328,9.800000190734863,4.369619846343994
06-04-2009,9.65999984741211,9.84000015258789,56500,9.90999984741211,9.819999694824219,4.378540515899658
07-04-2009,9.699999809265137,9.75,28600,9.890000343322754,9.800000190734863,4.369619846343994
08-04-2009,9.75,9.75,35500,9.960000038146973,9.9399995803833,4.43204402923584
09-04-2009,9.949999809265137,9.960000038146973,32600,10.119999885559082,10.050000190734863,4.481093406677246
13-04-2009,9.819999694824219,10.319999694824219,48500,10.380000114440918,10.029999732971191,4.505800724029541
14-04-2009,9.84000015258789,9.890000343322754,28800,10.079999923706055,10.039999961853027,4.510291576385498
15-04-2009,9.869999885559082,10.09000015258789,32500,10.09000015258789,10.069999694824219,4.523772239685059
16-04-2009,10.050000190734863,10.1899995803833,45600,10.199999809265137,10.050000190734863,4.514784812927246
17-04-2009,10.09000015258789,10.199999809265137,33700,10.199999809265137,10.130000114440918,4.550724983215332
20-04-2009,10.010000228881836,10.180000305175781,29900,10.180000305175781,10.100000381469727,4.537245750427246
21-04-2009,10.100000381469727,10.15999984741211,24500,10.170000076293945,10.149999618530273,4.559708595275879
22-04-2009,10.109999656677246,10.149999618530273,93300,10.380000114440918,10.300000190734863,4.6270904541015625
23-04-2009,10.229999542236328,10.229999542236328,54400,10.449999809265137,10.40999984741211,4.676506996154785
24-04-2009,10.329999923706055,10.399999618530273,17100,10.4399995803833,10.399999618530273,4.672015190124512
27-04-2009,10.449999809265137,10.449999809265137,35600,10.5,10.489999771118164,4.712446212768555
28-04-2009,10.420000076293945,10.449999809265137,68500,10.5,10.449999809265137,4.694477558135986
29-04-2009,10.449999809265137,10.449999809265137,37300,10.600000381469727,10.479999542236328,4.707953453063965
30-04-2009,10.350000381469727,10.430000305175781,73900,10.489999771118164,10.399999618530273,4.672015190124512
01-05-2009,10.399999618530273,10.5,54200,10.720000267028809,10.6899995803833,4.802293300628662
04-05-2009,10.630000114440918,10.630000114440918,59000,10.930000305175781,10.640000343322754,4.779832363128662
05-05-2009,10.640000343322754,10.760000228881836,38400,10.760000228881836,10.729999542236328,4.8202619552612305
06-05-2009,10.630000114440918,10.880000114440918,59500,10.880000114440918,10.75,4.829246997833252
07-05-2009,10.699999809265137,10.75,45200,10.890000343322754,10.760000228881836,4.833739757537842
08-05-2009,10.789999961853027,10.850000381469727,27400,10.960000038146973,10.890000343322754,4.892140865325928
11-05-2009,10.90999984741211,10.989999771118164,43800,10.989999771118164,10.960000038146973,4.923585891723633
12-05-2009,10.75,10.920000076293945,86800,10.949999809265137,10.869999885559082,4.883153438568115
13-05-2009,10.720000267028809,10.720000267028809,61400,10.850000381469727,10.800000190734863,4.885416507720947
14-05-2009,10.760000228881836,10.970000267028809,57000,10.970000267028809,10.859999656677246,4.912557125091553
15-05-2009,10.8100004196167,10.890000343322754,36100,10.9399995803833,10.850000381469727,4.9080352783203125
18-05-2009,10.680000305175781,10.850000381469727,44000,10.890000343322754,10.819999694824219,4.894463062286377
19-05-2009,10.819999694824219,10.880000114440918,38000,10.90999984741211,10.869999885559082,4.917081832885742
20-05-2009,10.890000343322754,10.890000343322754,37900,10.949999809265137,10.949999809265137,4.953268527984619
21-05-2009,10.859999656677246,10.949999809265137,76600,10.949999809265137,10.949999809265137,4.953268527984619
22-05-2009,10.899999618530273,11.0,101500,11.029999732971191,10.970000267028809,4.962316036224365
26-05-2009,10.84000015258789,10.84000015258789,77400,11.029999732971191,10.989999771118164,4.971365928649902
27-05-2009,10.960000038146973,10.989999771118164,34900,11.029999732971191,10.979999542236328,4.966838359832764
28-05-2009,10.949999809265137,10.970000267028809,63800,11.050000190734863,11.050000190734863,4.998507022857666
29-05-2009,10.899999618530273,11.010000228881836,70600,11.020000457763672,10.899999618530273,4.930652141571045
01-06-2009,10.859999656677246,10.970000267028809,103200,11.039999961853027,10.899999618530273,4.930652141571045
02-06-2009,10.9399995803833,10.9399995803833,28400,11.039999961853027,11.020000457763672,4.9849348068237305
03-06-2009,10.979999542236328,11.029999732971191,54200,11.09000015258789,11.020000457763672,4.9849348068237305
04-06-2009,10.989999771118164,11.109999656677246,36500,11.109999656677246,11.100000381469727,5.021124362945557
05-06-2009,11.149999618530273,11.149999618530273,51000,11.529999732971191,11.3100004196167,5.11611795425415
08-06-2009,11.319999694824219,11.4399995803833,34700,11.550000190734863,11.390000343322754,5.152301788330078
09-06-2009,11.25,11.399999618530273,32500,11.470000267028809,11.380000114440918,5.147781848907471
10-06-2009,11.40999984741211,11.600000381469727,25200,11.600000381469727,11.4399995803833,5.174922466278076
11-06-2009,11.1899995803833,11.390000343322754,36700,11.390000343322754,11.369999885559082,5.1772003173828125
12-06-2009,11.069999694824219,11.270000457763672,67900,11.279999732971191,11.069999694824219,5.040596008300781
15-06-2009,10.609999656677246,11.010000228881836,123800,11.010000228881836,10.789999961853027,4.913102626800537
16-06-2009,10.779999732971191,10.779999732971191,36900,11.109999656677246,11.0600004196167,5.036045551300049
17-06-2009,10.920000076293945,10.920000076293945,39900,11.020000457763672,10.970000267028809,4.995063304901123
18-06-2009,10.899999618530273,10.899999618530273,38700,11.1899995803833,11.029999732971191,5.02238655090332
19-06-2009,10.989999771118164,11.1899995803833,35700,11.1899995803833,11.149999618530273,5.077025890350342
22-06-2009,11.020000457763672,11.229999542236328,18600,11.229999542236328,11.109999656677246,5.058811664581299
23-06-2009,11.020000457763672,11.140000343322754,34500,11.180000305175781,11.09000015258789,5.049704074859619
24-06-2009,10.970000267028809,11.09000015258789,40500,11.09000015258789,11.039999961853027,5.026937007904053
25-06-2009,10.960000038146973,10.979999542236328,34300,11.050000190734863,10.970000267028809,4.995063304901123
26-06-2009,10.920000076293945,11.0,30500,11.079999923706055,10.930000305175781,4.976851940155029
29-06-2009,10.949999809265137,11.100000381469727,31000,11.100000381469727,10.989999771118164,5.004172325134277
30-06-2009,10.949999809265137,11.079999923706055,17400,11.079999923706055,10.949999809265137,4.985955715179443
01-07-2009,10.9399995803833,10.949999809265137,50200,11.029999732971191,11.0,5.008723735809326
02-07-2009,10.899999618530273,10.899999618530273,34000,11.050000190734863,10.979999542236328,4.999616622924805
06-07-2009,11.0,11.050000190734863,21100,11.09000015258789,11.0,5.008723735809326
07-07-2009,11.010000228881836,11.010000228881836,26800,11.149999618530273,11.100000381469727,5.054259300231934
08-07-2009,11.149999618530273,11.1899995803833,32300,11.399999618530273,11.399999618530273,5.190858840942383
09-07-2009,11.300000190734863,11.40999984741211,33600,11.479999542236328,11.359999656677246,5.172643661499023
10-07-2009,11.039999961853027,11.329999923706055,43500,11.399999618530273,11.399999618530273,5.190858840942383
13-07-2009,11.229999542236328,11.380000114440918,28700,11.399999618530273,11.260000228881836,5.161065578460693
14-07-2009,11.260000228881836,11.260000228881836,39600,11.430000305175781,11.399999618530273,5.225234508514404
15-07-2009,11.40999984741211,11.470000267028809,32000,11.5,11.4399995803833,5.2435688972473145
16-07-2009,11.390000343322754,11.420000076293945,37400,11.5,11.5,5.271071434020996
17-07-2009,11.399999618530273,11.430000305175781,31300,11.5,11.399999618530273,5.225234508514404
20-07-2009,11.399999618530273,11.399999618530273,45800,11.569999694824219,11.5,5.271071434020996
21-07-2009,11.369999885559082,11.489999771118164,21600,11.550000190734863,11.5,5.271071434020996
22-07-2009,11.5,11.539999961853027,19900,11.609999656677246,11.529999732971191,5.284820556640625
23-07-2009,11.520000457763672,11.579999923706055,34200,11.699999809265137,11.6899995803833,5.358161926269531
24-07-2009,11.550000190734863,11.550000190734863,26200,11.739999771118164,11.710000038146973,5.367326259613037
27-07-2009,11.699999809265137,11.760000228881836,31800,11.829999923706055,11.75,5.385659694671631
28-07-2009,11.699999809265137,11.739999771118164,24100,11.800000190734863,11.729999542236328,5.376494407653809
29-07-2009,11.609999656677246,11.720000267028809,58300,11.720000267028809,11.710000038146973,5.367326259613037
30-07-2009,11.600000381469727,11.699999809265137,66900,12.15999984741211,11.90999984741211,5.4589996337890625
31-07-2009,11.90999984741211,12.0600004196167,23100,12.0600004196167,11.920000076293945,5.46358060836792
03-08-2009,11.899999618530273,11.920000076293945,42100,12.119999885559082,11.920000076293945,5.46358060836792
04-08-2009,11.899999618530273,12.029999732971191,34500,12.029999732971191,11.979999542236328,5.491082191467285
05-08-2009,11.789999961853027,11.949999809265137,50000,11.949999809265137,11.819999694824219,5.417746543884277
06-08-2009,11.710000038146973,11.819999694824219,62800,11.819999694824219,11.789999961853027,5.403995513916016
07-08-2009,11.59000015258789,11.720000267028809,58700,11.819999694824219,11.600000381469727,5.3169050216674805
10-08-2009,11.5600004196167,11.680000305175781,53800,11.680000305175781,11.600000381469727,5.3169050216674805
11-08-2009,11.65999984741211,11.710000038146973,35500,11.770000457763672,11.770000457763672,5.3948259353637695
12-08-2009,11.529999732971191,11.529999732971191,43500,11.630000114440918,11.569999694824219,5.337165355682373
13-08-2009,11.529999732971191,11.630000114440918,56300,11.75,11.609999656677246,5.355620384216309
14-08-2009,11.4399995803833,11.609999656677246,43900,11.680000305175781,11.539999961853027,5.323328971862793
17-08-2009,11.270000457763672,11.420000076293945,54800,11.520000457763672,11.430000305175781,5.2725830078125
18-08-2009,11.420000076293945,11.550000190734863,44400,11.569999694824219,11.449999809265137,5.281810760498047
19-08-2009,11.420000076293945,11.489999771118164,43100,11.609999656677246,11.59000015258789,5.346388339996338
20-08-2009,11.59000015258789,11.59000015258789,38200,11.930000305175781,11.90999984741211,5.494007587432861
21-08-2009,11.930000305175781,11.979999542236328,55300,12.100000381469727,12.039999961853027,5.553975582122803
24-08-2009,12.039999961853027,12.079999923706055,36200,12.100000381469727,12.09000015258789,5.577038288116455
25-08-2009,11.989999771118164,12.079999923706055,38000,12.079999923706055,12.020000457763672,5.544748306274414
26-08-2009,12.0,12.0,43800,12.140000343322754,12.119999885559082,5.590876579284668
27-08-2009,11.880000114440918,12.119999885559082,68300,12.149999618530273,11.960000038146973,5.517070293426514
28-08-2009,11.9399995803833,11.970000267028809,39300,12.15999984741211,12.100000381469727,5.581653594970703
31-08-2009,12.079999923706055,12.119999885559082,32000,12.199999809265137,12.149999618530273,5.604714870452881
01-09-2009,12.140000343322754,12.1899995803833,90600,12.300000190734863,12.279999732971191,5.664682388305664
02-09-2009,12.119999885559082,12.289999961853027,50200,12.289999961853027,12.180000305175781,5.618554592132568
03-09-2009,12.170000076293945,12.180000305175781,43900,12.229999542236328,12.229999542236328,5.641618251800537
04-09-2009,12.229999542236328,12.229999542236328,47300,12.489999771118164,12.460000038146973,5.747714519500732
08-09-2009,12.449999809265137,12.449999809265137,79600,12.880000114440918,12.850000381469727,5.927619934082031
09-09-2009,12.640000343322754,12.8100004196167,74100,12.970000267028809,12.729999542236328,5.872262477874756
10-09-2009,12.729999542236328,12.75,70600,12.899999618530273,12.779999732971191,5.8953328132629395
11-09-2009,12.65999984741211,12.720000267028809,52600,12.770000457763672,12.710000038146973,5.899973392486572
14-09-2009,12.75,12.8100004196167,34800,12.869999885559082,12.869999885559082,5.974243640899658
15-09-2009,12.9399995803833,12.9399995803833,121800,13.119999885559082,13.0,6.034592151641846
16-09-2009,13.010000228881836,13.100000381469727,60000,13.180000305175781,13.09000015258789,6.0763702392578125
17-09-2009,13.0,13.09000015258789,56500,13.199999809265137,13.199999809265137,6.1274309158325195
18-09-2009,13.149999618530273,13.199999809265137,45000,13.300000190734863,13.25,6.150640964508057
21-09-2009,13.09000015258789,13.149999618530273,55300,13.25,13.210000038146973,6.132070541381836
22-09-2009,13.119999885559082,13.140000343322754,65400,13.25,13.25,6.150640964508057
23-09-2009,13.239999771118164,13.239999771118164,87400,13.5,13.479999542236328,6.257406711578369
24-09-2009,13.3100004196167,13.449999809265137,60400,13.449999809265137,13.329999923706055,6.187777996063232
25-09-2009,13.0600004196167,13.199999809265137,95200,13.380000114440918,13.170000076293945,6.113504886627197
28-09-2009,13.130000114440918,13.170000076293945,66400,13.350000381469727,13.229999542236328,6.141358375549316
29-09-2009,13.199999809265137,13.569999694824219,92700,13.569999694824219,13.229999542236328,6.141358375549316
30-09-2009,13.289999961853027,13.300000190734863,73900,13.4399995803833,13.399999618530273,6.220273017883301
01-10-2009,13.369999885559082,13.399999618530273,69900,13.489999771118164,13.399999618530273,6.220273017883301
02-10-2009,13.350000381469727,13.350000381469727,26700,13.5600004196167,13.529999732971191,6.28061580657959
05-10-2009,13.529999732971191,13.5600004196167,80800,13.890000343322754,13.890000343322754,6.447729110717773
06-10-2009,13.829999923706055,13.899999618530273,49300,14.020000457763672,13.899999618530273,6.45236873626709
07-10-2009,13.649999618530273,13.899999618530273,71600,13.899999618530273,13.789999961853027,6.401307582855225
08-10-2009,13.729999542236328,13.850000381469727,47900,13.930000305175781,13.930000305175781,6.466297626495361
09-10-2009,13.460000038146973,13.930000305175781,81200,13.9399995803833,13.489999771118164,6.262050628662109
12-10-2009,12.770000457763672,13.460000038146973,495800,13.489999771118164,12.880000114440918,5.978886127471924
13-10-2009,12.800000190734863,12.800000190734863,84200,13.050000190734863,13.039999961853027,6.090989589691162
14-10-2009,12.5,13.109999656677246,232100,13.109999656677246,12.539999961853027,5.857439041137695
15-10-2009,12.180000305175781,12.479999542236328,154900,12.600000381469727,12.5,5.838757038116455
16-10-2009,12.539999961853027,12.550000190734863,52500,12.6899995803833,12.680000305175781,5.9228339195251465
19-10-2009,12.710000038146973,12.729999542236328,83300,12.869999885559082,12.850000381469727,6.002242565155029
20-10-2009,12.850000381469727,12.869999885559082,47800,12.949999809265137,12.949999809265137,6.0489501953125
21-10-2009,12.90999984741211,12.9399995803833,45400,12.970000267028809,12.970000267028809,6.05829381942749
22-10-2009,12.920000076293945,12.920000076293945,40600,13.010000228881836,12.960000038146973,6.053623676300049
23-10-2009,12.970000267028809,13.050000190734863,123000,13.100000381469727,13.100000381469727,6.119017124176025
26-10-2009,13.149999618530273,13.149999618530273,53200,13.220000267028809,13.180000305175781,6.156383991241455
27-10-2009,13.119999885559082,13.1899995803833,56700,13.229999542236328,13.229999542236328,6.179742336273193
28-10-2009,13.029999732971191,13.170000076293945,87000,13.229999542236328,13.029999732971191,6.086319446563721
29-10-2009,13.050000190734863,13.180000305175781,42900,13.180000305175781,13.15999984741211,6.14703893661499
30-10-2009,13.109999656677246,13.180000305175781,52300,13.210000038146973,13.210000038146973,6.170398712158203
02-11-2009,13.069999694824219,13.210000038146973,69500,13.319999694824219,13.100000381469727,6.119017124176025
03-11-2009,13.0,13.1899995803833,95000,13.25,13.25,6.189083099365234
04-11-2009,13.25,13.300000190734863,96200,13.380000114440918,13.34000015258789,6.231118202209473
05-11-2009,13.399999618530273,13.529999732971191,107700,13.59000015258789,13.5600004196167,6.333882808685303
06-11-2009,13.5600004196167,13.630000114440918,111800,13.75,13.649999618530273,6.375917434692383
09-11-2009,13.59000015258789,13.600000381469727,107500,13.75,13.680000305175781,6.389933109283447
10-11-2009,13.539999961853027,13.8100004196167,96100,13.8100004196167,13.649999618530273,6.375917434692383
11-11-2009,13.449999809265137,13.649999618530273,94900,13.649999618530273,13.470000267028809,6.291844367980957
12-11-2009,13.09000015258789,13.4399995803833,111600,13.4399995803833,13.149999618530273,6.18137788772583
13-11-2009,13.0,13.260000228881836,50300,13.289999961853027,13.289999961853027,6.247186183929443
16-11-2009,13.390000343322754,13.729999542236328,99500,13.729999542236328,13.59000015258789,6.388205051422119
17-11-2009,13.449999809265137,13.640000343322754,48100,13.65999984741211,13.510000228881836,6.350602626800537
18-11-2009,13.329999923706055,13.640000343322754,85400,13.640000343322754,13.420000076293945,6.308297634124756
19-11-2009,13.220000267028809,13.319999694824219,85500,13.40999984741211,13.3100004196167,6.256592273712158
20-11-2009,13.109999656677246,13.390000343322754,70400,13.390000343322754,13.170000076293945,6.190780162811279
23-11-2009,13.140000343322754,13.270000457763672,67600,13.329999923706055,13.199999809265137,6.2048797607421875
24-11-2009,13.130000114440918,13.1899995803833,77500,13.460000038146973,13.329999923706055,6.265987873077393
25-11-2009,13.380000114440918,13.449999809265137,39900,13.5,13.5,6.345902442932129
27-11-2009,13.470000267028809,13.5,11600,13.649999618530273,13.649999618530273,6.416407108306885
30-11-2009,13.630000114440918,13.739999771118164,58700,13.819999694824219,13.670000076293945,6.425814151763916
01-12-2009,13.59000015258789,13.800000190734863,69500,13.819999694824219,13.59000015258789,6.388205051422119
02-12-2009,13.380000114440918,13.600000381469727,83600,13.609999656677246,13.460000038146973,6.3270978927612305
03-12-2009,13.4399995803833,13.470000267028809,47600,13.649999618530273,13.569999694824219,6.378803730010986
04-12-2009,13.5,13.699999809265137,46900,13.699999809265137,13.529999732971191,6.360003471374512
07-12-2009,13.529999732971191,13.550000190734863,65400,13.649999618530273,13.649999618530273,6.416407108306885
08-12-2009,13.59000015258789,13.630000114440918,70900,13.800000190734863,13.680000305175781,6.43051290512085
09-12-2009,13.5600004196167,13.670000076293945,54900,13.699999809265137,13.600000381469727,6.432878494262695
10-12-2009,13.649999618530273,13.6899995803833,80700,13.850000381469727,13.800000190734863,6.5274834632873535
11-12-2009,13.770000457763672,13.829999923706055,48100,13.90999984741211,13.829999923706055,6.541670799255371
14-12-2009,13.699999809265137,13.800000190734863,59600,13.899999618530273,13.829999923706055,6.541670799255371
15-12-2009,13.529999732971191,13.829999923706055,73100,13.880000114440918,13.529999732971191,6.399767875671387
16-12-2009,13.5,13.609999656677246,52900,13.649999618530273,13.550000190734863,6.4092254638671875
17-12-2009,13.470000267028809,13.510000228881836,48200,13.609999656677246,13.520000457763672,6.395036697387695
18-12-2009,13.399999618530273,13.59000015258789,61400,13.600000381469727,13.520000457763672,6.395036697387695
21-12-2009,13.420000076293945,13.569999694824219,61700,13.569999694824219,13.470000267028809,6.371389389038086
22-12-2009,13.34000015258789,13.539999961853027,73500,13.569999694824219,13.369999885559082,6.324086666107178
23-12-2009,13.359999656677246,13.369999885559082,35600,13.539999961853027,13.539999961853027,6.404499053955078
24-12-2009,13.489999771118164,13.5,30900,13.649999618530273,13.649999618530273,6.456527233123779
28-12-2009,13.6899995803833,13.6899995803833,46300,13.800000190734863,13.770000457763672,6.513288974761963
29-12-2009,13.710000038146973,13.789999961853027,78600,13.899999618530273,13.710000038146973,6.48491096496582
30-12-2009,13.649999618530273,13.75,40200,13.779999732971191,13.75,6.503829479217529
31-12-2009,13.65999984741211,13.65999984741211,38700,13.8100004196167,13.789999961853027,6.5227484703063965
04-01-2010,13.770000457763672,13.819999694824219,35200,13.850000381469727,13.779999732971191,6.518019676208496
05-01-2010,13.75,13.800000190734863,42200,13.84000015258789,13.770000457763672,6.513288974761963
06-01-2010,13.779999732971191,13.789999961853027,26900,13.930000305175781,13.930000305175781,6.58897066116333
07-01-2010,13.890000343322754,13.949999809265137,25200,13.989999771118164,13.9399995803833,6.593701362609863
08-01-2010,13.90999984741211,13.90999984741211,41800,13.979999542236328,13.960000038146973,6.60316276550293
11-01-2010,13.899999618530273,13.989999771118164,40200,14.050000190734863,14.039999961853027,6.641001224517822
12-01-2010,13.930000305175781,14.0600004196167,49000,14.079999923706055,14.079999923706055,6.659921646118164
13-01-2010,14.010000228881836,14.0600004196167,12000,14.069999694824219,14.069999694824219,6.65518856048584
14-01-2010,13.949999809265137,14.039999961853027,36400,14.050000190734863,14.020000457763672,6.671846389770508
15-01-2010,13.920000076293945,14.029999732971191,25700,14.029999732971191,13.960000038146973,6.643293380737305
19-01-2010,13.920000076293945,13.920000076293945,47300,14.079999923706055,14.0600004196167,6.690883636474609
20-01-2010,13.930000305175781,14.029999732971191,27300,14.079999923706055,14.0,6.6623311042785645
21-01-2010,13.960000038146973,14.010000228881836,36100,14.039999961853027,14.020000457763672,6.671846389770508
22-01-2010,13.869999885559082,14.010000228881836,41200,14.020000457763672,13.890000343322754,6.6099853515625
25-01-2010,13.859999656677246,13.899999618530273,38500,13.960000038146973,13.890000343322754,6.6099853515625
26-01-2010,13.829999923706055,13.859999656677246,35100,13.920000076293945,13.899999618530273,6.614745140075684
27-01-2010,13.800000190734863,13.90999984741211,60500,13.970000267028809,13.829999923706055,6.581429481506348
28-01-2010,13.789999961853027,13.890000343322754,37000,13.890000343322754,13.84000015258789,6.586188793182373
29-01-2010,13.8100004196167,13.850000381469727,35700,13.920000076293945,13.850000381469727,6.590945720672607
01-02-2010,13.819999694824219,13.850000381469727,27700,14.0,13.920000076293945,6.624260902404785
02-02-2010,13.850000381469727,13.850000381469727,43300,14.020000457763672,13.989999771118164,6.6575703620910645
03-02-2010,13.979999542236328,14.0,61400,14.09000015258789,14.010000228881836,6.667088031768799
04-02-2010,13.930000305175781,14.029999732971191,41500,14.0600004196167,13.949999809265137,6.638534069061279
05-02-2010,13.9399995803833,14.0,44100,14.0600004196167,14.050000190734863,6.686124801635742
08-02-2010,14.0600004196167,14.069999694824219,24200,14.100000381469727,14.09000015258789,6.705157279968262
09-02-2010,14.050000190734863,14.09000015258789,36700,14.1899995803833,14.149999618530273,6.733710765838623
10-02-2010,13.949999809265137,14.1899995803833,49900,14.1899995803833,13.960000038146973,6.6834397315979
11-02-2010,13.819999694824219,13.930000305175781,44700,14.010000228881836,13.819999694824219,6.616416931152344
12-02-2010,13.739999771118164,13.890000343322754,36700,13.890000343322754,13.770000457763672,6.592479705810547
16-02-2010,13.8100004196167,13.899999618530273,43000,13.899999618530273,13.899999618530273,6.654717445373535
17-02-2010,13.739999771118164,13.890000343322754,67300,13.899999618530273,13.789999961853027,6.60205078125
18-02-2010,13.699999809265137,13.84000015258789,84000,13.899999618530273,13.739999771118164,6.578115940093994
19-02-2010,13.420000076293945,13.729999542236328,94400,13.770000457763672,13.520000457763672,6.4727911949157715
22-02-2010,13.329999923706055,13.520000457763672,105800,13.520000457763672,13.4399995803833,6.434489727020264
23-02-2010,13.489999771118164,13.5,56300,13.609999656677246,13.59000015258789,6.506302833557129
24-02-2010,13.59000015258789,13.59000015258789,30200,13.770000457763672,13.75,6.582901954650879
25-02-2010,13.6899995803833,13.779999732971191,40700,13.8100004196167,13.770000457763672,6.592479705810547
26-02-2010,13.789999961853027,13.84000015258789,46400,13.9399995803833,13.850000381469727,6.630777835845947
01-03-2010,13.899999618530273,13.9399995803833,51900,14.079999923706055,14.050000190734863,6.726526737213135
02-03-2010,13.899999618530273,14.039999961853027,49200,14.039999961853027,13.949999809265137,6.678654193878174
03-03-2010,13.850000381469727,14.0,67600,14.069999694824219,13.850000381469727,6.630777835845947
04-03-2010,13.819999694824219,13.960000038146973,32900,13.960000038146973,13.869999885559082,6.640350818634033
05-03-2010,13.84000015258789,13.970000267028809,55200,14.09000015258789,14.029999732971191,6.716952323913574
08-03-2010,14.010000228881836,14.130000114440918,32500,14.130000114440918,14.039999961853027,6.721742630004883
09-03-2010,13.989999771118164,14.079999923706055,44500,14.149999618530273,14.010000228881836,6.707381725311279
10-03-2010,13.9399995803833,14.069999694824219,67400,14.170000076293945,13.979999542236328,6.693021774291992
11-03-2010,13.710000038146973,13.9399995803833,57000,13.9399995803833,13.770000457763672,6.632807731628418
12-03-2010,13.720000267028809,13.720000267028809,23300,13.819999694824219,13.729999542236328,6.613539695739746
15-03-2010,13.699999809265137,13.729999542236328,64900,13.789999961853027,13.789999961853027,6.642435550689697
16-03-2010,13.739999771118164,13.880000114440918,51900,13.899999618530273,13.800000190734863,6.647258758544922
17-03-2010,13.8100004196167,13.829999923706055,29800,13.930000305175781,13.920000076293945,6.705056667327881
18-03-2010,13.920000076293945,13.979999542236328,49600,13.979999542236328,13.960000038146973,6.7243266105651855
19-03-2010,13.970000267028809,14.130000114440918,47300,14.149999618530273,14.130000114440918,6.806209087371826
22-03-2010,14.069999694824219,14.140000343322754,21900,14.180000305175781,14.170000076293945,6.825481414794922
23-03-2010,14.069999694824219,14.149999618530273,125600,14.220000267028809,14.09000015258789,6.786946773529053
24-03-2010,14.140000343322754,14.140000343322754,120000,14.289999961853027,14.289999961853027,6.883285045623779
25-03-2010,14.239999771118164,14.359999656677246,95700,14.420000076293945,14.399999618530273,6.936266899108887
26-03-2010,14.300000190734863,14.479999542236328,87700,14.510000228881836,14.34000015258789,6.90736722946167
29-03-2010,14.229999542236328,14.4399995803833,87700,14.460000038146973,14.319999694824219,6.897732734680176
30-03-2010,14.25,14.390000343322754,44500,14.430000305175781,14.319999694824219,6.897732734680176
31-03-2010,14.300000190734863,14.350000381469727,47700,14.359999656677246,14.329999923706055,6.90254545211792
01-04-2010,14.270000457763672,14.329999923706055,40800,14.420000076293945,14.369999885559082,6.92181921005249
05-04-2010,14.369999885559082,14.460000038146973,104200,14.600000381469727,14.479999542236328,6.974802017211914
06-04-2010,14.529999732971191,14.529999732971191,111600,14.699999809265137,14.609999656677246,7.037420749664307
07-04-2010,14.649999618530273,14.670000076293945,83400,14.800000190734863,14.699999809265137,7.080773830413818
08-04-2010,14.670000076293945,14.75,74200,14.800000190734863,14.760000228881836,7.109675407409668
09-04-2010,14.649999618530273,14.770000457763672,71100,14.800000190734863,14.779999732971191,7.119308948516846
12-04-2010,14.779999732971191,14.880000114440918,111500,14.979999542236328,14.979999542236328,7.215645790100098
13-04-2010,14.680000305175781,14.8100004196167,117400,14.979999542236328,14.6899995803833,7.116337299346924
14-04-2010,14.579999923706055,14.760000228881836,57600,14.760000228881836,14.600000381469727,7.072736740112305
15-04-2010,14.359999656677246,14.510000228881836,130100,14.569999694824219,14.380000114440918,6.966165542602539
16-04-2010,14.359999656677246,14.380000114440918,51400,14.5,14.4399995803833,6.995230197906494
19-04-2010,14.359999656677246,14.420000076293945,82500,14.579999923706055,14.359999656677246,6.956473350524902
20-04-2010,14.300000190734863,14.359999656677246,53100,14.40999984741211,14.399999618530273,6.975848197937012
21-04-2010,14.34000015258789,14.390000343322754,78400,14.979999542236328,14.539999961853027,7.043672561645508
22-04-2010,14.569999694824219,14.600000381469727,38000,14.710000038146973,14.65999984741211,7.101804256439209
23-04-2010,14.619999885559082,14.710000038146973,26700,14.779999732971191,14.779999732971191,7.159937381744385
26-04-2010,14.699999809265137,14.90999984741211,38300,14.90999984741211,14.720000267028809,7.130871295928955
27-04-2010,14.59000015258789,14.739999771118164,60700,14.739999771118164,14.59000015258789,7.067891597747803
28-04-2010,14.550000190734863,14.65999984741211,56600,14.65999984741211,14.59000015258789,7.067891597747803
29-04-2010,14.4399995803833,14.5600004196167,63000,14.569999694824219,14.449999809265137,7.000076770782471
30-04-2010,14.34000015258789,14.34000015258789,41300,14.449999809265137,14.34000015258789,6.946784019470215
03-05-2010,14.369999885559082,14.449999809265137,48600,14.510000228881836,14.420000076293945,6.985540866851807
04-05-2010,14.430000305175781,14.430000305175781,27600,14.520000457763672,14.520000457763672,7.033981800079346
05-05-2010,14.510000228881836,14.510000228881836,65200,14.710000038146973,14.670000076293945,7.10664701461792
06-05-2010,14.220000267028809,14.579999923706055,112300,14.65999984741211,14.529999732971191,7.038829326629639
07-05-2010,14.220000267028809,14.729999542236328,80900,14.739999771118164,14.4399995803833,6.995230197906494
10-05-2010,14.319999694824219,14.630000114440918,79000,14.829999923706055,14.369999885559082,6.961319923400879
11-05-2010,14.300000190734863,14.300000190734863,70200,14.430000305175781,14.430000305175781,6.990384578704834
12-05-2010,14.34000015258789,14.34000015258789,19100,14.430000305175781,14.420000076293945,7.026933670043945
13-05-2010,14.359999656677246,14.510000228881836,26000,14.510000228881836,14.359999656677246,6.9976935386657715
14-05-2010,14.149999618530273,14.3100004196167,62500,14.350000381469727,14.210000038146973,6.924594402313232
17-05-2010,14.100000381469727,14.3100004196167,65800,14.3100004196167,14.25,6.944086074829102
18-05-2010,14.140000343322754,14.220000267028809,52800,14.420000076293945,14.399999618530273,7.017183780670166
19-05-2010,14.25,14.25,84700,14.579999923706055,14.510000228881836,7.0707902908325195
20-05-2010,14.149999618530273,14.420000076293945,51300,14.420000076293945,14.199999809265137,6.919721603393555
21-05-2010,13.880000114440918,14.010000228881836,88400,14.279999732971191,14.140000343322754,6.890491008758545
24-05-2010,14.0,14.069999694824219,48400,14.180000305175781,14.079999923706055,6.8612470626831055
25-05-2010,13.84000015258789,13.920000076293945,68900,13.949999809265137,13.9399995803833,6.79302453994751
26-05-2010,13.960000038146973,13.960000038146973,33000,14.039999961853027,14.020000457763672,6.832010269165039
27-05-2010,14.020000457763672,14.029999732971191,38400,14.149999618530273,14.100000381469727,6.8709940910339355
28-05-2010,13.989999771118164,14.130000114440918,55700,14.170000076293945,14.010000228881836,6.827136516571045
01-06-2010,13.970000267028809,13.970000267028809,32000,14.069999694824219,14.010000228881836,6.827136516571045
02-06-2010,14.0,14.010000228881836,33600,14.079999923706055,14.079999923706055,6.8612470626831055
03-06-2010,14.020000457763672,14.050000190734863,23200,14.069999694824219,14.050000190734863,6.846628665924072
04-06-2010,13.979999542236328,13.979999542236328,30300,14.119999885559082,14.100000381469727,6.8709940910339355
07-06-2010,14.029999732971191,14.079999923706055,23800,14.170000076293945,14.140000343322754,6.890491008758545
08-06-2010,14.140000343322754,14.140000343322754,26600,14.210000038146973,14.199999809265137,6.919721603393555
09-06-2010,14.130000114440918,14.149999618530273,36300,14.199999809265137,14.180000305175781,6.909977436065674
10-06-2010,14.180000305175781,14.229999542236328,72000,14.279999732971191,14.1899995803833,6.914853096008301
11-06-2010,14.079999923706055,14.199999809265137,68800,14.270000457763672,14.109999656677246,6.917301177978516
14-06-2010,13.989999771118164,14.15999984741211,78600,14.199999809265137,13.989999771118164,6.858477592468262
15-06-2010,13.9399995803833,14.0,57200,14.079999923706055,13.949999809265137,6.838864326477051
16-06-2010,13.8100004196167,13.920000076293945,64200,13.949999809265137,13.84000015258789,6.784932613372803
17-06-2010,13.819999694824219,13.84000015258789,53200,13.890000343322754,13.880000114440918,6.8045501708984375
18-06-2010,13.880000114440918,13.890000343322754,51400,13.960000038146973,13.949999809265137,6.838864326477051
21-06-2010,13.90999984741211,13.930000305175781,51400,13.989999771118164,13.989999771118164,6.858477592468262
22-06-2010,13.859999656677246,13.930000305175781,52700,13.9399995803833,13.899999618530273,6.814353942871094
23-06-2010,13.850000381469727,13.880000114440918,37600,13.9399995803833,13.930000305175781,6.829062461853027
24-06-2010,13.859999656677246,13.9399995803833,38800,13.949999809265137,13.899999618530273,6.814353942871094
25-06-2010,13.869999885559082,13.880000114440918,28900,14.0,14.0,6.863375186920166
28-06-2010,14.0,14.0,31400,14.079999923706055,14.0600004196167,6.892789363861084
29-06-2010,13.949999809265137,13.989999771118164,31500,14.039999961853027,13.979999542236328,6.853573322296143
30-06-2010,13.9399995803833,14.020000457763672,53900,14.050000190734863,14.029999732971191,6.878079891204834
01-07-2010,13.960000038146973,14.069999694824219,63000,14.09000015258789,14.010000228881836,6.868278503417969
02-07-2010,13.960000038146973,14.039999961853027,48800,14.039999961853027,14.029999732971191,6.878079891204834
06-07-2010,14.039999961853027,14.050000190734863,28000,14.09000015258789,14.09000015258789,6.907497406005859
07-07-2010,14.050000190734863,14.0600004196167,55100,14.109999656677246,14.109999656677246,6.917301177978516
08-07-2010,14.0600004196167,14.09000015258789,37800,14.130000114440918,14.079999923706055,6.902597427368164
09-07-2010,14.09000015258789,14.130000114440918,76300,14.279999732971191,14.239999771118164,6.981032371520996
12-07-2010,14.210000038146973,14.220000267028809,37400,14.3100004196167,14.3100004196167,7.015346050262451
13-07-2010,14.25,14.260000228881836,44000,14.329999923706055,14.279999732971191,7.042476177215576
14-07-2010,14.229999542236328,14.289999961853027,26000,14.300000190734863,14.300000190734863,7.052340984344482
15-07-2010,14.25,14.25,39700,14.329999923706055,14.329999923706055,7.067131996154785
16-07-2010,14.3100004196167,14.329999923706055,19900,14.380000114440918,14.380000114440918,7.091794013977051
19-07-2010,14.369999885559082,14.369999885559082,42700,14.430000305175781,14.380000114440918,7.091794013977051
20-07-2010,14.329999923706055,14.34000015258789,40400,14.399999618530273,14.380000114440918,7.091794013977051
21-07-2010,14.329999923706055,14.34000015258789,61900,14.479999542236328,14.470000267028809,7.136178970336914
22-07-2010,14.390000343322754,14.479999542236328,44000,14.479999542236328,14.460000038146973,7.131244659423828
23-07-2010,14.390000343322754,14.40999984741211,42000,14.449999809265137,14.40999984741211,7.106587886810303
26-07-2010,14.369999885559082,14.380000114440918,41500,14.470000267028809,14.4399995803833,7.121384143829346
27-07-2010,14.390000343322754,14.420000076293945,52700,14.470000267028809,14.390000343322754,7.0967254638671875
28-07-2010,14.369999885559082,14.420000076293945,28400,14.470000267028809,14.470000267028809,7.136178970336914
29-07-2010,14.430000305175781,14.470000267028809,26200,14.489999771118164,14.460000038146973,7.131244659423828
30-07-2010,14.479999542236328,14.479999542236328,44300,14.630000114440918,14.600000381469727,7.200290203094482
02-08-2010,14.569999694824219,14.640000343322754,57500,14.680000305175781,14.670000076293945,7.234811305999756
03-08-2010,14.640000343322754,14.680000305175781,36400,14.699999809265137,14.649999618530273,7.224947929382324
04-08-2010,14.630000114440918,14.65999984741211,66300,14.789999961853027,14.789999961853027,7.2939934730529785
05-08-2010,14.760000228881836,14.760000228881836,89900,14.970000267028809,14.880000114440918,7.338380336761475
06-08-2010,14.720000267028809,14.720000267028809,42000,14.949999809265137,14.930000305175781,7.363039016723633
09-08-2010,14.9399995803833,14.949999809265137,46500,15.09000015258789,15.050000190734863,7.422216415405273
10-08-2010,15.039999961853027,15.079999923706055,77500,15.220000267028809,15.199999809265137,7.49619197845459
11-08-2010,15.149999618530273,15.1899995803833,64500,15.25,15.15999984741211,7.476466178894043
12-08-2010,15.069999694824219,15.079999923706055,76300,15.1899995803833,15.149999618530273,7.516155242919922
13-08-2010,15.15999984741211,15.15999984741211,30400,15.220000267028809,15.1899995803833,7.536000728607178
16-08-2010,15.149999618530273,15.149999618530273,58900,15.210000038146973,15.170000076293945,7.5260772705078125
17-08-2010,15.15999984741211,15.180000305175781,70300,15.229999542236328,15.220000267028809,7.55088472366333
18-08-2010,15.15999984741211,15.15999984741211,58900,15.239999771118164,15.210000038146973,7.545924186706543
19-08-2010,15.170000076293945,15.210000038146973,40300,15.239999771118164,15.239999771118164,7.560803413391113
20-08-2010,15.180000305175781,15.220000267028809,50300,15.350000381469727,15.319999694824219,7.600493907928467
23-08-2010,15.329999923706055,15.34000015258789,65300,15.430000305175781,15.380000114440918,7.630258560180664
24-08-2010,15.300000190734863,15.369999885559082,55900,15.380000114440918,15.3100004196167,7.595536708831787
25-08-2010,15.180000305175781,15.279999732971191,48800,15.3100004196167,15.1899995803833,7.536000728607178
26-08-2010,15.010000228881836,15.210000038146973,72100,15.270000457763672,15.029999732971191,7.456619739532471
27-08-2010,14.829999923706055,15.0,99300,15.079999923706055,14.960000038146973,7.421891689300537
30-08-2010,14.949999809265137,14.949999809265137,59400,15.09000015258789,15.0,7.441738128662109
31-08-2010,15.010000228881836,15.039999961853027,49800,15.149999618530273,15.140000343322754,7.511191368103027
01-09-2010,15.140000343322754,15.149999618530273,31100,15.239999771118164,15.199999809265137,7.540958404541016
02-09-2010,15.140000343322754,15.15999984741211,42300,15.239999771118164,15.199999809265137,7.540958404541016
03-09-2010,15.050000190734863,15.199999809265137,64800,15.239999771118164,15.0600004196167,7.471508026123047
07-09-2010,15.050000190734863,15.09000015258789,38500,15.100000381469727,15.050000190734863,7.466541290283203
08-09-2010,15.119999885559082,15.119999885559082,110500,15.300000190734863,15.239999771118164,7.560803413391113
09-09-2010,15.3100004196167,15.3100004196167,60000,15.449999809265137,15.430000305175781,7.655063629150391
10-09-2010,15.34000015258789,15.34000015258789,60300,15.479999542236328,15.479999542236328,7.679872512817383
13-09-2010,15.229999542236328,15.479999542236328,257800,15.479999542236328,15.329999923706055,7.649928092956543
14-09-2010,15.199999809265137,15.329999923706055,76600,15.329999923706055,15.239999771118164,7.6050190925598145
15-09-2010,14.850000381469727,15.210000038146973,86900,15.210000038146973,14.90999984741211,7.440350532531738
16-09-2010,14.489999771118164,14.899999618530273,198300,14.899999618530273,14.720000267028809,7.345531940460205
17-09-2010,14.65999984741211,14.65999984741211,81400,14.869999885559082,14.850000381469727,7.410406589508057
20-09-2010,14.789999961853027,14.869999885559082,22900,14.9399995803833,14.9399995803833,7.455315589904785
21-09-2010,14.880000114440918,14.920000076293945,62800,14.960000038146973,14.920000076293945,7.445335388183594
22-09-2010,14.800000190734863,14.850000381469727,51400,14.899999618530273,14.869999885559082,7.420383930206299
23-09-2010,14.800000190734863,14.850000381469727,87400,14.979999542236328,14.899999618530273,7.435358047485352
24-09-2010,14.859999656677246,14.880000114440918,36100,14.960000038146973,14.890000343322754,7.430363655090332
27-09-2010,14.899999618530273,14.949999809265137,41700,15.0,14.989999771118164,7.480266094207764
28-09-2010,14.9399995803833,14.960000038146973,19900,15.020000457763672,15.0,7.485256671905518
29-09-2010,14.920000076293945,15.0,29100,15.0,14.9399995803833,7.455315589904785
30-09-2010,14.859999656677246,14.970000267028809,35200,14.970000267028809,14.949999809265137,7.460305690765381
01-10-2010,14.930000305175781,14.949999809265137,38700,14.979999542236328,14.970000267028809,7.470287322998047
04-10-2010,14.9399995803833,14.960000038146973,41100,15.020000457763672,15.020000457763672,7.495237350463867
05-10-2010,15.0,15.010000228881836,44900,15.0600004196167,15.050000190734863,7.5102105140686035
06-10-2010,15.0,15.039999961853027,27100,15.079999923706055,15.079999923706055,7.525180816650391
07-10-2010,15.0600004196167,15.0600004196167,67700,15.25,15.199999809265137,7.58505916595459
08-10-2010,15.1899995803833,15.239999771118164,52800,15.359999656677246,15.359999656677246,7.664900779724121
11-10-2010,15.270000457763672,15.369999885559082,54500,15.399999618530273,15.380000114440918,7.6748833656311035
12-10-2010,15.260000228881836,15.390000343322754,52200,15.399999618530273,15.34000015258789,7.654922008514404
13-10-2010,15.15999984741211,15.329999923706055,67300,15.329999923706055,15.170000076293945,7.614761829376221
14-10-2010,15.149999618530273,15.180000305175781,32400,15.220000267028809,15.170000076293945,7.614761829376221
15-10-2010,15.119999885559082,15.170000076293945,78100,15.199999809265137,15.180000305175781,7.619781494140625
18-10-2010,15.140000343322754,15.210000038146973,73400,15.210000038146973,15.140000343322754,7.599702835083008
19-10-2010,15.029999732971191,15.100000381469727,74800,15.1899995803833,15.100000381469727,7.5796308517456055
20-10-2010,15.050000190734863,15.109999656677246,74800,15.15999984741211,15.15999984741211,7.609740734100342
21-10-2010,15.15999984741211,15.180000305175781,77700,15.279999732971191,15.15999984741211,7.609740734100342
22-10-2010,15.029999732971191,15.149999618530273,65300,15.199999809265137,15.199999809265137,7.629823207855225
25-10-2010,15.069999694824219,15.180000305175781,55000,15.1899995803833,15.119999885559082,7.589666366577148
26-10-2010,15.100000381469727,15.149999618530273,51400,15.220000267028809,15.220000267028809,7.639863014221191
27-10-2010,15.100000381469727,15.15999984741211,42200,15.1899995803833,15.1899995803833,7.6248040199279785
28-10-2010,15.010000228881836,15.1899995803833,79900,15.210000038146973,15.039999961853027,7.549511909484863
29-10-2010,15.050000190734863,15.050000190734863,42800,15.140000343322754,15.140000343322754,7.599702835083008
01-11-2010,15.109999656677246,15.199999809265137,56100,15.229999542236328,15.170000076293945,7.614761829376221
02-11-2010,15.140000343322754,15.220000267028809,65300,15.289999961853027,15.199999809265137,7.629823207855225
03-11-2010,15.15999984741211,15.15999984741211,43600,15.270000457763672,15.260000228881836,7.659943103790283
04-11-2010,15.220000267028809,15.239999771118164,76400,15.300000190734863,15.300000190734863,7.680018901824951
05-11-2010,15.210000038146973,15.289999961853027,43600,15.319999694824219,15.3100004196167,7.685042381286621
08-11-2010,15.210000038146973,15.3100004196167,40000,15.3100004196167,15.220000267028809,7.639863014221191
09-11-2010,15.119999885559082,15.220000267028809,35100,15.239999771118164,15.130000114440918,7.594686508178711
10-11-2010,14.710000038146973,15.130000114440918,109100,15.149999618530273,14.899999618530273,7.479238510131836
11-11-2010,14.220000267028809,14.850000381469727,244300,14.850000381469727,14.390000343322754,7.223235607147217
12-11-2010,13.75,14.039999961853027,253400,14.1899995803833,14.010000228881836,7.076748371124268
15-11-2010,13.600000381469727,14.010000228881836,239700,14.079999923706055,13.600000381469727,6.8696489334106445
16-11-2010,12.8100004196167,13.300000190734863,386300,13.600000381469727,13.489999771118164,6.814089298248291
17-11-2010,13.5,13.520000457763672,170000,14.050000190734863,13.970000267028809,7.056545257568359
18-11-2010,13.600000381469727,14.09000015258789,95300,14.09000015258789,13.760000228881836,6.950474262237549
19-11-2010,13.609999656677246,13.649999618530273,60100,13.979999542236328,13.979999542236328,7.061595916748047
22-11-2010,13.90999984741211,13.979999542236328,85500,14.229999542236328,14.170000076293945,7.1575727462768555
23-11-2010,14.010000228881836,14.100000381469727,76400,14.220000267028809,14.100000381469727,7.122211933135986
24-11-2010,13.930000305175781,14.039999961853027,70600,14.100000381469727,13.979999542236328,7.061595916748047
26-11-2010,13.930000305175781,13.930000305175781,22600,14.09000015258789,14.079999923706055,7.1121087074279785
29-11-2010,14.079999923706055,14.09000015258789,74400,14.229999542236328,14.109999656677246,7.127260208129883
30-11-2010,14.020000457763672,14.15999984741211,35400,14.15999984741211,14.0600004196167,7.102005481719971
01-12-2010,13.880000114440918,14.069999694824219,81100,14.109999656677246,13.880000114440918,7.011084079742432
02-12-2010,13.579999923706055,13.880000114440918,108400,13.899999618530273,13.720000267028809,6.930265426635742
03-12-2010,13.649999618530273,13.649999618530273,79600,13.859999656677246,13.800000190734863,6.970678329467773
06-12-2010,13.649999618530273,13.739999771118164,68600,13.880000114440918,13.770000457763672,6.9555206298828125
07-12-2010,13.369999885559082,13.680000305175781,203600,13.6899995803833,13.5,6.819139003753662
08-12-2010,13.199999809265137,13.430000305175781,127800,13.579999923706055,13.380000114440918,6.758523941040039
09-12-2010,13.180000305175781,13.260000228881836,145400,13.40999984741211,13.40999984741211,6.819545269012451
10-12-2010,13.140000343322754,13.390000343322754,179600,13.390000343322754,13.170000076293945,6.697497367858887
13-12-2010,12.850000381469727,13.100000381469727,240200,13.149999618530273,13.0,6.611044406890869
14-12-2010,12.859999656677246,13.0,249200,13.15999984741211,13.0,6.611044406890869
15-12-2010,12.890000343322754,13.069999694824219,108200,13.180000305175781,13.170000076293945,6.697497367858887
16-12-2010,13.130000114440918,13.130000114440918,75300,13.569999694824219,13.550000190734863,6.890740871429443
17-12-2010,13.550000190734863,13.550000190734863,61700,13.699999809265137,13.550000190734863,6.890740871429443
20-12-2010,12.949999809265137,13.550000190734863,242400,13.550000190734863,13.020000457763672,6.621218204498291
21-12-2010,12.930000305175781,13.0600004196167,73400,13.130000114440918,13.0,6.611044406890869
22-12-2010,13.0,13.0,78800,13.180000305175781,13.15999984741211,6.692413330078125
23-12-2010,13.100000381469727,13.130000114440918,77300,13.220000267028809,13.1899995803833,6.707666873931885
27-12-2010,13.079999923706055,13.109999656677246,82000,13.229999542236328,13.079999923706055,6.651730537414551
28-12-2010,13.010000228881836,13.039999961853027,95700,13.130000114440918,13.020000457763672,6.621218204498291
29-12-2010,13.020000457763672,13.029999732971191,68300,13.100000381469727,13.079999923706055,6.651730537414551
30-12-2010,13.020000457763672,13.039999961853027,66600,13.130000114440918,13.119999885559082,6.6720685958862305
31-12-2010,13.119999885559082,13.119999885559082,80000,13.470000267028809,13.420000076293945,6.824635982513428
03-01-2011,13.369999885559082,13.4399995803833,67800,13.529999732971191,13.470000267028809,6.85006046295166
04-01-2011,13.449999809265137,13.479999542236328,52800,13.5,13.470000267028809,6.85006046295166
05-01-2011,13.40999984741211,13.449999809265137,52300,13.5600004196167,13.5600004196167,6.895829200744629
06-01-2011,13.420000076293945,13.550000190734863,64600,13.630000114440918,13.430000305175781,6.829719543457031
07-01-2011,13.350000381469727,13.399999618530273,24000,13.399999618530273,13.369999885559082,6.79920768737793
10-01-2011,13.199999809265137,13.369999885559082,122300,13.369999885559082,13.210000038146973,6.717842102050781
11-01-2011,13.050000190734863,13.210000038146973,82600,13.300000190734863,13.300000190734863,6.763609886169434
12-01-2011,13.050000190734863,13.220000267028809,73100,13.220000267028809,13.0600004196167,6.641558647155762
13-01-2011,12.770000457763672,13.039999961853027,158400,13.050000190734863,12.819999694824219,6.56474494934082
14-01-2011,12.5,12.800000190734863,259700,12.829999923706055,12.59000015258789,6.446969509124756
18-01-2011,12.529999732971191,12.59000015258789,193800,12.75,12.720000267028809,6.513543605804443
19-01-2011,12.5,12.630000114440918,190300,12.720000267028809,12.510000228881836,6.406001567840576
20-01-2011,12.319999694824219,12.510000228881836,197700,12.84000015258789,12.779999732971191,6.544264316558838
21-01-2011,12.739999771118164,12.739999771118164,103500,13.069999694824219,13.069999694824219,6.6927666664123535
24-01-2011,12.979999542236328,13.09000015258789,98500,13.25,13.239999771118164,6.7798171043396
25-01-2011,13.0,13.170000076293945,82600,13.229999542236328,13.1899995803833,6.754209995269775
26-01-2011,13.15999984741211,13.180000305175781,31900,13.300000190734863,13.270000457763672,6.795182228088379
27-01-2011,13.130000114440918,13.260000228881836,59400,13.300000190734863,13.239999771118164,6.7798171043396
28-01-2011,13.100000381469727,13.229999542236328,42200,13.239999771118164,13.239999771118164,6.7798171043396
31-01-2011,13.170000076293945,13.260000228881836,29800,13.260000228881836,13.239999771118164,6.7798171043396
01-02-2011,13.220000267028809,13.229999542236328,35100,13.380000114440918,13.380000114440918,6.851510047912598
02-02-2011,13.369999885559082,13.390000343322754,33000,13.489999771118164,13.460000038146973,6.892474174499512
03-02-2011,13.3100004196167,13.5,46600,13.5600004196167,13.359999656677246,6.841267108917236
04-02-2011,13.220000267028809,13.359999656677246,43800,13.359999656677246,13.220000267028809,6.769574165344238
07-02-2011,13.199999809265137,13.220000267028809,75400,13.5,13.420000076293945,6.871992588043213
08-02-2011,13.369999885559082,13.399999618530273,71100,13.460000038146973,13.4399995803833,6.882228851318359
09-02-2011,13.369999885559082,13.430000305175781,68700,13.600000381469727,13.600000381469727,6.9641618728637695
10-02-2011,13.489999771118164,13.520000457763672,48900,13.59000015258789,13.539999961853027,6.9334397315979
11-02-2011,13.40999984741211,13.40999984741211,52300,13.59000015258789,13.40999984741211,6.912815570831299
14-02-2011,13.289999961853027,13.460000038146973,67800,13.460000038146973,13.319999694824219,6.866422176361084
15-02-2011,13.210000038146973,13.270000457763672,35500,13.34000015258789,13.260000228881836,6.8354973793029785
16-02-2011,13.210000038146973,13.239999771118164,51200,13.279999732971191,13.210000038146973,6.809719562530518
17-02-2011,13.180000305175781,13.180000305175781,45400,13.270000457763672,13.199999809265137,6.804562568664551
18-02-2011,13.170000076293945,13.260000228881836,37100,13.260000228881836,13.220000267028809,6.8148722648620605
22-02-2011,12.970000267028809,13.220000267028809,108900,13.229999542236328,13.039999961853027,6.7220869064331055
23-02-2011,13.069999694824219,13.079999923706055,42700,13.199999809265137,13.069999694824219,6.737551212310791
24-02-2011,13.010000228881836,13.079999923706055,72000,13.130000114440918,13.050000190734863,6.727242469787598
25-02-2011,13.0,13.0600004196167,50800,13.100000381469727,13.0600004196167,6.732393741607666
28-02-2011,13.100000381469727,13.119999885559082,50200,13.180000305175781,13.100000381469727,6.753016471862793
01-03-2011,13.100000381469727,13.100000381469727,52900,13.170000076293945,13.130000114440918,6.768478870391846
02-03-2011,13.09000015258789,13.09000015258789,46200,13.210000038146973,13.149999618530273,6.778787612915039
03-03-2011,13.100000381469727,13.140000343322754,107300,13.1899995803833,13.109999656677246,6.758166790008545
04-03-2011,13.09000015258789,13.180000305175781,101800,13.180000305175781,13.09000015258789,6.747860431671143
07-03-2011,13.069999694824219,13.069999694824219,69700,13.170000076293945,13.109999656677246,6.758166790008545
08-03-2011,13.130000114440918,13.140000343322754,54700,13.180000305175781,13.130000114440918,6.768478870391846
09-03-2011,13.109999656677246,13.119999885559082,47200,13.199999809265137,13.149999618530273,6.778787612915039
10-03-2011,13.119999885559082,13.119999885559082,51100,13.210000038146973,13.170000076293945,6.789097785949707
11-03-2011,13.09000015258789,13.119999885559082,24100,13.149999618530273,13.100000381469727,6.799482345581055
14-03-2011,13.020000457763672,13.079999923706055,26400,13.100000381469727,13.050000190734863,6.773530006408691
15-03-2011,12.930000305175781,13.020000457763672,30000,13.039999961853027,13.010000228881836,6.752765655517578
16-03-2011,12.850000381469727,13.010000228881836,80200,13.050000190734863,12.960000038146973,6.726815223693848
17-03-2011,12.9399995803833,13.0,68000,13.039999961853027,13.010000228881836,6.752765655517578
18-03-2011,12.949999809265137,13.010000228881836,37300,13.029999732971191,12.989999771118164,6.742384433746338
21-03-2011,12.90999984741211,12.979999542236328,89200,13.010000228881836,12.920000076293945,6.706053256988525
22-03-2011,12.899999618530273,12.9399995803833,50800,13.0,12.989999771118164,6.742384433746338
23-03-2011,12.9399995803833,12.960000038146973,30100,13.09000015258789,13.079999923706055,6.789100646972656
24-03-2011,12.979999542236328,13.029999732971191,56100,13.0600004196167,13.029999732971191,6.763143062591553
25-03-2011,13.0,13.010000228881836,40200,13.0600004196167,13.0,6.747573375701904
28-03-2011,12.989999771118164,13.0,57500,13.069999694824219,13.0600004196167,6.778717517852783
29-03-2011,13.0,13.020000457763672,56300,13.0600004196167,13.029999732971191,6.763143062591553
30-03-2011,13.010000228881836,13.020000457763672,30100,13.039999961853027,13.039999961853027,6.76833963394165
31-03-2011,13.0,13.050000190734863,53900,13.079999923706055,13.0,6.747573375701904
01-04-2011,13.010000228881836,13.020000457763672,45700,13.069999694824219,13.020000457763672,6.757960796356201
04-04-2011,13.050000190734863,13.050000190734863,56200,13.130000114440918,13.109999656677246,6.804668426513672
05-04-2011,13.050000190734863,13.050000190734863,66500,13.229999542236328,13.149999618530273,6.825430870056152
06-04-2011,13.09000015258789,13.119999885559082,59800,13.180000305175781,13.149999618530273,6.825430870056152
07-04-2011,13.140000343322754,13.140000343322754,42500,13.25,13.25,6.877337455749512
08-04-2011,13.1899995803833,13.199999809265137,33900,13.289999961853027,13.260000228881836,6.8825297355651855
11-04-2011,13.029999732971191,13.300000190734863,106000,13.300000190734863,13.100000381469727,6.799482345581055
12-04-2011,13.069999694824219,13.109999656677246,50600,13.170000076293945,13.15999984741211,6.830624103546143
13-04-2011,13.050000190734863,13.079999923706055,47300,13.149999618530273,13.109999656677246,6.851527214050293
14-04-2011,13.09000015258789,13.119999885559082,31000,13.140000343322754,13.140000343322754,6.8672099113464355
15-04-2011,13.079999923706055,13.109999656677246,25200,13.140000343322754,13.119999885559082,6.856753349304199
18-04-2011,13.050000190734863,13.09000015258789,55700,13.199999809265137,13.199999809265137,6.898561000823975
19-04-2011,13.109999656677246,13.180000305175781,52000,13.25,13.1899995803833,6.893338203430176
20-04-2011,13.119999885559082,13.199999809265137,30200,13.229999542236328,13.119999885559082,6.856753349304199
21-04-2011,13.069999694824219,13.109999656677246,48400,13.170000076293945,13.079999923706055,6.835852146148682
25-04-2011,13.09000015258789,13.119999885559082,37900,13.15999984741211,13.109999656677246,6.851527214050293
26-04-2011,13.100000381469727,13.109999656677246,56000,13.25,13.229999542236328,6.914242744445801
27-04-2011,13.1899995803833,13.229999542236328,55300,13.34000015258789,13.289999961853027,6.945603370666504
28-04-2011,13.279999732971191,13.289999961853027,44500,13.40999984741211,13.350000381469727,6.976961135864258
29-04-2011,13.319999694824219,13.319999694824219,32000,13.430000305175781,13.399999618530273,7.003087997436523
02-05-2011,13.420000076293945,13.420000076293945,27000,13.510000228881836,13.479999542236328,7.044897556304932
03-05-2011,13.380000114440918,13.4399995803833,36000,13.479999542236328,13.479999542236328,7.044897556304932
04-05-2011,13.460000038146973,13.550000190734863,51000,13.550000190734863,13.550000190734863,7.081478595733643
05-05-2011,13.539999961853027,13.539999961853027,51600,13.640000343322754,13.569999694824219,7.091928482055664
06-05-2011,13.579999923706055,13.579999923706055,30700,13.699999809265137,13.59000015258789,7.102387428283691
09-05-2011,13.649999618530273,13.670000076293945,82000,13.869999885559082,13.84000015258789,7.2330403327941895
10-05-2011,13.859999656677246,13.899999618530273,77700,14.0600004196167,13.989999771118164,7.3114333152771
11-05-2011,13.9399995803833,13.979999542236328,55600,14.050000190734863,13.970000267028809,7.300980091094971
12-05-2011,13.829999923706055,13.890000343322754,27800,13.930000305175781,13.850000381469727,7.287824630737305
13-05-2011,13.789999961853027,13.84000015258789,42500,13.880000114440918,13.800000190734863,7.261512279510498
16-05-2011,13.640000343322754,13.789999961853027,76800,13.789999961853027,13.649999618530273,7.182582855224609
17-05-2011,13.630000114440918,13.649999618530273,35900,13.670000076293945,13.630000114440918,7.172060966491699
18-05-2011,13.619999885559082,13.670000076293945,49200,13.75,13.729999542236328,7.224676609039307
19-05-2011,13.680000305175781,13.739999771118164,42800,13.800000190734863,13.760000228881836,7.2404632568359375
20-05-2011,13.75,13.760000228881836,41200,13.800000190734863,13.75,7.235203266143799
23-05-2011,13.65999984741211,13.6899995803833,63700,13.760000228881836,13.75,7.235203266143799
24-05-2011,13.6899995803833,13.779999732971191,36800,13.789999961853027,13.6899995803833,7.203630447387695
25-05-2011,13.6899995803833,13.720000267028809,49500,13.770000457763672,13.6899995803833,7.203630447387695
26-05-2011,13.710000038146973,13.710000038146973,47800,13.8100004196167,13.800000190734863,7.261512279510498
27-05-2011,13.770000457763672,13.800000190734863,53500,13.819999694824219,13.789999961853027,7.256250858306885
31-05-2011,13.800000190734863,13.819999694824219,59400,13.880000114440918,13.850000381469727,7.287824630737305
01-06-2011,13.850000381469727,13.850000381469727,57200,13.920000076293945,13.90999984741211,7.319392204284668
02-06-2011,13.859999656677246,13.90999984741211,50100,13.970000267028809,13.960000038146973,7.345709323883057
03-06-2011,13.920000076293945,13.970000267028809,27600,14.029999732971191,14.0,7.366752624511719
06-06-2011,14.0,14.0,48400,14.109999656677246,14.069999694824219,7.403580665588379
07-06-2011,14.050000190734863,14.069999694824219,35300,14.109999656677246,14.0600004196167,7.3983235359191895
08-06-2011,14.0,14.010000228881836,38100,14.09000015258789,14.079999923706055,7.408848762512207
09-06-2011,14.050000190734863,14.079999923706055,60600,14.3100004196167,14.199999809265137,7.471992492675781
10-06-2011,14.09000015258789,14.180000305175781,75800,14.239999771118164,14.109999656677246,7.424636363983154
13-06-2011,13.84000015258789,14.0600004196167,60000,14.0600004196167,13.850000381469727,7.337224960327148
14-06-2011,13.800000190734863,13.819999694824219,46900,13.930000305175781,13.90999984741211,7.369009494781494
15-06-2011,13.880000114440918,13.90999984741211,32400,13.90999984741211,13.880000114440918,7.353119373321533
16-06-2011,13.800000190734863,13.850000381469727,38700,13.920000076293945,13.800000190734863,7.31073522567749
17-06-2011,13.829999923706055,13.84000015258789,32300,13.920000076293945,13.890000343322754,7.358414173126221
20-06-2011,13.890000343322754,13.930000305175781,24700,14.0,14.0,7.41669225692749
21-06-2011,13.920000076293945,14.0,34200,14.029999732971191,13.920000076293945,7.374305725097656
22-06-2011,13.899999618530273,13.960000038146973,27600,13.960000038146973,13.920000076293945,7.374305725097656
23-06-2011,13.90999984741211,13.90999984741211,30700,14.050000190734863,14.020000457763672,7.427285194396973
24-06-2011,13.949999809265137,14.039999961853027,45000,14.079999923706055,13.989999771118164,7.41139030456543
27-06-2011,14.010000228881836,14.020000457763672,15800,14.0600004196167,14.029999732971191,7.432582855224609
28-06-2011,14.029999732971191,14.069999694824219,48300,14.15999984741211,14.119999885559082,7.480263710021973
29-06-2011,14.109999656677246,14.130000114440918,30700,14.140000343322754,14.140000343322754,7.490855693817139
30-06-2011,14.039999961853027,14.140000343322754,31600,14.170000076293945,14.050000190734863,7.443179130554199
01-07-2011,14.039999961853027,14.039999961853027,46200,14.180000305175781,14.079999923706055,7.459070682525635
05-07-2011,14.069999694824219,14.069999694824219,55300,14.25,14.180000305175781,7.512048244476318
06-07-2011,14.170000076293945,14.210000038146973,29800,14.25,14.25,7.54912805557251
07-07-2011,14.25,14.25,46200,14.380000114440918,14.329999923706055,7.591508865356445
08-07-2011,14.319999694824219,14.34000015258789,30800,14.430000305175781,14.420000076293945,7.639188289642334
11-07-2011,14.329999923706055,14.4399995803833,51100,14.4399995803833,14.350000381469727,7.602105140686035
12-07-2011,14.279999732971191,14.350000381469727,48600,14.420000076293945,14.279999732971191,7.5650224685668945
13-07-2011,14.09000015258789,14.279999732971191,74200,14.380000114440918,14.09000015258789,7.514359951019287
14-07-2011,13.90999984741211,14.119999885559082,53200,14.130000114440918,13.90999984741211,7.418363571166992
15-07-2011,13.920000076293945,13.979999542236328,48600,13.989999771118164,13.949999809265137,7.439696788787842
18-07-2011,13.779999732971191,13.979999542236328,90900,13.989999771118164,13.8100004196167,7.365029335021973
19-07-2011,13.8100004196167,13.819999694824219,32500,13.880000114440918,13.829999923706055,7.375699043273926
20-07-2011,13.819999694824219,13.819999694824219,50200,13.890000343322754,13.880000114440918,7.40236234664917
21-07-2011,13.899999618530273,13.899999618530273,35000,14.029999732971191,13.90999984741211,7.418363571166992
22-07-2011,13.890000343322754,13.890000343322754,29800,13.970000267028809,13.970000267028809,7.450364112854004
25-07-2011,13.850000381469727,13.949999809265137,29700,13.949999809265137,13.949999809265137,7.439696788787842
26-07-2011,13.84000015258789,13.970000267028809,54600,14.020000457763672,13.9399995803833,7.43436336517334
27-07-2011,13.619999885559082,13.90999984741211,70700,13.90999984741211,13.680000305175781,7.295701026916504
28-07-2011,13.479999542236328,13.630000114440918,67300,13.75,13.680000305175781,7.295701026916504
29-07-2011,13.5,13.630000114440918,77500,13.729999542236328,13.670000076293945,7.290370941162109
01-08-2011,13.779999732971191,13.8100004196167,45000,13.930000305175781,13.930000305175781,7.42902946472168
02-08-2011,13.890000343322754,13.899999618530273,39500,14.079999923706055,14.039999961853027,7.4876933097839355
03-08-2011,14.020000457763672,14.020000457763672,43400,14.260000228881836,14.260000228881836,7.6050214767456055
04-08-2011,13.859999656677246,14.3100004196167,87700,14.350000381469727,14.029999732971191,7.482363700866699
05-08-2011,13.739999771118164,14.050000190734863,64100,14.0600004196167,13.979999542236328,7.455690860748291
08-08-2011,13.010000228881836,13.640000343322754,240400,13.739999771118164,13.25,7.066376686096191
09-08-2011,13.25,13.319999694824219,100600,13.800000190734863,13.789999961853027,7.3543620109558105
10-08-2011,13.720000267028809,13.819999694824219,89700,14.0,14.0,7.4663615226745605
11-08-2011,13.760000228881836,13.850000381469727,64800,14.100000381469727,13.850000381469727,7.436826705932617
12-08-2011,13.8100004196167,13.90999984741211,34900,13.970000267028809,13.84000015258789,7.431458473205566
15-08-2011,13.84000015258789,13.84000015258789,52400,14.109999656677246,13.960000038146973,7.495893478393555
16-08-2011,13.899999618530273,13.960000038146973,57300,14.050000190734863,13.90999984741211,7.469046115875244
17-08-2011,13.899999618530273,13.920000076293945,53200,13.989999771118164,13.899999618530273,7.463676452636719
18-08-2011,13.680000305175781,13.829999923706055,52900,13.869999885559082,13.800000190734863,7.4099812507629395
19-08-2011,13.6899995803833,13.729999542236328,44000,13.850000381469727,13.699999809265137,7.356288433074951
22-08-2011,13.75,13.890000343322754,26000,13.90999984741211,13.800000190734863,7.4099812507629395
23-08-2011,13.789999961853027,13.789999961853027,54000,13.890000343322754,13.850000381469727,7.436826705932617
24-08-2011,13.710000038146973,13.850000381469727,37500,13.869999885559082,13.739999771118164,7.377761363983154
25-08-2011,13.729999542236328,13.770000457763672,28100,13.800000190734863,13.789999961853027,7.404605865478516
26-08-2011,13.789999961853027,13.8100004196167,23400,13.869999885559082,13.829999923706055,7.426089763641357
29-08-2011,13.899999618530273,13.9399995803833,48600,14.069999694824219,14.069999694824219,7.55495548248291
30-08-2011,14.0,14.0600004196167,32100,14.09000015258789,14.0600004196167,7.549589157104492
31-08-2011,14.069999694824219,14.130000114440918,41000,14.210000038146973,14.210000038146973,7.630131721496582
01-09-2011,14.140000343322754,14.210000038146973,38200,14.260000228881836,14.1899995803833,7.619396209716797
02-09-2011,14.100000381469727,14.109999656677246,48600,14.1899995803833,14.130000114440918,7.587175369262695
06-09-2011,14.020000457763672,14.0600004196167,32000,14.100000381469727,14.029999732971191,7.533483028411865
07-09-2011,14.100000381469727,14.100000381469727,27100,14.180000305175781,14.180000305175781,7.614025115966797
08-09-2011,14.100000381469727,14.149999618530273,56700,14.210000038146973,14.109999656677246,7.576435089111328
09-09-2011,14.020000457763672,14.09000015258789,61100,14.100000381469727,14.039999961853027,7.538849353790283
12-09-2011,14.039999961853027,14.039999961853027,42800,14.140000343322754,14.130000114440918,7.587175369262695
13-09-2011,14.079999923706055,14.079999923706055,31900,14.199999809265137,14.199999809265137,7.676369667053223
14-09-2011,14.130000114440918,14.180000305175781,45600,14.229999542236328,14.229999542236328,7.692592144012451
15-09-2011,14.109999656677246,14.239999771118164,32800,14.25,14.210000038146973,7.68178129196167
16-09-2011,14.180000305175781,14.239999771118164,26200,14.289999961853027,14.229999542236328,7.692592144012451
19-09-2011,14.1899995803833,14.239999771118164,39400,14.279999732971191,14.279999732971191,7.7196197509765625
20-09-2011,14.25,14.279999732971191,19600,14.300000190734863,14.300000190734863,7.730432510375977
21-09-2011,14.260000228881836,14.279999732971191,17700,14.300000190734863,14.300000190734863,7.730432510375977
22-09-2011,14.210000038146973,14.270000457763672,49300,14.300000190734863,14.300000190734863,7.730432510375977
23-09-2011,14.1899995803833,14.239999771118164,64700,14.300000190734863,14.220000267028809,7.687184810638428
26-09-2011,14.220000267028809,14.289999961853027,33800,14.300000190734863,14.300000190734863,7.730432510375977
27-09-2011,14.270000457763672,14.270000457763672,52500,14.369999885559082,14.359999656677246,7.7628679275512695
28-09-2011,14.329999923706055,14.329999923706055,46200,14.479999542236328,14.420000076293945,7.795302391052246
29-09-2011,14.4399995803833,14.479999542236328,47600,14.489999771118164,14.489999771118164,7.833144664764404
30-09-2011,14.449999809265137,14.479999542236328,66500,14.5,14.5,7.838551044464111
03-10-2011,14.470000267028809,14.479999542236328,69300,14.5,14.5,7.838551044464111
04-10-2011,14.140000343322754,14.470000267028809,145000,14.489999771118164,14.180000305175781,7.665560245513916
05-10-2011,14.119999885559082,14.119999885559082,51300,14.270000457763672,14.180000305175781,7.665560245513916
06-10-2011,14.069999694824219,14.229999542236328,66000,14.239999771118164,14.09000015258789,7.616907596588135
07-10-2011,14.0600004196167,14.100000381469727,56700,14.199999809265137,14.149999618530273,7.649343967437744
10-10-2011,14.15999984741211,14.15999984741211,48000,14.350000381469727,14.220000267028809,7.687184810638428
11-10-2011,14.149999618530273,14.210000038146973,40600,14.25,14.1899995803833,7.670967102050781
12-10-2011,14.100000381469727,14.140000343322754,38800,14.199999809265137,14.199999809265137,7.72810697555542
13-10-2011,14.119999885559082,14.180000305175781,27300,14.319999694824219,14.319999694824219,7.793421745300293
14-10-2011,14.289999961853027,14.289999961853027,46300,14.4399995803833,14.430000305175781,7.853286266326904
17-10-2011,14.210000038146973,14.420000076293945,34900,14.420000076293945,14.220000267028809,7.738997459411621
18-10-2011,14.180000305175781,14.199999809265137,42400,14.319999694824219,14.180000305175781,7.717225551605225
19-10-2011,14.109999656677246,14.180000305175781,56600,14.260000228881836,14.1899995803833,7.722666263580322
20-10-2011,14.119999885559082,14.119999885559082,20300,14.279999732971191,14.279999732971191,7.77165412902832
21-10-2011,14.260000228881836,14.279999732971191,40700,14.359999656677246,14.359999656677246,7.815189838409424
24-10-2011,14.34000015258789,14.390000343322754,28600,14.4399995803833,14.390000343322754,7.8315205574035645
25-10-2011,14.369999885559082,14.40999984741211,43900,14.4399995803833,14.399999618530273,7.836954593658447
26-10-2011,14.380000114440918,14.4399995803833,44800,14.5,14.489999771118164,7.8859381675720215
27-10-2011,14.329999923706055,14.470000267028809,65300,14.489999771118164,14.430000305175781,7.853286266326904
28-10-2011,14.3100004196167,14.329999923706055,34400,14.40999984741211,14.319999694824219,7.793421745300293
31-10-2011,14.319999694824219,14.350000381469727,39000,14.4399995803833,14.359999656677246,7.815189838409424
01-11-2011,14.149999618530273,14.359999656677246,130300,14.470000267028809,14.220000267028809,7.738997459411621
02-11-2011,14.1899995803833,14.25,39200,14.319999694824219,14.1899995803833,7.722666263580322
03-11-2011,14.15999984741211,14.199999809265137,45300,14.239999771118164,14.199999809265137,7.72810697555542
04-11-2011,14.149999618530273,14.199999809265137,46200,14.199999809265137,14.149999618530273,7.70089864730835
07-11-2011,14.149999618530273,14.149999618530273,57500,14.210000038146973,14.170000076293945,7.711784362792969
08-11-2011,14.170000076293945,14.170000076293945,50300,14.359999656677246,14.34000015258789,7.804304122924805
09-11-2011,14.300000190734863,14.369999885559082,31000,14.369999885559082,14.3100004196167,7.787973880767822
10-11-2011,14.199999809265137,14.329999923706055,51800,14.34000015258789,14.199999809265137,7.779756546020508
11-11-2011,14.15999984741211,14.300000190734863,45600,14.300000190734863,14.300000190734863,7.834544658660889
14-11-2011,14.260000228881836,14.3100004196167,37900,14.399999618530273,14.380000114440918,7.878373622894287
15-11-2011,14.300000190734863,14.359999656677246,27700,14.390000343322754,14.390000343322754,7.883854866027832
16-11-2011,14.319999694824219,14.34000015258789,23000,14.359999656677246,14.329999923706055,7.850983619689941
17-11-2011,14.300000190734863,14.380000114440918,29500,14.380000114440918,14.350000381469727,7.861937046051025
18-11-2011,14.329999923706055,14.350000381469727,34500,14.380000114440918,14.369999885559082,7.872899055480957
21-11-2011,14.34000015258789,14.369999885559082,34300,14.420000076293945,14.399999618530273,7.8893351554870605
22-11-2011,14.390000343322754,14.420000076293945,58200,14.449999809265137,14.4399995803833,7.911245346069336
23-11-2011,14.369999885559082,14.430000305175781,35500,14.4399995803833,14.4399995803833,7.911245346069336
25-11-2011,14.430000305175781,14.430000305175781,19400,14.5,14.489999771118164,7.938638687133789
28-11-2011,14.380000114440918,14.630000114440918,59900,14.630000114440918,14.4399995803833,7.911245346069336
29-11-2011,14.199999809265137,14.470000267028809,103400,14.479999542236328,14.25,7.80715274810791
30-11-2011,14.229999542236328,14.34000015258789,72700,14.359999656677246,14.25,7.80715274810791
01-12-2011,14.220000267028809,14.239999771118164,44600,14.380000114440918,14.229999542236328,7.796193599700928
02-12-2011,14.260000228881836,14.34000015258789,72000,14.34000015258789,14.260000228881836,7.812630653381348
05-12-2011,14.260000228881836,14.369999885559082,82600,14.369999885559082,14.329999923706055,7.850983619689941
06-12-2011,14.3100004196167,14.3100004196167,40400,14.399999618530273,14.329999923706055,7.850983619689941
07-12-2011,14.369999885559082,14.369999885559082,46000,14.539999961853027,14.539999961853027,7.96603536605835
08-12-2011,14.380000114440918,14.460000038146973,29400,14.479999542236328,14.420000076293945,7.952249526977539
09-12-2011,14.390000343322754,14.449999809265137,41300,14.489999771118164,14.390000343322754,7.935705184936523
12-12-2011,14.319999694824219,14.319999694824219,50500,14.600000381469727,14.579999923706055,8.04047966003418
13-12-2011,14.430000305175781,14.569999694824219,76300,14.649999618530273,14.460000038146973,8.005605697631836
14-12-2011,14.489999771118164,14.529999732971191,67700,14.619999885559082,14.600000381469727,8.083113670349121
15-12-2011,14.5,14.619999885559082,40800,14.619999885559082,14.5,8.027750015258789
16-12-2011,14.520000457763672,14.5600004196167,59900,14.619999885559082,14.59000015258789,8.077576637268066
19-12-2011,14.59000015258789,14.609999656677246,49000,14.619999885559082,14.609999656677246,8.088648796081543
20-12-2011,14.609999656677246,14.619999885559082,51100,14.710000038146973,14.670000076293945,8.121867179870605
21-12-2011,14.65999984741211,14.699999809265137,37500,14.75,14.739999771118164,8.160623550415039
22-12-2011,14.710000038146973,14.710000038146973,67200,14.859999656677246,14.819999694824219,8.204915046691895
23-12-2011,14.819999694824219,14.859999656677246,39300,14.930000305175781,14.890000343322754,8.24366569519043
27-12-2011,14.90999984741211,14.949999809265137,36100,14.960000038146973,14.90999984741211,8.254737854003906
28-12-2011,14.899999618530273,14.960000038146973,25500,14.960000038146973,14.9399995803833,8.271356582641602
29-12-2011,14.869999885559082,14.869999885559082,28300,14.9399995803833,14.869999885559082,8.23259449005127
30-12-2011,14.84000015258789,14.960000038146973,54400,14.989999771118164,14.869999885559082,8.23259449005127
03-01-2012,14.8100004196167,15.0,104100,15.119999885559082,14.869999885559082,8.23259449005127
04-01-2012,14.8100004196167,14.920000076293945,52400,14.920000076293945,14.8100004196167,8.199377059936523
05-01-2012,14.819999694824219,14.819999694824219,62000,14.949999809265137,14.949999809265137,8.276887893676758
06-01-2012,14.920000076293945,14.9399995803833,75600,15.020000457763672,14.989999771118164,8.299032211303711
09-01-2012,15.0,15.079999923706055,109900,15.300000190734863,15.0,8.30456829071045
10-01-2012,15.0,15.119999885559082,107200,15.170000076293945,15.0,8.30456829071045
11-01-2012,14.890000343322754,15.0600004196167,113500,15.0600004196167,14.890000343322754,8.24366569519043
12-01-2012,14.890000343322754,14.890000343322754,39400,14.979999542236328,14.960000038146973,8.28242301940918
13-01-2012,14.9399995803833,14.9399995803833,59500,15.140000343322754,15.079999923706055,8.348859786987305
17-01-2012,14.9399995803833,15.0,108400,15.1899995803833,15.119999885559082,8.424081802368164
18-01-2012,14.829999923706055,15.130000114440918,119400,15.130000114440918,14.859999656677246,8.279218673706055
19-01-2012,14.880000114440918,14.880000114440918,36400,15.010000228881836,15.010000228881836,8.362786293029785
20-01-2012,14.960000038146973,14.979999542236328,47400,15.039999961853027,15.020000457763672,8.368362426757812
23-01-2012,14.960000038146973,15.020000457763672,62800,15.039999961853027,15.0,8.357213973999023
24-01-2012,14.949999809265137,14.989999771118164,75700,15.029999732971191,15.0,8.357213973999023
25-01-2012,14.9399995803833,14.949999809265137,52800,15.029999732971191,15.020000457763672,8.368362426757812
26-01-2012,15.0,15.039999961853027,96200,15.100000381469727,15.029999732971191,8.373930931091309
27-01-2012,14.979999542236328,14.979999542236328,151000,15.180000305175781,15.0600004196167,8.390642166137695
30-01-2012,15.069999694824219,15.09000015258789,110500,15.239999771118164,15.220000267028809,8.479790687561035
31-01-2012,15.199999809265137,15.199999809265137,92700,15.319999694824219,15.239999771118164,8.490933418273926
01-02-2012,15.140000343322754,15.239999771118164,121600,15.3100004196167,15.140000343322754,8.435218811035156
02-02-2012,15.050000190734863,15.210000038146973,80400,15.239999771118164,15.199999809265137,8.468647956848145
03-02-2012,15.140000343322754,15.170000076293945,71900,15.289999961853027,15.140000343322754,8.435218811035156
06-02-2012,15.100000381469727,15.130000114440918,114200,15.279999732971191,15.25,8.496502876281738
07-02-2012,15.130000114440918,15.210000038146973,157100,15.270000457763672,15.229999542236328,8.485361099243164
08-02-2012,15.220000267028809,15.220000267028809,118100,15.359999656677246,15.289999961853027,8.518795013427734
09-02-2012,15.239999771118164,15.289999961853027,42000,15.34000015258789,15.25,8.496502876281738
10-02-2012,15.25,15.300000190734863,37500,15.34000015258789,15.34000015258789,8.546648025512695
13-02-2012,15.25,15.25,98000,15.40999984741211,15.380000114440918,8.622330665588379
14-02-2012,15.25,15.399999618530273,63500,15.4399995803833,15.260000228881836,8.555057525634766
15-02-2012,14.979999542236328,15.239999771118164,106800,15.260000228881836,14.979999542236328,8.39808464050293
16-02-2012,14.600000381469727,14.949999809265137,405100,14.949999809265137,14.600000381469727,8.18504810333252
17-02-2012,14.539999961853027,14.630000114440918,107700,14.789999961853027,14.789999961853027,8.2915620803833
21-02-2012,14.8100004196167,14.8100004196167,99400,15.109999656677246,15.039999961853027,8.431723594665527
22-02-2012,14.920000076293945,14.989999771118164,62400,15.050000190734863,14.930000305175781,8.370051383972168
23-02-2012,14.800000190734863,14.930000305175781,89300,14.970000267028809,14.800000190734863,8.297173500061035
24-02-2012,14.850000381469727,14.850000381469727,47900,15.020000457763672,15.020000457763672,8.420510292053223
27-02-2012,14.979999542236328,15.020000457763672,74100,15.100000381469727,15.039999961853027,8.431723594665527
28-02-2012,15.010000228881836,15.010000228881836,113900,15.220000267028809,15.220000267028809,8.532634735107422
29-02-2012,15.220000267028809,15.229999542236328,50500,15.279999732971191,15.25,8.549447059631348
01-03-2012,15.25,15.279999732971191,45000,15.329999923706055,15.319999694824219,8.588691711425781
02-03-2012,15.149999618530273,15.3100004196167,54400,15.3100004196167,15.220000267028809,8.532634735107422
05-03-2012,15.199999809265137,15.220000267028809,70400,15.25,15.25,8.549447059631348
06-03-2012,14.720000267028809,15.239999771118164,262100,15.239999771118164,14.880000114440918,8.342021942138672
07-03-2012,14.90999984741211,14.920000076293945,72500,15.029999732971191,15.029999732971191,8.426116943359375
08-03-2012,15.029999732971191,15.050000190734863,47400,15.1899995803833,15.15999984741211,8.498991966247559
09-03-2012,15.180000305175781,15.199999809265137,73000,15.300000190734863,15.279999732971191,8.56627082824707
12-03-2012,15.199999809265137,15.229999542236328,57000,15.270000457763672,15.239999771118164,8.597294807434082
13-03-2012,15.15999984741211,15.239999771118164,30200,15.270000457763672,15.220000267028809,8.586016654968262
14-03-2012,15.039999961853027,15.220000267028809,165600,15.220000267028809,15.109999656677246,8.52396011352539
15-03-2012,14.609999656677246,15.109999656677246,250900,15.109999656677246,14.6899995803833,8.287025451660156
16-03-2012,14.239999771118164,14.65999984741211,327200,14.710000038146973,14.369999885559082,8.106510162353516
19-03-2012,14.100000381469727,14.279999732971191,164700,14.630000114440918,14.470000267028809,8.162917137145996
20-03-2012,14.489999771118164,14.510000228881836,87400,14.699999809265137,14.539999961853027,8.20240592956543
21-03-2012,14.520000457763672,14.59000015258789,68500,14.6899995803833,14.640000343322754,8.258818626403809
22-03-2012,14.649999618530273,14.649999618530273,43900,14.739999771118164,14.739999771118164,8.315230369567871
23-03-2012,14.640000343322754,14.710000038146973,75000,14.789999961853027,14.680000305175781,8.281380653381348
26-03-2012,14.579999923706055,14.710000038146973,100300,14.779999732971191,14.619999885559082,8.247537612915039
27-03-2012,14.520000457763672,14.630000114440918,86600,14.779999732971191,14.770000457763672,8.332159996032715
28-03-2012,14.710000038146973,14.710000038146973,49100,14.84000015258789,14.819999694824219,8.360363006591797
29-03-2012,14.710000038146973,14.84000015258789,107600,14.869999885559082,14.779999732971191,8.337800979614258
30-03-2012,14.720000267028809,14.800000190734863,61800,14.84000015258789,14.729999542236328,8.309592247009277
02-04-2012,14.720000267028809,14.720000267028809,56100,14.920000076293945,14.880000114440918,8.394210815429688
03-04-2012,14.899999618530273,14.899999618530273,30900,15.020000457763672,15.0,8.461904525756836
04-04-2012,14.930000305175781,14.930000305175781,32400,15.050000190734863,14.949999809265137,8.433698654174805
05-04-2012,14.90999984741211,14.9399995803833,36300,14.989999771118164,14.979999542236328,8.450624465942383
09-04-2012,14.949999809265137,14.949999809265137,43300,15.210000038146973,15.210000038146973,8.580371856689453
10-04-2012,15.130000114440918,15.15999984741211,65900,15.239999771118164,15.140000343322754,8.540881156921387
11-04-2012,15.130000114440918,15.210000038146973,35900,15.220000267028809,15.210000038146973,8.580371856689453
12-04-2012,15.050000190734863,15.100000381469727,42600,15.1899995803833,15.180000305175781,8.617271423339844
13-04-2012,15.149999618530273,15.180000305175781,23200,15.220000267028809,15.210000038146973,8.63430404663086
16-04-2012,15.09000015258789,15.180000305175781,57000,15.220000267028809,15.210000038146973,8.63430404663086
17-04-2012,15.100000381469727,15.15999984741211,38600,15.229999542236328,15.180000305175781,8.617271423339844
18-04-2012,15.210000038146973,15.220000267028809,65600,15.300000190734863,15.210000038146973,8.63430404663086
19-04-2012,15.149999618530273,15.229999542236328,49000,15.260000228881836,15.199999809265137,8.628619194030762
20-04-2012,15.149999618530273,15.229999542236328,73600,15.279999732971191,15.279999732971191,8.674034118652344
23-04-2012,15.25,15.279999732971191,57600,15.390000343322754,15.380000114440918,8.730803489685059
24-04-2012,15.300000190734863,15.359999656677246,97700,15.449999809265137,15.449999809265137,8.77054214477539
25-04-2012,15.399999618530273,15.4399995803833,106300,15.529999732971191,15.470000267028809,8.781895637512207
26-04-2012,15.449999809265137,15.449999809265137,51400,15.520000457763672,15.470000267028809,8.781895637512207
27-04-2012,15.479999542236328,15.510000228881836,62500,15.529999732971191,15.5,8.798931121826172
30-04-2012,15.460000038146973,15.510000228881836,123000,15.529999732971191,15.489999771118164,8.793252944946289
01-05-2012,15.479999542236328,15.520000457763672,86000,15.520000457763672,15.5,8.798931121826172
02-05-2012,15.460000038146973,15.520000457763672,62000,15.5600004196167,15.5600004196167,8.832986831665039
03-05-2012,15.550000190734863,15.5600004196167,67000,15.649999618530273,15.640000343322754,8.878396034240723
04-05-2012,15.569999694824219,15.670000076293945,55500,15.699999809265137,15.680000305175781,8.90110969543457
07-05-2012,15.600000381469727,15.670000076293945,52000,15.670000076293945,15.640000343322754,8.878396034240723
08-05-2012,15.649999618530273,15.649999618530273,51700,15.789999961853027,15.789999961853027,8.963549613952637
09-05-2012,15.75,15.800000190734863,73000,15.850000381469727,15.789999961853027,8.963549613952637
10-05-2012,15.779999732971191,15.779999732971191,57400,15.890000343322754,15.850000381469727,8.997610092163086
11-05-2012,15.84000015258789,15.880000114440918,62000,15.920000076293945,15.880000114440918,9.01464557647705
14-05-2012,15.819999694824219,15.859999656677246,57200,15.899999618530273,15.859999656677246,9.003288269042969
15-05-2012,15.609999656677246,15.8100004196167,66600,15.8100004196167,15.619999885559082,8.920475006103516
16-05-2012,15.619999885559082,15.640000343322754,56200,15.729999542236328,15.720000267028809,8.977596282958984
17-05-2012,15.5600004196167,15.760000228881836,37300,15.760000228881836,15.59000015258789,8.90334701538086
18-05-2012,15.5,15.619999885559082,51300,15.619999885559082,15.5600004196167,8.886213302612305
21-05-2012,15.510000228881836,15.5600004196167,52300,15.649999618530273,15.5600004196167,8.886213302612305
22-05-2012,15.539999961853027,15.539999961853027,40600,15.600000381469727,15.600000381469727,8.909061431884766
23-05-2012,15.5600004196167,15.5600004196167,42000,15.649999618530273,15.649999618530273,8.937617301940918
24-05-2012,15.5600004196167,15.630000114440918,27700,15.649999618530273,15.640000343322754,8.931901931762695
25-05-2012,15.630000114440918,15.630000114440918,54100,15.649999618530273,15.640000343322754,8.931901931762695
29-05-2012,15.619999885559082,15.630000114440918,45600,15.649999618530273,15.649999618530273,8.937617301940918
30-05-2012,15.609999656677246,15.630000114440918,46200,15.649999618530273,15.649999618530273,8.937617301940918
31-05-2012,15.609999656677246,15.649999618530273,67500,15.649999618530273,15.649999618530273,8.937617301940918
01-06-2012,15.510000228881836,15.510000228881836,54500,15.670000076293945,15.609999656677246,8.91477108001709
04-06-2012,15.579999923706055,15.630000114440918,37300,15.670000076293945,15.65999984741211,8.943325996398926
05-06-2012,15.619999885559082,15.619999885559082,40000,15.710000038146973,15.710000038146973,8.971882820129395
06-06-2012,15.619999885559082,15.670000076293945,55000,15.699999809265137,15.649999618530273,8.937617301940918
07-06-2012,15.579999923706055,15.609999656677246,107200,15.699999809265137,15.649999618530273,8.937617301940918
08-06-2012,15.649999618530273,15.670000076293945,110600,15.720000267028809,15.720000267028809,8.977596282958984
11-06-2012,15.680000305175781,15.710000038146973,84800,15.75,15.729999542236328,8.983296394348145
12-06-2012,15.649999618530273,15.699999809265137,54400,15.75,15.65999984741211,8.943325996398926
13-06-2012,15.34000015258789,15.569999694824219,112000,15.619999885559082,15.350000381469727,8.81978988647461
14-06-2012,15.1899995803833,15.329999923706055,95900,15.369999885559082,15.1899995803833,8.727855682373047
15-06-2012,14.970000267028809,15.1899995803833,121700,15.1899995803833,15.039999961853027,8.641671180725098
18-06-2012,15.010000228881836,15.010000228881836,107700,15.300000190734863,15.260000228881836,8.76807689666748
19-06-2012,15.170000076293945,15.170000076293945,81100,15.350000381469727,15.319999694824219,8.802556037902832
20-06-2012,15.300000190734863,15.300000190734863,44900,15.369999885559082,15.329999923706055,8.808294296264648
21-06-2012,15.3100004196167,15.3100004196167,49300,15.520000457763672,15.460000038146973,8.882993698120117
22-06-2012,15.359999656677246,15.5,45500,15.5,15.399999618530273,8.84852123260498
25-06-2012,15.369999885559082,15.420000076293945,59400,15.4399995803833,15.420000076293945,8.860013961791992
26-06-2012,15.390000343322754,15.449999809265137,48100,15.550000190734863,15.529999732971191,8.923212051391602
27-06-2012,15.460000038146973,15.460000038146973,40700,15.5600004196167,15.5600004196167,8.940449714660645
28-06-2012,15.5,15.520000457763672,35800,15.649999618530273,15.630000114440918,8.980669021606445
29-06-2012,15.600000381469727,15.649999618530273,64700,15.6899995803833,15.619999885559082,8.974921226501465
02-07-2012,15.600000381469727,15.600000381469727,63400,15.699999809265137,15.670000076293945,9.003650665283203
03-07-2012,15.670000076293945,15.670000076293945,47700,15.739999771118164,15.720000267028809,9.032387733459473
05-07-2012,15.710000038146973,15.710000038146973,51200,15.779999732971191,15.75,9.049626350402832
06-07-2012,15.729999542236328,15.75,51800,15.789999961853027,15.760000228881836,9.05536937713623
09-07-2012,15.729999542236328,15.75,65400,15.789999961853027,15.75,9.049626350402832
10-07-2012,15.699999809265137,15.800000190734863,60900,15.8100004196167,15.699999809265137,9.020895004272461
11-07-2012,15.649999618530273,15.710000038146973,66700,15.760000228881836,15.65999984741211,8.997912406921387
12-07-2012,15.619999885559082,15.699999809265137,58600,15.699999809265137,15.6899995803833,9.015146255493164
13-07-2012,15.510000228881836,15.600000381469727,87800,15.609999656677246,15.510000228881836,8.966008186340332
16-07-2012,15.319999694824219,15.5,181400,15.539999961853027,15.390000343322754,8.89664077758789
17-07-2012,15.34000015258789,15.40999984741211,102200,15.479999542236328,15.470000267028809,8.942886352539062
18-07-2012,15.350000381469727,15.479999542236328,192400,15.550000190734863,15.390000343322754,8.89664077758789
19-07-2012,15.300000190734863,15.380000114440918,98700,15.399999618530273,15.319999694824219,8.856176376342773
20-07-2012,15.3100004196167,15.3100004196167,134000,15.40999984741211,15.40999984741211,8.908205032348633
23-07-2012,15.369999885559082,15.40999984741211,64300,15.460000038146973,15.390000343322754,8.89664077758789
24-07-2012,15.350000381469727,15.390000343322754,79800,15.449999809265137,15.380000114440918,8.89085865020752
25-07-2012,15.380000114440918,15.430000305175781,59800,15.489999771118164,15.489999771118164,8.954447746276855
26-07-2012,15.420000076293945,15.489999771118164,104400,15.520000457763672,15.420000076293945,8.913983345031738
27-07-2012,15.390000343322754,15.4399995803833,59200,15.479999542236328,15.4399995803833,8.92554759979248
30-07-2012,15.369999885559082,15.449999809265137,31500,15.479999542236328,15.4399995803833,8.92554759979248
31-07-2012,15.430000305175781,15.470000267028809,76700,15.479999542236328,15.430000305175781,8.919766426086426
01-08-2012,15.4399995803833,15.4399995803833,65500,15.5600004196167,15.470000267028809,8.942886352539062
02-08-2012,15.489999771118164,15.5,56300,15.550000190734863,15.510000228881836,8.966008186340332
03-08-2012,15.520000457763672,15.520000457763672,66000,15.65999984741211,15.600000381469727,9.018035888671875
06-08-2012,15.59000015258789,15.670000076293945,84900,15.760000228881836,15.760000228881836,9.110527992248535
07-08-2012,15.710000038146973,15.760000228881836,108200,15.779999732971191,15.75,9.104752540588379
08-08-2012,15.729999542236328,15.739999771118164,103500,15.8100004196167,15.800000190734863,9.133654594421387
09-08-2012,15.699999809265137,15.75,91400,15.8100004196167,15.789999961853027,9.127875328063965
10-08-2012,15.6899995803833,15.770000457763672,92700,15.800000190734863,15.6899995803833,9.070062637329102
13-08-2012,15.470000267028809,15.619999885559082,90000,15.640000343322754,15.550000190734863,9.043892860412598
14-08-2012,15.510000228881836,15.550000190734863,90000,15.670000076293945,15.65999984741211,9.107867240905762
15-08-2012,15.65999984741211,15.680000305175781,67600,15.800000190734863,15.800000190734863,9.189295768737793
16-08-2012,15.75,15.789999961853027,104300,15.920000076293945,15.920000076293945,9.259084701538086
17-08-2012,15.869999885559082,15.930000305175781,78400,15.979999542236328,15.970000267028809,9.288164138793945
20-08-2012,15.859999656677246,15.880000114440918,59100,15.989999771118164,15.989999771118164,9.29979419708252
21-08-2012,15.75,15.989999771118164,100700,16.0,15.800000190734863,9.189295768737793
22-08-2012,15.619999885559082,15.800000190734863,137900,15.8100004196167,15.75,9.160216331481934
23-08-2012,15.600000381469727,15.75,67200,15.850000381469727,15.699999809265137,9.131131172180176
24-08-2012,15.670000076293945,15.720000267028809,50800,15.760000228881836,15.739999771118164,9.154397010803223
27-08-2012,15.739999771118164,15.779999732971191,31800,15.850000381469727,15.779999732971191,9.177658081054688
28-08-2012,15.75,15.789999961853027,43300,15.84000015258789,15.770000457763672,9.171844482421875
29-08-2012,15.800000190734863,15.8100004196167,78100,15.949999809265137,15.930000305175781,9.264901161193848
30-08-2012,15.859999656677246,15.920000076293945,54400,15.9399995803833,15.90999984741211,9.25326156616211
31-08-2012,15.930000305175781,15.949999809265137,72600,16.049999237060547,16.049999237060547,9.334691047668457
04-09-2012,15.920000076293945,16.049999237060547,56200,16.100000381469727,15.989999771118164,9.29979419708252
05-09-2012,15.949999809265137,16.0,36900,16.020000457763672,15.960000038146973,9.282347679138184
06-09-2012,15.970000267028809,16.020000457763672,73900,16.100000381469727,16.079999923706055,9.352139472961426
07-09-2012,16.06999969482422,16.079999923706055,49800,16.110000610351562,16.110000610351562,9.369587898254395
10-09-2012,15.90999984741211,16.079999923706055,102700,16.100000381469727,16.020000457763672,9.317241668701172
11-09-2012,15.979999542236328,16.020000457763672,47000,16.079999923706055,16.079999923706055,9.352139472961426
12-09-2012,16.040000915527344,16.040000915527344,53100,16.110000610351562,16.110000610351562,9.369587898254395
13-09-2012,15.979999542236328,16.059999465942383,85000,16.110000610351562,16.059999465942383,9.395913124084473
14-09-2012,15.989999771118164,16.030000686645508,75200,16.06999969482422,16.020000457763672,9.372514724731445
17-09-2012,15.979999542236328,16.040000915527344,54700,16.049999237060547,16.040000915527344,9.384215354919434
18-09-2012,16.0,16.049999237060547,64700,16.110000610351562,16.110000610351562,9.425168991088867
19-09-2012,16.079999923706055,16.100000381469727,63700,16.190000534057617,16.110000610351562,9.425168991088867
20-09-2012,16.049999237060547,16.1200008392334,53900,16.15999984741211,16.149999618530273,9.448569297790527
21-09-2012,16.079999923706055,16.079999923706055,49700,16.31999969482422,16.270000457763672,9.518779754638672
24-09-2012,16.190000534057617,16.280000686645508,44300,16.350000381469727,16.219999313354492,9.489523887634277
25-09-2012,16.18000030517578,16.260000228881836,30300,16.280000686645508,16.270000457763672,9.518779754638672
26-09-2012,16.260000228881836,16.299999237060547,53500,16.360000610351562,16.350000381469727,9.565583229064941
27-09-2012,16.280000686645508,16.350000381469727,55700,16.389999389648438,16.350000381469727,9.565583229064941
28-09-2012,16.31999969482422,16.389999389648438,45000,16.420000076293945,16.389999389648438,9.588982582092285
01-10-2012,16.280000686645508,16.3700008392334,98800,16.420000076293945,16.290000915527344,9.530474662780762
02-10-2012,16.260000228881836,16.309999465942383,62200,16.350000381469727,16.280000686645508,9.524629592895508
03-10-2012,16.270000457763672,16.280000686645508,74900,16.329999923706055,16.299999237060547,9.53632640838623
04-10-2012,16.200000762939453,16.280000686645508,111800,16.299999237060547,16.209999084472656,9.483675003051758
05-10-2012,16.190000534057617,16.219999313354492,30600,16.270000457763672,16.209999084472656,9.483675003051758
08-10-2012,16.190000534057617,16.200000762939453,65200,16.299999237060547,16.190000534057617,9.471973419189453
09-10-2012,16.079999923706055,16.190000534057617,87700,16.190000534057617,16.09000015258789,9.413468360900879
10-10-2012,16.020000457763672,16.06999969482422,72600,16.149999618530273,16.059999465942383,9.395913124084473
11-10-2012,16.030000686645508,16.059999465942383,88900,16.139999389648438,16.139999389648438,9.442723274230957
12-10-2012,16.030000686645508,16.040000915527344,38200,16.110000610351562,16.06999969482422,9.457433700561523
15-10-2012,16.0,16.079999923706055,65500,16.100000381469727,16.0,9.416237831115723
16-10-2012,15.770000457763672,15.979999542236328,162700,16.0,15.899999618530273,9.357385635375977
17-10-2012,15.869999885559082,15.989999771118164,51700,15.989999771118164,15.899999618530273,9.357385635375977
18-10-2012,15.760000228881836,15.899999618530273,61800,15.90999984741211,15.779999732971191,9.286765098571777
19-10-2012,15.729999542236328,15.760000228881836,45600,15.819999694824219,15.8100004196167,9.304420471191406
22-10-2012,15.75,15.75,35700,15.920000076293945,15.90999984741211,9.363265991210938
23-10-2012,15.850000381469727,15.890000343322754,32200,15.930000305175781,15.930000305175781,9.375042915344238
24-10-2012,15.949999809265137,15.960000038146973,62500,16.040000915527344,16.040000915527344,9.439772605895996
25-10-2012,15.989999771118164,16.049999237060547,48400,16.079999923706055,16.059999465942383,9.45154857635498
26-10-2012,16.040000915527344,16.040000915527344,62500,16.18000030517578,16.1299991607666,9.492746353149414
31-10-2012,15.9399995803833,16.170000076293945,30500,16.170000076293945,16.040000915527344,9.439772605895996
01-11-2012,16.0,16.0,30000,16.1299991607666,16.06999969482422,9.457433700561523
02-11-2012,15.920000076293945,16.059999465942383,76600,16.15999984741211,16.1200008392334,9.486862182617188
05-11-2012,15.9399995803833,16.100000381469727,42500,16.1299991607666,16.040000915527344,9.439772605895996
06-11-2012,16.0,16.020000457763672,38700,16.149999618530273,16.1200008392334,9.486862182617188
07-11-2012,16.059999465942383,16.1200008392334,56700,16.280000686645508,16.270000457763672,9.575135231018066
08-11-2012,16.25,16.299999237060547,63000,16.43000030517578,16.399999618530273,9.651643753051758
09-11-2012,16.309999465942383,16.3799991607666,82400,16.5,16.3700008392334,9.633987426757812
12-11-2012,16.270000457763672,16.440000534057617,49600,16.450000762939453,16.309999465942383,9.598677635192871
13-11-2012,16.170000076293945,16.360000610351562,76600,16.360000610351562,16.260000228881836,9.569252014160156
14-11-2012,15.720000267028809,16.190000534057617,131300,16.190000534057617,15.720000267028809,9.305824279785156
15-11-2012,14.779999732971191,15.699999809265137,632700,15.699999809265137,15.25,9.027594566345215
16-11-2012,15.15999984741211,15.15999984741211,126000,15.739999771118164,15.670000076293945,9.276226043701172
19-11-2012,15.760000228881836,15.800000190734863,112800,15.989999771118164,15.970000267028809,9.453817367553711
20-11-2012,15.770000457763672,15.970000267028809,72100,16.030000686645508,15.949999809265137,9.441974639892578
21-11-2012,15.970000267028809,15.970000267028809,35900,16.059999465942383,16.010000228881836,9.477489471435547
23-11-2012,15.949999809265137,15.979999542236328,20300,16.030000686645508,16.010000228881836,9.477489471435547
26-11-2012,15.619999885559082,16.010000228881836,182400,16.010000228881836,15.699999809265137,9.293983459472656
27-11-2012,15.729999542236328,15.75,51400,15.850000381469727,15.760000228881836,9.329504013061523
28-11-2012,15.760000228881836,15.760000228881836,42800,15.859999656677246,15.829999923706055,9.370940208435059
29-11-2012,15.8100004196167,15.8100004196167,84300,15.899999618530273,15.880000114440918,9.40053653717041
30-11-2012,15.779999732971191,15.890000343322754,83300,15.890000343322754,15.819999694824219,9.365020751953125
03-12-2012,15.8100004196167,15.819999694824219,68200,15.890000343322754,15.869999885559082,9.394620895385742
04-12-2012,15.84000015258789,15.880000114440918,77200,15.899999618530273,15.899999618530273,9.412376403808594
05-12-2012,15.850000381469727,15.869999885559082,67800,15.949999809265137,15.9399995803833,9.436053276062012
06-12-2012,15.890000343322754,15.90999984741211,67900,15.970000267028809,15.970000267028809,9.453817367553711
07-12-2012,15.90999984741211,15.949999809265137,93400,16.0,15.90999984741211,9.41829776763916
10-12-2012,15.829999923706055,15.949999809265137,72700,15.960000038146973,15.829999923706055,9.370940208435059
11-12-2012,15.699999809265137,15.8100004196167,87200,15.859999656677246,15.800000190734863,9.409652709960938
12-12-2012,15.720000267028809,15.789999961853027,70900,15.8100004196167,15.770000457763672,9.391783714294434
13-12-2012,15.619999885559082,15.800000190734863,65500,15.800000190734863,15.630000114440918,9.3084077835083
14-12-2012,15.470000267028809,15.680000305175781,81600,15.710000038146973,15.529999732971191,9.248855590820312
17-12-2012,15.270000457763672,15.5,226600,15.5,15.329999923706055,9.129740715026855
18-12-2012,15.149999618530273,15.300000190734863,162400,15.430000305175781,15.420000076293945,9.183342933654785
19-12-2012,15.34000015258789,15.34000015258789,90900,15.5600004196167,15.510000228881836,9.23693561553955
20-12-2012,15.510000228881836,15.609999656677246,81700,15.739999771118164,15.649999618530273,9.320319175720215
21-12-2012,15.579999923706055,15.619999885559082,107800,15.800000190734863,15.789999961853027,9.403696060180664
24-12-2012,15.8100004196167,15.859999656677246,58500,15.899999618530273,15.850000381469727,9.439430236816406
26-12-2012,15.6899995803833,15.800000190734863,75600,15.850000381469727,15.710000038146973,9.356050491333008
27-12-2012,15.510000228881836,15.760000228881836,156300,15.789999961853027,15.550000190734863,9.260764122009277
28-12-2012,15.5,15.5,105900,15.649999618530273,15.649999618530273,9.320319175720215
31-12-2012,15.619999885559082,15.619999885559082,82000,15.789999961853027,15.789999961853027,9.403696060180664
02-01-2013,15.8100004196167,15.8100004196167,115900,16.200000762939453,16.139999389648438,9.612137794494629
03-01-2013,16.209999084472656,16.239999771118164,87900,16.450000762939453,16.31999969482422,9.71933650970459
04-01-2013,16.200000762939453,16.350000381469727,158900,16.5,16.260000228881836,9.683598518371582
07-01-2013,16.260000228881836,16.260000228881836,89500,16.459999084472656,16.440000534057617,9.79080581665039
08-01-2013,16.389999389648438,16.469999313354492,54300,16.530000686645508,16.530000686645508,9.844402313232422
09-01-2013,16.530000686645508,16.549999237060547,72100,16.690000534057617,16.690000534057617,9.93968677520752
10-01-2013,16.6299991607666,16.700000762939453,68000,16.75,16.719999313354492,9.957554817199707
11-01-2013,16.549999237060547,16.719999313354492,110200,16.84000015258789,16.719999313354492,9.957554817199707
14-01-2013,16.610000610351562,16.81999969482422,79300,16.889999389648438,16.6200008392334,9.89799976348877
15-01-2013,16.520000457763672,16.639999389648438,101900,16.790000915527344,16.760000228881836,9.981375694274902
16-01-2013,16.399999618530273,16.6200008392334,95600,16.6200008392334,16.530000686645508,9.900520324707031
17-01-2013,16.459999084472656,16.690000534057617,43200,16.690000534057617,16.56999969482422,9.92447566986084
18-01-2013,16.489999771118164,16.489999771118164,48500,16.639999389648438,16.510000228881836,9.888538360595703
22-01-2013,16.520000457763672,16.56999969482422,76500,16.6299991607666,16.600000381469727,9.94244384765625
23-01-2013,16.549999237060547,16.639999389648438,74800,16.690000534057617,16.649999618530273,9.97238826751709
24-01-2013,16.600000381469727,16.700000762939453,42900,16.700000762939453,16.6200008392334,9.954421043395996
25-01-2013,16.610000610351562,16.6200008392334,31100,16.68000030517578,16.670000076293945,9.984373092651367
28-01-2013,16.510000228881836,16.690000534057617,153700,16.700000762939453,16.56999969482422,9.92447566986084
29-01-2013,16.420000076293945,16.5,92600,16.610000610351562,16.440000534057617,9.846613883972168
30-01-2013,16.399999618530273,16.399999618530273,49400,16.5,16.450000762939453,9.852604866027832
31-01-2013,16.399999618530273,16.520000457763672,46900,16.56999969482422,16.479999542236328,9.870569229125977
01-02-2013,16.469999313354492,16.520000457763672,53500,16.6200008392334,16.579999923706055,9.930465698242188
04-02-2013,16.40999984741211,16.520000457763672,54900,16.530000686645508,16.5,9.882553100585938
05-02-2013,16.40999984741211,16.450000762939453,58700,16.530000686645508,16.43000030517578,9.84062385559082
06-02-2013,16.440000534057617,16.5,18900,16.5,16.479999542236328,9.870569229125977
07-02-2013,16.420000076293945,16.459999084472656,35700,16.540000915527344,16.489999771118164,9.876562118530273
08-02-2013,16.469999313354492,16.469999313354492,70500,16.59000015258789,16.59000015258789,9.9364595413208
11-02-2013,16.530000686645508,16.59000015258789,20300,16.59000015258789,16.579999923706055,9.930465698242188
12-02-2013,16.510000228881836,16.59000015258789,36500,16.59000015258789,16.559999465942383,9.918485641479492
13-02-2013,16.450000762939453,16.450000762939453,32800,16.489999771118164,16.479999542236328,9.92752456665039
14-02-2013,16.34000015258789,16.469999313354492,44500,16.469999313354492,16.3700008392334,9.861258506774902
15-02-2013,16.31999969482422,16.389999389648438,46200,16.420000076293945,16.389999389648438,9.873305320739746
19-02-2013,16.350000381469727,16.440000534057617,80300,16.579999923706055,16.559999465942383,9.975713729858398
20-02-2013,16.5,16.579999923706055,81600,16.600000381469727,16.579999923706055,9.987765312194824
21-02-2013,16.469999313354492,16.510000228881836,39900,16.56999969482422,16.520000457763672,9.951617240905762
22-02-2013,16.440000534057617,16.489999771118164,31600,16.579999923706055,16.540000915527344,9.963665008544922
25-02-2013,16.40999984741211,16.549999237060547,47400,16.549999237060547,16.440000534057617,9.903424263000488
26-02-2013,16.399999618530273,16.43000030517578,23300,16.479999542236328,16.450000762939453,9.909454345703125
27-02-2013,16.43000030517578,16.450000762939453,23600,16.510000228881836,16.5,9.93957233428955
28-02-2013,16.43000030517578,16.540000915527344,50500,16.549999237060547,16.459999084472656,9.915473937988281
01-03-2013,16.450000762939453,16.510000228881836,39500,16.510000228881836,16.479999542236328,9.92752456665039
04-03-2013,16.40999984741211,16.440000534057617,45400,16.469999313354492,16.469999313354492,9.921496391296387
05-03-2013,16.3799991607666,16.510000228881836,79600,16.510000228881836,16.3799991607666,9.867281913757324
06-03-2013,16.329999923706055,16.440000534057617,36200,16.440000534057617,16.350000381469727,9.849210739135742
07-03-2013,16.280000686645508,16.34000015258789,92700,16.350000381469727,16.280000686645508,9.807045936584473
08-03-2013,16.190000534057617,16.299999237060547,73400,16.34000015258789,16.229999542236328,9.776925086975098
11-03-2013,16.1200008392334,16.229999542236328,140500,16.229999542236328,16.219999313354492,9.77089786529541
12-03-2013,16.0,16.149999618530273,115900,16.290000915527344,16.290000915527344,9.813067436218262
13-03-2013,16.020000457763672,16.239999771118164,114900,16.290000915527344,16.200000762939453,9.758849143981934
14-03-2013,15.529999732971191,16.100000381469727,324700,16.100000381469727,15.569999694824219,9.434670448303223
15-03-2013,15.350000381469727,15.4399995803833,230700,15.699999809265137,15.510000228881836,9.398308753967285
18-03-2013,15.369999885559082,15.489999771118164,128900,15.970000267028809,15.90999984741211,9.640687942504883
19-03-2013,15.699999809265137,15.869999885559082,65300,15.979999542236328,15.970000267028809,9.677048683166504
20-03-2013,15.90999984741211,16.079999923706055,98900,16.139999389648438,16.09000015258789,9.749764442443848
21-03-2013,15.960000038146973,16.149999618530273,60300,16.149999618530273,16.059999465942383,9.731582641601562
22-03-2013,15.779999732971191,16.100000381469727,145700,16.1200008392334,16.010000228881836,9.701285362243652
25-03-2013,15.770000457763672,15.989999771118164,59300,15.989999771118164,15.800000190734863,9.574039459228516
26-03-2013,15.699999809265137,15.729999542236328,53800,15.949999809265137,15.880000114440918,9.622512817382812
27-03-2013,15.789999961853027,15.8100004196167,42300,15.9399995803833,15.84000015258789,9.598270416259766
28-03-2013,15.84000015258789,15.84000015258789,61300,15.979999542236328,15.869999885559082,9.616450309753418
01-04-2013,15.8100004196167,15.84000015258789,42700,15.920000076293945,15.869999885559082,9.616450309753418
02-04-2013,15.59000015258789,15.829999923706055,87800,15.899999618530273,15.670000076293945,9.495260238647461
03-04-2013,15.529999732971191,15.59000015258789,104300,15.819999694824219,15.699999809265137,9.513440132141113
04-04-2013,15.65999984741211,15.680000305175781,63800,15.779999732971191,15.75,9.543741226196289
05-04-2013,15.75,15.75,45600,15.930000305175781,15.899999618530273,9.634632110595703
08-04-2013,15.8100004196167,15.84000015258789,39500,15.920000076293945,15.899999618530273,9.634632110595703
09-04-2013,15.850000381469727,15.899999618530273,32300,15.949999809265137,15.899999618530273,9.634632110595703
10-04-2013,15.890000343322754,15.899999618530273,47200,15.989999771118164,15.970000267028809,9.677048683166504
11-04-2013,15.899999618530273,15.930000305175781,27200,15.979999542236328,15.949999809265137,9.664928436279297
12-04-2013,15.75,15.84000015258789,51600,15.989999771118164,15.989999771118164,9.747222900390625
15-04-2013,15.850000381469727,15.979999542236328,30600,15.979999542236328,15.869999885559082,9.674070358276367
16-04-2013,15.789999961853027,15.850000381469727,50800,15.880000114440918,15.850000381469727,9.661882400512695
17-04-2013,15.800000190734863,15.850000381469727,40800,15.930000305175781,15.8100004196167,9.637495994567871
18-04-2013,15.789999961853027,15.789999961853027,54800,15.930000305175781,15.899999618530273,9.692359924316406
19-04-2013,15.859999656677246,15.859999656677246,24400,15.949999809265137,15.899999618530273,9.692359924316406
22-04-2013,15.819999694824219,15.850000381469727,57100,15.899999618530273,15.869999885559082,9.674070358276367
23-04-2013,15.90999984741211,15.930000305175781,36000,15.979999542236328,15.930000305175781,9.710649490356445
24-04-2013,15.899999618530273,15.90999984741211,34700,16.0,15.930000305175781,9.710649490356445
25-04-2013,15.960000038146973,15.989999771118164,38100,16.030000686645508,16.020000457763672,9.765507698059082
26-04-2013,15.90999984741211,15.970000267028809,70300,16.010000228881836,15.989999771118164,9.747222900390625
29-04-2013,15.949999809265137,16.0,42600,16.020000457763672,15.979999542236328,9.74112606048584
30-04-2013,15.949999809265137,16.010000228881836,40300,16.040000915527344,16.020000457763672,9.765507698059082
01-05-2013,15.949999809265137,15.979999542236328,55200,16.079999923706055,16.059999465942383,9.789892196655273
02-05-2013,16.059999465942383,16.09000015258789,33300,16.149999618530273,16.110000610351562,9.820368766784668
03-05-2013,16.010000228881836,16.09000015258789,51800,16.1200008392334,16.100000381469727,9.814279556274414
06-05-2013,16.06999969482422,16.1200008392334,77200,16.229999542236328,16.219999313354492,9.887425422668457
07-05-2013,16.170000076293945,16.209999084472656,37700,16.25,16.239999771118164,9.89962100982666
08-05-2013,16.18000030517578,16.219999313354492,90800,16.309999465942383,16.280000686645508,9.924001693725586
09-05-2013,16.260000228881836,16.31999969482422,23100,16.329999923706055,16.260000228881836,9.911809921264648
10-05-2013,16.18000030517578,16.25,58700,16.25,16.190000534057617,9.869140625
13-05-2013,16.030000686645508,16.18000030517578,78800,16.200000762939453,16.059999465942383,9.789892196655273
14-05-2013,15.920000076293945,15.949999809265137,50400,16.020000457763672,15.9399995803833,9.77455997467041
15-05-2013,15.859999656677246,15.930000305175781,46900,16.010000228881836,15.880000114440918,9.737774848937988
16-05-2013,15.859999656677246,15.859999656677246,31300,15.949999809265137,15.9399995803833,9.77455997467041
17-05-2013,15.920000076293945,15.949999809265137,31100,16.020000457763672,15.970000267028809,9.792959213256836
20-05-2013,15.979999542236328,15.979999542236328,45000,16.030000686645508,16.020000457763672,9.823616027832031
21-05-2013,15.970000267028809,15.989999771118164,52300,16.040000915527344,16.020000457763672,9.823616027832031
22-05-2013,16.010000228881836,16.040000915527344,65000,16.059999465942383,16.010000228881836,9.817485809326172
23-05-2013,16.0,16.010000228881836,29900,16.049999237060547,16.020000457763672,9.823616027832031
24-05-2013,15.930000305175781,16.010000228881836,46300,16.010000228881836,15.960000038146973,9.786825180053711
28-05-2013,15.880000114440918,16.010000228881836,56900,16.040000915527344,15.920000076293945,9.762293815612793
29-05-2013,15.609999656677246,15.899999618530273,82200,15.899999618530273,15.6899995803833,9.621261596679688
30-05-2013,15.550000190734863,15.609999656677246,75600,15.779999732971191,15.680000305175781,9.615130424499512
31-05-2013,15.460000038146973,15.75,115300,15.75,15.460000038146973,9.480224609375
03-06-2013,14.930000305175781,15.449999809265137,224700,15.449999809265137,15.09000015258789,9.25333309173584
04-06-2013,15.020000457763672,15.029999732971191,90400,15.270000457763672,15.1899995803833,9.314655303955078
05-06-2013,15.15999984741211,15.180000305175781,80600,15.329999923706055,15.289999961853027,9.375982284545898
06-06-2013,15.279999732971191,15.279999732971191,50200,15.529999732971191,15.479999542236328,9.492488861083984
07-06-2013,15.319999694824219,15.470000267028809,68100,15.470000267028809,15.380000114440918,9.431164741516113
10-06-2013,15.119999885559082,15.3100004196167,60200,15.359999656677246,15.119999885559082,9.271733283996582
11-06-2013,14.65999984741211,15.140000343322754,211200,15.140000343322754,14.829999923706055,9.093900680541992
12-06-2013,14.510000228881836,14.859999656677246,134400,14.859999656677246,14.569999694824219,8.934465408325195
13-06-2013,14.069999694824219,14.40999984741211,241100,14.670000076293945,14.65999984741211,9.048651695251465
14-06-2013,14.640000343322754,14.640000343322754,65400,14.880000114440918,14.869999885559082,9.178277015686035
17-06-2013,14.760000228881836,14.84000015258789,47000,14.989999771118164,14.890000343322754,9.190620422363281
18-06-2013,14.5,14.819999694824219,175700,14.819999694824219,14.800000190734863,9.13507080078125
19-06-2013,14.670000076293945,14.779999732971191,94000,14.880000114440918,14.710000038146973,9.07951545715332
20-06-2013,14.25,14.5600004196167,113000,14.59000015258789,14.3100004196167,8.832623481750488
21-06-2013,14.300000190734863,14.3100004196167,108100,14.510000228881836,14.4399995803833,8.912863731384277
24-06-2013,14.09000015258789,14.25,137500,14.350000381469727,14.229999542236328,8.783245086669922
25-06-2013,14.010000228881836,14.279999732971191,88900,14.369999885559082,14.350000381469727,8.85731315612793
26-06-2013,14.390000343322754,14.40999984741211,62900,14.84000015258789,14.84000015258789,9.15975570678711
27-06-2013,14.819999694824219,14.819999694824219,68300,15.119999885559082,15.050000190734863,9.289374351501465
28-06-2013,14.819999694824219,15.0600004196167,41800,15.0600004196167,14.979999542236328,9.246172904968262
01-07-2013,14.930000305175781,14.979999542236328,49200,15.100000381469727,15.020000457763672,9.27086067199707
02-07-2013,14.930000305175781,14.979999542236328,44000,15.079999923706055,15.0,9.258512496948242
03-07-2013,14.859999656677246,15.0,124400,15.0,14.859999656677246,9.172102928161621
05-07-2013,14.59000015258789,14.850000381469727,54700,14.850000381469727,14.649999618530273,9.042484283447266
08-07-2013,14.65999984741211,14.65999984741211,50200,14.960000038146973,14.920000076293945,9.209135055541992
09-07-2013,14.84000015258789,14.899999618530273,57900,15.0,14.979999542236328,9.246172904968262
10-07-2013,14.699999809265137,14.869999885559082,58400,14.869999885559082,14.829999923706055,9.153585433959961
11-07-2013,14.6899995803833,14.6899995803833,94700,15.050000190734863,14.930000305175781,9.215312957763672
12-07-2013,14.6899995803833,14.789999961853027,76100,14.859999656677246,14.720000267028809,9.143869400024414
15-07-2013,14.5,14.720000267028809,42500,14.720000267028809,14.569999694824219,9.05069351196289
16-07-2013,14.430000305175781,14.600000381469727,51400,14.619999885559082,14.539999961853027,9.032057762145996
17-07-2013,14.449999809265137,14.539999961853027,65400,14.59000015258789,14.470000267028809,8.988574028015137
18-07-2013,14.4399995803833,14.529999732971191,39500,14.529999732971191,14.460000038146973,8.982361793518066
19-07-2013,14.239999771118164,14.460000038146973,76400,14.489999771118164,14.359999656677246,8.920242309570312
22-07-2013,14.210000038146973,14.390000343322754,95900,14.390000343322754,14.210000038146973,8.827066421508789
23-07-2013,14.180000305175781,14.199999809265137,56900,14.329999923706055,14.229999542236328,8.839486122131348
24-07-2013,14.140000343322754,14.25,48000,14.3100004196167,14.270000457763672,8.864336967468262
25-07-2013,13.760000228881836,14.140000343322754,319800,14.149999618530273,14.010000228881836,8.702832221984863
26-07-2013,13.819999694824219,13.899999618530273,133200,14.0,13.979999542236328,8.684192657470703
29-07-2013,13.949999809265137,13.960000038146973,103200,14.0600004196167,13.989999771118164,8.690403938293457
30-07-2013,13.989999771118164,14.050000190734863,50300,14.100000381469727,14.100000381469727,8.758736610412598
31-07-2013,14.010000228881836,14.079999923706055,62600,14.119999885559082,14.09000015258789,8.752527236938477
01-08-2013,13.989999771118164,14.09000015258789,96900,14.149999618530273,14.020000457763672,8.709040641784668
02-08-2013,13.989999771118164,14.039999961853027,30300,14.039999961853027,14.029999732971191,8.715255737304688
05-08-2013,13.829999923706055,14.020000457763672,67900,14.020000457763672,13.920000076293945,8.646923065185547
06-08-2013,13.75,13.859999656677246,82700,13.90999984741211,13.859999656677246,8.60964584350586
07-08-2013,13.699999809265137,13.880000114440918,140200,13.920000076293945,13.770000457763672,8.553743362426758
08-08-2013,13.600000381469727,13.720000267028809,90700,13.789999961853027,13.699999809265137,8.510260581970215
09-08-2013,13.640000343322754,13.710000038146973,65900,13.850000381469727,13.8100004196167,8.578591346740723
12-08-2013,13.75,13.800000190734863,113300,13.930000305175781,13.829999923706055,8.59101676940918
13-08-2013,13.720000267028809,13.800000190734863,49800,13.84000015258789,13.760000228881836,8.547529220581055
14-08-2013,13.649999618530273,13.680000305175781,35300,13.710000038146973,13.699999809265137,8.569421768188477
15-08-2013,13.479999542236328,13.609999656677246,69000,13.609999656677246,13.5600004196167,8.481852531433105
16-08-2013,13.1899995803833,13.460000038146973,194700,13.510000228881836,13.1899995803833,8.250414848327637
19-08-2013,13.140000343322754,13.239999771118164,83800,13.279999732971191,13.210000038146973,8.262927055358887
20-08-2013,13.09000015258789,13.210000038146973,199700,13.25,13.220000267028809,8.269182205200195
21-08-2013,13.170000076293945,13.25,96500,13.390000343322754,13.300000190734863,8.319218635559082
22-08-2013,13.220000267028809,13.229999542236328,106600,13.449999809265137,13.390000343322754,8.37552261352539
23-08-2013,13.350000381469727,13.359999656677246,110500,13.550000190734863,13.510000228881836,8.450581550598145
26-08-2013,13.399999618530273,13.5600004196167,76300,13.5600004196167,13.430000305175781,8.400541305541992
27-08-2013,13.3100004196167,13.449999809265137,85400,13.449999809265137,13.390000343322754,8.37552261352539
28-08-2013,13.329999923706055,13.350000381469727,37600,13.399999618530273,13.329999923706055,8.337985038757324
29-08-2013,13.279999732971191,13.279999732971191,40600,13.430000305175781,13.390000343322754,8.37552261352539
30-08-2013,13.279999732971191,13.399999618530273,52300,13.399999618530273,13.289999961853027,8.312968254089355
03-09-2013,13.270000457763672,13.270000457763672,50900,13.369999885559082,13.34000015258789,8.344244003295898
04-09-2013,13.25,13.289999961853027,36900,13.420000076293945,13.390000343322754,8.37552261352539
05-09-2013,13.300000190734863,13.399999618530273,74900,13.449999809265137,13.449999809265137,8.413044929504395
06-09-2013,13.34000015258789,13.449999809265137,83600,13.640000343322754,13.5600004196167,8.481852531433105
09-09-2013,13.579999923706055,13.619999885559082,80100,13.760000228881836,13.699999809265137,8.569421768188477
10-09-2013,13.65999984741211,13.680000305175781,56500,13.960000038146973,13.90999984741211,8.700776100158691
11-09-2013,13.75,13.90999984741211,70400,13.90999984741211,13.789999961853027,8.625720024108887
12-09-2013,13.640000343322754,13.84000015258789,73900,13.890000343322754,13.6899995803833,8.563167572021484
13-09-2013,13.550000190734863,13.550000190734863,59200,13.680000305175781,13.619999885559082,8.578920364379883
16-09-2013,13.520000457763672,13.649999618530273,74100,13.699999809265137,13.529999732971191,8.522226333618164
17-09-2013,13.550000190734863,13.550000190734863,61000,13.800000190734863,13.770000457763672,8.673397064208984
18-09-2013,13.739999771118164,13.760000228881836,91200,14.050000190734863,14.039999961853027,8.843462944030762
19-09-2013,14.0,14.119999885559082,97900,14.199999809265137,14.109999656677246,8.887552261352539
20-09-2013,14.029999732971191,14.039999961853027,43800,14.180000305175781,14.109999656677246,8.887552261352539
23-09-2013,14.050000190734863,14.0600004196167,49200,14.180000305175781,14.09000015258789,8.874955177307129
24-09-2013,14.0600004196167,14.0600004196167,55400,14.199999809265137,14.119999885559082,8.893851280212402
25-09-2013,14.100000381469727,14.180000305175781,32900,14.180000305175781,14.130000114440918,8.900153160095215
26-09-2013,14.100000381469727,14.15999984741211,31300,14.170000076293945,14.100000381469727,8.881260871887207
27-09-2013,14.079999923706055,14.170000076293945,18300,14.170000076293945,14.09000015258789,8.874955177307129
30-09-2013,14.079999923706055,14.15999984741211,66900,14.180000305175781,14.130000114440918,8.900153160095215
01-10-2013,14.050000190734863,14.069999694824219,50800,14.140000343322754,14.119999885559082,8.893851280212402
02-10-2013,14.069999694824219,14.100000381469727,23200,14.15999984741211,14.140000343322754,8.906453132629395
03-10-2013,14.029999732971191,14.140000343322754,60100,14.140000343322754,14.029999732971191,8.837164878845215
04-10-2013,14.050000190734863,14.079999923706055,45000,14.15999984741211,14.0600004196167,8.856058120727539
07-10-2013,13.979999542236328,14.100000381469727,59800,14.140000343322754,13.989999771118164,8.811967849731445
08-10-2013,13.800000190734863,13.949999809265137,53600,13.979999542236328,13.920000076293945,8.767879486083984
09-10-2013,13.800000190734863,13.859999656677246,74700,13.890000343322754,13.84000015258789,8.717486381530762
10-10-2013,13.899999618530273,13.90999984741211,60200,14.039999961853027,13.989999771118164,8.811967849731445
11-10-2013,13.949999809265137,13.949999809265137,44400,14.0600004196167,14.020000457763672,8.830864906311035
14-10-2013,13.989999771118164,14.010000228881836,44800,14.100000381469727,14.020000457763672,8.830864906311035
15-10-2013,13.760000228881836,13.850000381469727,54400,13.930000305175781,13.890000343322754,8.808670997619629
16-10-2013,13.789999961853027,13.8100004196167,38300,13.899999618530273,13.819999694824219,8.764275550842285
17-10-2013,13.84000015258789,13.84000015258789,91300,14.170000076293945,14.15999984741211,8.979897499084473
18-10-2013,13.970000267028809,14.140000343322754,121600,14.180000305175781,14.050000190734863,8.910138130187988
21-10-2013,14.010000228881836,14.100000381469727,42700,14.119999885559082,14.020000457763672,8.89111328125
22-10-2013,14.029999732971191,14.029999732971191,34000,14.119999885559082,14.0600004196167,8.91647720336914
23-10-2013,14.010000228881836,14.029999732971191,91900,14.199999809265137,14.1899995803833,8.998927116394043
24-10-2013,14.149999618530273,14.15999984741211,31600,14.270000457763672,14.260000228881836,9.043315887451172
25-10-2013,14.220000267028809,14.25,38100,14.390000343322754,14.359999656677246,9.106731414794922
28-10-2013,14.25,14.380000114440918,46900,14.489999771118164,14.470000267028809,9.176490783691406
29-10-2013,14.4399995803833,14.479999542236328,47600,14.529999732971191,14.479999542236328,9.182835578918457
30-10-2013,14.369999885559082,14.529999732971191,28400,14.529999732971191,14.399999618530273,9.132097244262695
31-10-2013,14.239999771118164,14.449999809265137,46400,14.449999809265137,14.319999694824219,9.081364631652832
01-11-2013,14.069999694824219,14.279999732971191,78900,14.279999732971191,14.069999694824219,8.922821998596191
04-11-2013,13.970000267028809,14.050000190734863,101200,14.119999885559082,13.970000267028809,8.859404563903809
05-11-2013,13.960000038146973,13.989999771118164,83800,14.100000381469727,14.039999961853027,8.903796195983887
06-11-2013,14.020000457763672,14.020000457763672,55300,14.15999984741211,14.130000114440918,8.960872650146484
07-11-2013,14.130000114440918,14.130000114440918,55600,14.279999732971191,14.180000305175781,8.992578506469727
08-11-2013,14.010000228881836,14.140000343322754,151200,14.140000343322754,14.039999961853027,8.903796195983887
11-11-2013,14.0,14.039999961853027,73600,14.100000381469727,14.0600004196167,8.91647720336914
12-11-2013,13.960000038146973,14.050000190734863,75000,14.09000015258789,13.970000267028809,8.859404563903809
13-11-2013,13.869999885559082,13.90999984741211,63600,14.050000190734863,13.979999542236328,8.865747451782227
14-11-2013,13.779999732971191,13.859999656677246,109100,14.0,13.8100004196167,8.817858695983887
15-11-2013,13.649999618530273,13.829999923706055,127500,13.829999923706055,13.720000267028809,8.760395050048828
18-11-2013,13.630000114440918,13.720000267028809,97700,13.720000267028809,13.699999809265137,8.7476224899292
19-11-2013,13.65999984741211,13.670000076293945,72500,13.8100004196167,13.8100004196167,8.817858695983887
20-11-2013,13.75,13.779999732971191,86500,13.90999984741211,13.819999694824219,8.824239730834961
21-11-2013,13.670000076293945,13.819999694824219,160800,13.899999618530273,13.8100004196167,8.817858695983887
22-11-2013,13.75,13.770000457763672,76900,13.859999656677246,13.850000381469727,8.843396186828613
25-11-2013,13.770000457763672,13.899999618530273,96100,13.90999984741211,13.800000190734863,8.811470031738281
26-11-2013,13.6899995803833,13.770000457763672,57800,13.770000457763672,13.699999809265137,8.7476224899292
27-11-2013,13.670000076293945,13.6899995803833,44700,13.770000457763672,13.729999542236328,8.766777992248535
29-11-2013,13.729999542236328,13.779999732971191,33500,13.84000015258789,13.789999961853027,8.805085182189941
02-12-2013,13.569999694824219,13.800000190734863,172000,13.819999694824219,13.720000267028809,8.760395050048828
03-12-2013,13.569999694824219,13.680000305175781,82300,13.699999809265137,13.65999984741211,8.722081184387207
04-12-2013,13.550000190734863,13.680000305175781,82300,13.680000305175781,13.569999694824219,8.664613723754883
05-12-2013,13.380000114440918,13.5600004196167,130200,13.569999694824219,13.40999984741211,8.562454223632812
06-12-2013,13.369999885559082,13.479999542236328,62800,13.479999542236328,13.4399995803833,8.581608772277832
09-12-2013,13.420000076293945,13.670000076293945,70800,13.670000076293945,13.430000305175781,8.575225830078125
10-12-2013,13.369999885559082,13.40999984741211,103700,13.479999542236328,13.470000267028809,8.600763320922852
11-12-2013,13.149999618530273,13.380000114440918,146100,13.380000114440918,13.149999618530273,8.456079483032227
12-12-2013,12.899999618530273,13.09000015258789,313100,13.180000305175781,13.069999694824219,8.404635429382324
13-12-2013,12.949999809265137,13.020000457763672,122600,13.079999923706055,13.079999923706055,8.411063194274902
16-12-2013,12.899999618530273,13.050000190734863,143500,13.050000190734863,12.960000038146973,8.33389663696289
17-12-2013,12.930000305175781,12.960000038146973,158700,13.270000457763672,13.260000228881836,8.526815414428711
18-12-2013,13.170000076293945,13.289999961853027,172600,13.5600004196167,13.5600004196167,8.719728469848633
19-12-2013,13.449999809265137,13.579999923706055,144900,13.609999656677246,13.529999732971191,8.700433731079102
20-12-2013,13.5,13.510000228881836,149000,13.649999618530273,13.539999961853027,8.706863403320312
23-12-2013,13.529999732971191,13.539999961853027,171500,13.819999694824219,13.760000228881836,8.848339080810547
24-12-2013,13.729999542236328,13.75,58800,13.829999923706055,13.729999542236328,8.829047203063965
26-12-2013,13.720000267028809,13.720000267028809,119200,13.850000381469727,13.779999732971191,8.861200332641602
27-12-2013,13.5,13.720000267028809,96700,13.75,13.600000381469727,8.745450019836426
30-12-2013,13.4399995803833,13.579999923706055,134100,13.649999618530273,13.510000228881836,8.687576293945312
31-12-2013,13.350000381469727,13.470000267028809,142000,13.609999656677246,13.59000015258789,8.739022254943848
02-01-2014,13.5,13.539999961853027,50400,13.640000343322754,13.640000343322754,8.771170616149902
03-01-2014,13.600000381469727,13.609999656677246,85000,13.739999771118164,13.710000038146973,8.816184997558594
06-01-2014,13.720000267028809,13.720000267028809,86200,13.90999984741211,13.899999618530273,8.938364028930664
07-01-2014,13.850000381469727,13.979999542236328,61700,13.989999771118164,13.90999984741211,8.944794654846191
08-01-2014,13.869999885559082,13.90999984741211,80500,14.0,13.989999771118164,8.996236801147461
09-01-2014,13.9399995803833,13.970000267028809,51200,14.0600004196167,14.029999732971191,9.021964073181152
10-01-2014,14.010000228881836,14.0600004196167,40900,14.140000343322754,14.119999885559082,9.079833030700684
13-01-2014,14.069999694824219,14.149999618530273,40100,14.180000305175781,14.130000114440918,9.086265563964844
14-01-2014,14.079999923706055,14.130000114440918,50300,14.130000114440918,14.079999923706055,9.054109573364258
15-01-2014,13.970000267028809,13.989999771118164,54300,14.020000457763672,13.979999542236328,9.05087947845459
16-01-2014,13.949999809265137,14.0,55600,14.020000457763672,13.989999771118164,9.057350158691406
17-01-2014,13.949999809265137,13.949999809265137,136000,14.09000015258789,14.020000457763672,9.076774597167969
21-01-2014,14.010000228881836,14.050000190734863,103700,14.09000015258789,14.069999694824219,9.109145164489746
22-01-2014,14.0600004196167,14.0600004196167,48000,14.220000267028809,14.199999809265137,9.193306922912598
23-01-2014,14.1899995803833,14.220000267028809,62200,14.350000381469727,14.229999542236328,9.212726593017578
24-01-2014,14.15999984741211,14.239999771118164,58900,14.270000457763672,14.229999542236328,9.212726593017578
27-01-2014,14.1899995803833,14.199999809265137,34900,14.270000457763672,14.270000457763672,9.23862361907959
28-01-2014,14.199999809265137,14.229999542236328,48000,14.329999923706055,14.239999771118164,9.219204902648926
29-01-2014,14.260000228881836,14.300000190734863,59300,14.329999923706055,14.3100004196167,9.264525413513184
30-01-2014,14.3100004196167,14.329999923706055,47900,14.420000076293945,14.369999885559082,9.303366661071777
31-01-2014,14.350000381469727,14.40999984741211,65700,14.489999771118164,14.369999885559082,9.303366661071777
03-02-2014,14.40999984741211,14.420000076293945,91200,14.569999694824219,14.479999542236328,9.374584197998047
04-02-2014,14.34000015258789,14.539999961853027,41500,14.539999961853027,14.350000381469727,9.290421485900879
05-02-2014,14.260000228881836,14.359999656677246,56500,14.369999885559082,14.369999885559082,9.303366661071777
06-02-2014,14.329999923706055,14.350000381469727,86500,14.460000038146973,14.329999923706055,9.27746868133545
07-02-2014,14.279999732971191,14.34000015258789,49000,14.449999809265137,14.350000381469727,9.290421485900879
10-02-2014,14.3100004196167,14.34000015258789,80600,14.430000305175781,14.350000381469727,9.290421485900879
11-02-2014,14.34000015258789,14.350000381469727,40300,14.460000038146973,14.449999809265137,9.355164527893066
12-02-2014,14.380000114440918,14.430000305175781,37800,14.479999542236328,14.380000114440918,9.30983829498291
13-02-2014,14.390000343322754,14.390000343322754,39300,14.470000267028809,14.430000305175781,9.342209815979004
14-02-2014,14.420000076293945,14.460000038146973,36100,14.479999542236328,14.449999809265137,9.355164527893066
18-02-2014,14.34000015258789,14.390000343322754,46400,14.470000267028809,14.390000343322754,9.377968788146973
19-02-2014,14.289999961853027,14.40999984741211,52500,14.479999542236328,14.319999694824219,9.332352638244629
20-02-2014,14.3100004196167,14.3100004196167,41100,14.399999618530273,14.34000015258789,9.345386505126953
21-02-2014,14.3100004196167,14.350000381469727,39500,14.40999984741211,14.34000015258789,9.345386505126953
24-02-2014,14.34000015258789,14.350000381469727,44500,14.390000343322754,14.350000381469727,9.351901054382324
25-02-2014,14.34000015258789,14.34000015258789,44100,14.399999618530273,14.359999656677246,9.358417510986328
26-02-2014,14.350000381469727,14.350000381469727,45100,14.420000076293945,14.380000114440918,9.371448516845703
27-02-2014,14.380000114440918,14.380000114440918,38500,14.4399995803833,14.4399995803833,9.410552024841309
28-02-2014,14.390000343322754,14.489999771118164,41800,14.489999771118164,14.399999618530273,9.384488105773926
03-03-2014,14.399999618530273,14.399999618530273,67700,14.489999771118164,14.449999809265137,9.417073249816895
04-03-2014,14.5,14.510000228881836,74800,14.579999923706055,14.510000228881836,9.456171035766602
05-03-2014,14.510000228881836,14.539999961853027,58400,14.6899995803833,14.59000015258789,9.508308410644531
06-03-2014,14.520000457763672,14.579999923706055,76400,14.59000015258789,14.5600004196167,9.488758087158203
07-03-2014,14.390000343322754,14.510000228881836,91000,14.520000457763672,14.420000076293945,9.397522926330566
10-03-2014,14.4399995803833,14.470000267028809,49700,14.539999961853027,14.489999771118164,9.443140029907227
11-03-2014,14.489999771118164,14.5600004196167,82000,14.670000076293945,14.579999923706055,9.50179386138916
12-03-2014,14.59000015258789,14.649999618530273,91700,14.739999771118164,14.710000038146973,9.586512565612793
13-03-2014,14.6899995803833,14.6899995803833,50700,14.899999618530273,14.84000015258789,9.671233177185059
14-03-2014,14.699999809265137,14.720000267028809,54400,14.770000457763672,14.710000038146973,9.648277282714844
17-03-2014,14.609999656677246,14.640000343322754,132200,14.899999618530273,14.770000457763672,9.687633514404297
18-03-2014,14.65999984741211,14.829999923706055,55000,14.829999923706055,14.699999809265137,9.641715049743652
19-03-2014,14.5,14.75,48500,14.829999923706055,14.5,9.510540962219238
20-03-2014,14.279999732971191,14.479999542236328,246300,14.5600004196167,14.550000190734863,9.543334007263184
21-03-2014,14.550000190734863,14.550000190734863,72300,14.6899995803833,14.6899995803833,9.63515853881836
24-03-2014,14.6899995803833,14.720000267028809,54200,14.789999961853027,14.789999961853027,9.700750350952148
25-03-2014,14.729999542236328,14.8100004196167,45900,14.8100004196167,14.789999961853027,9.700750350952148
26-03-2014,14.800000190734863,14.829999923706055,27600,14.880000114440918,14.84000015258789,9.733542442321777
27-03-2014,14.779999732971191,14.819999694824219,38400,14.869999885559082,14.869999885559082,9.753220558166504
28-03-2014,14.829999923706055,14.84000015258789,32800,14.880000114440918,14.880000114440918,9.759778022766113
31-03-2014,14.819999694824219,14.880000114440918,44400,14.890000343322754,14.819999694824219,9.720428466796875
01-04-2014,14.770000457763672,14.779999732971191,20600,14.850000381469727,14.800000190734863,9.707308769226074
02-04-2014,14.729999542236328,14.779999732971191,65500,14.84000015258789,14.800000190734863,9.707308769226074
03-04-2014,14.760000228881836,14.800000190734863,64600,14.890000343322754,14.789999961853027,9.700750350952148
04-04-2014,14.770000457763672,14.829999923706055,105600,14.859999656677246,14.789999961853027,9.700750350952148
07-04-2014,14.770000457763672,14.800000190734863,44000,14.850000381469727,14.8100004196167,9.71387004852295
08-04-2014,14.800000190734863,14.8100004196167,52000,14.850000381469727,14.800000190734863,9.707308769226074
09-04-2014,14.800000190734863,14.829999923706055,47100,14.84000015258789,14.8100004196167,9.71387004852295
10-04-2014,14.8100004196167,14.829999923706055,69000,14.920000076293945,14.819999694824219,9.720428466796875
11-04-2014,14.8100004196167,14.829999923706055,60000,14.869999885559082,14.84000015258789,9.733542442321777
14-04-2014,14.670000076293945,14.800000190734863,67400,14.890000343322754,14.680000305175781,9.69063663482666
15-04-2014,14.65999984741211,14.699999809265137,34500,14.770000457763672,14.720000267028809,9.717042922973633
16-04-2014,14.640000343322754,14.739999771118164,83700,14.770000457763672,14.640000343322754,9.664226531982422
17-04-2014,14.569999694824219,14.649999618530273,68300,14.699999809265137,14.579999923706055,9.624626159667969
21-04-2014,14.59000015258789,14.59000015258789,28400,14.720000267028809,14.720000267028809,9.717042922973633
22-04-2014,14.699999809265137,14.720000267028809,48900,14.779999732971191,14.779999732971191,9.756644248962402
23-04-2014,14.75,14.779999732971191,32700,14.850000381469727,14.75,9.736849784851074
24-04-2014,14.770000457763672,14.770000457763672,77700,14.84000015258789,14.84000015258789,9.796257019042969
25-04-2014,14.8100004196167,14.829999923706055,74100,14.9399995803833,14.890000343322754,9.829265594482422
28-04-2014,14.819999694824219,14.890000343322754,62300,14.9399995803833,14.850000381469727,9.802862167358398
29-04-2014,14.779999732971191,14.84000015258789,61300,14.899999618530273,14.890000343322754,9.829265594482422
30-04-2014,14.859999656677246,14.90999984741211,68400,14.930000305175781,14.899999618530273,9.83586311340332
01-05-2014,14.920000076293945,14.920000076293945,66400,15.0600004196167,15.029999732971191,9.92168140411377
02-05-2014,14.949999809265137,15.029999732971191,85900,15.050000190734863,15.020000457763672,9.915082931518555
05-05-2014,14.960000038146973,14.979999542236328,72400,15.0600004196167,14.960000038146973,9.875471115112305
06-05-2014,14.989999771118164,15.0,94700,15.079999923706055,15.050000190734863,9.934884071350098
07-05-2014,15.0600004196167,15.0600004196167,48900,15.220000267028809,15.220000267028809,10.047104835510254
08-05-2014,15.210000038146973,15.289999961853027,83600,15.319999694824219,15.300000190734863,10.099916458129883
09-05-2014,15.220000267028809,15.260000228881836,65800,15.34000015258789,15.329999923706055,10.119720458984375
12-05-2014,15.319999694824219,15.350000381469727,50600,15.390000343322754,15.369999885559082,10.146124839782715
13-05-2014,15.3100004196167,15.359999656677246,62400,15.470000267028809,15.449999809265137,10.198930740356445
14-05-2014,15.4399995803833,15.4399995803833,25700,15.539999961853027,15.510000228881836,10.238540649414062
15-05-2014,15.239999771118164,15.430000305175781,144700,15.4399995803833,15.25,10.128952026367188
16-05-2014,15.199999809265137,15.279999732971191,65200,15.279999732971191,15.220000267028809,10.10902214050293
19-05-2014,15.199999809265137,15.260000228881836,48900,15.260000228881836,15.220000267028809,10.10902214050293
20-05-2014,15.170000076293945,15.199999809265137,47700,15.229999542236328,15.229999542236328,10.115663528442383
21-05-2014,15.140000343322754,15.220000267028809,54500,15.25,15.140000343322754,10.055888175964355
22-05-2014,15.100000381469727,15.170000076293945,84600,15.220000267028809,15.180000305175781,10.082456588745117
23-05-2014,15.180000305175781,15.1899995803833,50400,15.289999961853027,15.239999771118164,10.122304916381836
27-05-2014,15.1899995803833,15.279999732971191,35900,15.279999732971191,15.229999542236328,10.115663528442383
28-05-2014,15.239999771118164,15.239999771118164,47800,15.329999923706055,15.25,10.128952026367188
29-05-2014,15.25,15.289999961853027,35600,15.300000190734863,15.289999961853027,10.155515670776367
30-05-2014,15.279999732971191,15.329999923706055,61300,15.350000381469727,15.3100004196167,10.168805122375488
02-06-2014,15.279999732971191,15.3100004196167,45700,15.4399995803833,15.420000076293945,10.241861343383789
03-06-2014,15.350000381469727,15.430000305175781,70600,15.430000305175781,15.380000114440918,10.215293884277344
04-06-2014,15.300000190734863,15.369999885559082,98000,15.5,15.449999809265137,10.261785507202148
05-06-2014,15.350000381469727,15.390000343322754,64400,15.449999809265137,15.380000114440918,10.215293884277344
06-06-2014,15.359999656677246,15.399999618530273,74500,15.520000457763672,15.5,10.294992446899414
09-06-2014,15.460000038146973,15.5,41300,15.630000114440918,15.619999885559082,10.374704360961914
10-06-2014,15.579999923706055,15.579999923706055,39100,15.739999771118164,15.680000305175781,10.414554595947266
11-06-2014,15.680000305175781,15.680000305175781,40800,15.770000457763672,15.6899995803833,10.42119312286377
12-06-2014,15.710000038146973,15.739999771118164,36200,15.760000228881836,15.75,10.461048126220703
13-06-2014,15.5,15.699999809265137,45600,15.699999809265137,15.539999961853027,10.384202003479004
16-06-2014,15.359999656677246,15.520000457763672,83000,15.569999694824219,15.449999809265137,10.324060440063477
17-06-2014,15.40999984741211,15.5600004196167,62600,15.5600004196167,15.4399995803833,10.317378044128418
18-06-2014,15.420000076293945,15.430000305175781,20600,15.470000267028809,15.430000305175781,10.310694694519043
19-06-2014,15.460000038146973,15.5,65000,15.600000381469727,15.479999542236328,10.34410572052002
20-06-2014,15.489999771118164,15.489999771118164,34500,15.600000381469727,15.539999961853027,10.384202003479004
23-06-2014,15.539999961853027,15.550000190734863,34700,15.630000114440918,15.5600004196167,10.397565841674805
24-06-2014,15.5,15.5600004196167,56400,15.600000381469727,15.520000457763672,10.37083625793457
25-06-2014,15.510000228881836,15.569999694824219,40400,15.609999656677246,15.600000381469727,10.424299240112305
26-06-2014,15.5,15.600000381469727,57200,15.649999618530273,15.5,10.357471466064453
27-06-2014,15.5,15.520000457763672,49700,15.569999694824219,15.529999732971191,10.377516746520996
30-06-2014,15.520000457763672,15.550000190734863,41200,15.59000015258789,15.539999961853027,10.384202003479004
01-07-2014,15.520000457763672,15.569999694824219,38900,15.619999885559082,15.5600004196167,10.397565841674805
02-07-2014,15.210000038146973,15.520000457763672,150400,15.550000190734863,15.239999771118164,10.183733940124512
03-07-2014,14.760000228881836,15.15999984741211,290300,15.15999984741211,14.859999656677246,9.9298095703125
07-07-2014,14.859999656677246,14.859999656677246,107300,15.260000228881836,15.210000038146973,10.163684844970703
08-07-2014,15.279999732971191,15.3100004196167,64200,15.449999809265137,15.380000114440918,10.277283668518066
09-07-2014,15.199999809265137,15.369999885559082,38600,15.390000343322754,15.25,10.19041633605957
10-07-2014,15.289999961853027,15.3100004196167,42700,15.420000076293945,15.329999923706055,10.243870735168457
11-07-2014,15.239999771118164,15.3100004196167,63300,15.470000267028809,15.399999618530273,10.290650367736816
14-07-2014,15.149999618530273,15.260000228881836,76800,15.270000457763672,15.149999618530273,10.186431884765625
15-07-2014,15.020000457763672,15.100000381469727,55800,15.180000305175781,15.029999732971191,10.105745315551758
16-07-2014,14.949999809265137,15.039999961853027,73000,15.050000190734863,15.010000228881836,10.092299461364746
17-07-2014,15.010000228881836,15.050000190734863,51500,15.09000015258789,15.029999732971191,10.105745315551758
18-07-2014,15.029999732971191,15.069999694824219,39400,15.100000381469727,15.079999923706055,10.139365196228027
21-07-2014,15.050000190734863,15.079999923706055,37300,15.140000343322754,15.109999656677246,10.15953540802002
22-07-2014,15.039999961853027,15.079999923706055,39500,15.100000381469727,15.050000190734863,10.119192123413086
23-07-2014,15.029999732971191,15.069999694824219,79400,15.100000381469727,15.050000190734863,10.119192123413086
24-07-2014,15.010000228881836,15.039999961853027,54900,15.069999694824219,15.020000457763672,10.099023818969727
25-07-2014,15.0,15.050000190734863,46400,15.079999923706055,15.020000457763672,10.099023818969727
28-07-2014,14.949999809265137,15.079999923706055,53500,15.109999656677246,14.960000038146973,10.058679580688477
29-07-2014,14.920000076293945,14.960000038146973,63700,15.0,14.949999809265137,10.05195426940918
30-07-2014,14.770000457763672,14.949999809265137,121300,14.949999809265137,14.789999961853027,9.944376945495605
31-07-2014,14.510000228881836,14.600000381469727,226400,14.760000228881836,14.640000343322754,9.843523025512695
01-08-2014,14.640000343322754,14.640000343322754,118000,14.890000343322754,14.850000381469727,9.984718322753906
04-08-2014,14.739999771118164,14.829999923706055,97400,14.850000381469727,14.800000190734863,9.951104164123535
05-08-2014,14.720000267028809,14.800000190734863,39900,14.800000190734863,14.779999732971191,9.937654495239258
06-08-2014,14.75,14.75,45500,14.850000381469727,14.850000381469727,9.984718322753906
07-08-2014,14.829999923706055,14.84000015258789,46300,15.0,14.989999771118164,10.078852653503418
08-08-2014,14.949999809265137,14.989999771118164,24900,15.109999656677246,15.09000015258789,10.146085739135742
11-08-2014,15.0600004196167,15.0600004196167,20100,15.1899995803833,15.170000076293945,10.199882507324219
12-08-2014,15.15999984741211,15.199999809265137,69100,15.25,15.210000038146973,10.226776123046875
13-08-2014,15.15999984741211,15.15999984741211,37800,15.229999542236328,15.210000038146973,10.226776123046875
14-08-2014,15.079999923706055,15.1899995803833,66500,15.1899995803833,15.180000305175781,10.27074909210205
15-08-2014,15.079999923706055,15.140000343322754,25000,15.199999809265137,15.109999656677246,10.223389625549316
18-08-2014,15.079999923706055,15.119999885559082,32700,15.170000076293945,15.09000015258789,10.209858894348145
19-08-2014,15.079999923706055,15.079999923706055,12400,15.180000305175781,15.170000076293945,10.263988494873047
20-08-2014,15.119999885559082,15.140000343322754,16300,15.170000076293945,15.149999618530273,10.250458717346191
21-08-2014,15.079999923706055,15.119999885559082,18600,15.210000038146973,15.15999984741211,10.257217407226562
22-08-2014,15.0600004196167,15.140000343322754,26700,15.15999984741211,15.09000015258789,10.209858894348145
25-08-2014,15.050000190734863,15.09000015258789,17600,15.140000343322754,15.0600004196167,10.189562797546387
26-08-2014,15.020000457763672,15.050000190734863,43500,15.0600004196167,15.0600004196167,10.189562797546387
27-08-2014,15.020000457763672,15.0600004196167,25100,15.140000343322754,15.069999694824219,10.196325302124023
28-08-2014,15.0600004196167,15.0600004196167,34800,15.149999618530273,15.119999885559082,10.230156898498535
29-08-2014,15.09000015258789,15.15999984741211,25000,15.15999984741211,15.09000015258789,10.209858894348145
02-09-2014,15.09000015258789,15.09000015258789,30000,15.170000076293945,15.170000076293945,10.263988494873047
03-09-2014,15.130000114440918,15.130000114440918,29700,15.180000305175781,15.130000114440918,10.236926078796387
04-09-2014,15.119999885559082,15.130000114440918,22900,15.15999984741211,15.130000114440918,10.236926078796387
05-09-2014,15.140000343322754,15.180000305175781,35200,15.220000267028809,15.220000267028809,10.29781436920166
08-09-2014,15.199999809265137,15.229999542236328,41400,15.270000457763672,15.199999809265137,10.284281730651855
09-09-2014,15.180000305175781,15.210000038146973,60100,15.350000381469727,15.350000381469727,10.385773658752441
10-09-2014,15.279999732971191,15.34000015258789,66500,15.380000114440918,15.369999885559082,10.399304389953613
11-09-2014,15.329999923706055,15.34000015258789,28000,15.380000114440918,15.359999656677246,10.392538070678711
12-09-2014,15.260000228881836,15.3100004196167,49500,15.329999923706055,15.3100004196167,10.358712196350098
15-09-2014,15.0,15.25,66200,15.25,15.039999961853027,10.239564895629883
16-09-2014,14.979999542236328,15.079999923706055,23900,15.100000381469727,15.050000190734863,10.246374130249023
17-09-2014,15.010000228881836,15.029999732971191,30600,15.069999694824219,15.069999694824219,10.259992599487305
18-09-2014,15.010000228881836,15.050000190734863,19500,15.15999984741211,15.0600004196167,10.253189086914062
19-09-2014,15.029999732971191,15.130000114440918,35500,15.130000114440918,15.039999961853027,10.239564895629883
22-09-2014,15.0,15.0600004196167,59000,15.119999885559082,15.069999694824219,10.259992599487305
23-09-2014,15.029999732971191,15.039999961853027,44500,15.130000114440918,15.050000190734863,10.246374130249023
24-09-2014,15.0600004196167,15.069999694824219,24000,15.130000114440918,15.109999656677246,10.287223815917969
25-09-2014,15.079999923706055,15.130000114440918,17100,15.149999618530273,15.140000343322754,10.307648658752441
26-09-2014,15.020000457763672,15.100000381469727,47500,15.140000343322754,15.130000114440918,10.300841331481934
29-09-2014,15.050000190734863,15.079999923706055,18300,15.130000114440918,15.100000381469727,10.280414581298828
30-09-2014,15.140000343322754,15.140000343322754,69700,15.25,15.25,10.382540702819824
01-10-2014,15.239999771118164,15.239999771118164,88300,15.449999809265137,15.3100004196167,10.423389434814453
02-10-2014,15.210000038146973,15.329999923706055,124500,15.329999923706055,15.260000228881836,10.389348983764648
03-10-2014,15.210000038146973,15.239999771118164,51200,15.279999732971191,15.25,10.382540702819824
06-10-2014,15.289999961853027,15.289999961853027,32600,15.399999618530273,15.380000114440918,10.471048355102539
07-10-2014,15.350000381469727,15.380000114440918,28800,15.420000076293945,15.40999984741211,10.491470336914062
08-10-2014,15.390000343322754,15.430000305175781,41000,15.479999542236328,15.449999809265137,10.518702507019043
09-10-2014,15.369999885559082,15.420000076293945,45100,15.479999542236328,15.399999618530273,10.484663963317871
10-10-2014,15.279999732971191,15.449999809265137,50500,15.479999542236328,15.350000381469727,10.450620651245117
13-10-2014,15.319999694824219,15.390000343322754,50700,15.449999809265137,15.390000343322754,10.477856636047363
14-10-2014,15.229999542236328,15.270000457763672,57300,15.369999885559082,15.260000228881836,10.453877449035645
15-10-2014,15.029999732971191,15.239999771118164,91000,15.279999732971191,15.100000381469727,10.344265937805176
16-10-2014,14.979999542236328,14.989999771118164,74500,15.130000114440918,15.079999923706055,10.330571174621582
17-10-2014,15.069999694824219,15.069999694824219,51200,15.25,15.210000038146973,10.419624328613281
20-10-2014,15.25,15.25,61800,15.399999618530273,15.289999961853027,10.474430084228516
21-10-2014,15.140000343322754,15.3100004196167,44900,15.319999694824219,15.260000228881836,10.453877449035645
22-10-2014,15.210000038146973,15.239999771118164,26500,15.260000228881836,15.229999542236328,10.433323860168457
23-10-2014,15.199999809265137,15.260000228881836,48700,15.3100004196167,15.239999771118164,10.440176010131836
24-10-2014,15.210000038146973,15.220000267028809,28000,15.319999694824219,15.3100004196167,10.488131523132324
27-10-2014,15.210000038146973,15.319999694824219,39600,15.319999694824219,15.260000228881836,10.453877449035645
28-10-2014,15.1899995803833,15.319999694824219,72400,15.359999656677246,15.220000267028809,10.426477432250977
29-10-2014,15.199999809265137,15.199999809265137,23200,15.279999732971191,15.260000228881836,10.453877449035645
30-10-2014,15.229999542236328,15.25,25300,15.270000457763672,15.270000457763672,10.460729598999023
31-10-2014,15.220000267028809,15.319999694824219,21900,15.319999694824219,15.260000228881836,10.453877449035645
03-11-2014,15.260000228881836,15.260000228881836,58400,15.3100004196167,15.300000190734863,10.481279373168945
04-11-2014,15.050000190734863,15.260000228881836,248800,15.319999694824219,15.130000114440918,10.364822387695312
05-11-2014,14.5600004196167,14.84000015258789,411700,14.949999809265137,14.859999656677246,10.179859161376953
06-11-2014,14.859999656677246,14.859999656677246,116700,15.109999656677246,14.899999618530273,10.207256317138672
07-11-2014,14.819999694824219,14.899999618530273,105400,14.9399995803833,14.84000015258789,10.166153907775879
10-11-2014,14.829999923706055,14.84000015258789,60900,14.899999618530273,14.880000114440918,10.193558692932129
11-11-2014,14.75,14.850000381469727,123100,14.859999656677246,14.789999961853027,10.131901741027832
12-11-2014,14.649999618530273,14.760000228881836,184000,14.800000190734863,14.800000190734863,10.138752937316895
13-11-2014,14.619999885559082,14.720000267028809,106500,14.720000267028809,14.65999984741211,10.100858688354492
14-11-2014,14.359999656677246,14.670000076293945,134200,14.6899995803833,14.4399995803833,9.949275016784668
17-11-2014,14.039999961853027,14.4399995803833,212700,14.510000228881836,14.170000076293945,9.763243675231934
18-11-2014,14.149999618530273,14.15999984741211,110800,14.279999732971191,14.25,9.818364143371582
19-11-2014,14.1899995803833,14.220000267028809,80600,14.279999732971191,14.1899995803833,9.777023315429688
20-11-2014,14.220000267028809,14.220000267028809,79200,14.319999694824219,14.3100004196167,9.859705924987793
21-11-2014,14.3100004196167,14.3100004196167,80900,14.399999618530273,14.359999656677246,9.894150733947754
24-11-2014,14.3100004196167,14.359999656677246,66400,14.479999542236328,14.4399995803833,9.949275016784668
25-11-2014,14.34000015258789,14.430000305175781,34500,14.479999542236328,14.479999542236328,9.976836204528809
26-11-2014,14.369999885559082,14.470000267028809,35400,14.529999732971191,14.5,9.990619659423828
28-11-2014,14.430000305175781,14.479999542236328,23300,14.510000228881836,14.430000305175781,9.942384719848633
01-12-2014,14.3100004196167,14.4399995803833,60500,14.489999771118164,14.3100004196167,9.859705924987793
02-12-2014,14.279999732971191,14.279999732971191,52200,14.449999809265137,14.420000076293945,9.93549919128418
03-12-2014,14.40999984741211,14.449999809265137,56200,14.5600004196167,14.529999732971191,10.011286735534668
04-12-2014,14.479999542236328,14.529999732971191,27000,14.579999923706055,14.5600004196167,10.031953811645508
05-12-2014,14.380000114440918,14.520000457763672,64300,14.539999961853027,14.420000076293945,9.93549919128418
08-12-2014,14.279999732971191,14.449999809265137,62500,14.479999542236328,14.34000015258789,9.880378723144531
09-12-2014,14.260000228881836,14.34000015258789,35500,14.359999656677246,14.319999694824219,9.866597175598145
10-12-2014,14.210000038146973,14.260000228881836,53400,14.359999656677246,14.229999542236328,9.863130569458008
11-12-2014,14.079999923706055,14.199999809265137,140000,14.239999771118164,14.09000015258789,9.766091346740723
12-12-2014,14.010000228881836,14.079999923706055,78000,14.239999771118164,14.15999984741211,9.814610481262207
15-12-2014,14.100000381469727,14.140000343322754,49400,14.199999809265137,14.130000114440918,9.793816566467285
16-12-2014,13.920000076293945,14.130000114440918,153100,14.149999618530273,14.119999885559082,9.786887168884277
17-12-2014,14.079999923706055,14.09000015258789,73400,14.220000267028809,14.210000038146973,9.849266052246094
18-12-2014,14.109999656677246,14.270000457763672,127000,14.270000457763672,14.170000076293945,9.82154369354248
19-12-2014,14.119999885559082,14.130000114440918,102600,14.210000038146973,14.210000038146973,9.849266052246094
22-12-2014,14.020000457763672,14.170000076293945,97400,14.1899995803833,14.180000305175781,9.828473091125488
23-12-2014,14.0600004196167,14.199999809265137,70800,14.210000038146973,14.100000381469727,9.77302360534668
24-12-2014,14.050000190734863,14.079999923706055,64700,14.109999656677246,14.100000381469727,9.77302360534668
26-12-2014,13.899999618530273,14.100000381469727,88100,14.100000381469727,14.100000381469727,9.77302360534668
29-12-2014,13.949999809265137,14.100000381469727,226500,14.109999656677246,14.0,9.703712463378906
30-12-2014,13.960000038146973,14.0,61100,14.050000190734863,14.010000228881836,9.710639953613281
31-12-2014,13.920000076293945,14.020000457763672,125000,14.0600004196167,14.0600004196167,9.745299339294434
02-01-2015,13.979999542236328,14.069999694824219,43000,14.119999885559082,14.050000190734863,9.73836898803711
05-01-2015,14.029999732971191,14.029999732971191,66100,14.15999984741211,14.100000381469727,9.77302360534668
06-01-2015,14.119999885559082,14.149999618530273,145700,14.239999771118164,14.229999542236328,9.863130569458008
07-01-2015,14.180000305175781,14.260000228881836,54900,14.279999732971191,14.210000038146973,9.849266052246094
08-01-2015,14.149999618530273,14.229999542236328,77100,14.229999542236328,14.180000305175781,9.828473091125488
09-01-2015,14.15999984741211,14.199999809265137,66100,14.289999961853027,14.289999961853027,9.9047212600708
12-01-2015,14.220000267028809,14.289999961853027,88600,14.34000015258789,14.329999923706055,9.932442665100098
13-01-2015,14.229999542236328,14.229999542236328,51600,14.3100004196167,14.300000190734863,9.97079086303711
14-01-2015,14.300000190734863,14.3100004196167,39800,14.380000114440918,14.380000114440918,10.026573181152344
15-01-2015,14.359999656677246,14.4399995803833,53700,14.460000038146973,14.460000038146973,10.082359313964844
16-01-2015,14.350000381469727,14.430000305175781,70600,14.460000038146973,14.4399995803833,10.068408012390137
20-01-2015,14.40999984741211,14.430000305175781,88900,14.479999542236328,14.430000305175781,10.061437606811523
21-01-2015,14.369999885559082,14.430000305175781,81300,14.460000038146973,14.40999984741211,10.047491073608398
22-01-2015,14.3100004196167,14.430000305175781,121600,14.4399995803833,14.390000343322754,10.033546447753906
23-01-2015,14.350000381469727,14.420000076293945,37500,14.420000076293945,14.390000343322754,10.033546447753906
26-01-2015,14.319999694824219,14.40999984741211,48800,14.420000076293945,14.380000114440918,10.026573181152344
27-01-2015,14.390000343322754,14.40999984741211,36100,14.449999809265137,14.4399995803833,10.068408012390137
28-01-2015,14.430000305175781,14.430000305175781,71200,14.640000343322754,14.640000343322754,10.207858085632324
29-01-2015,14.619999885559082,14.649999618530273,88900,14.829999923706055,14.829999923706055,10.340338706970215
30-01-2015,14.739999771118164,14.890000343322754,80600,14.890000343322754,14.770000457763672,10.298504829406738
02-02-2015,14.789999961853027,14.8100004196167,84800,14.869999885559082,14.800000190734863,10.319419860839844
03-02-2015,14.699999809265137,14.779999732971191,79400,14.850000381469727,14.710000038146973,10.256669998168945
04-02-2015,14.630000114440918,14.710000038146973,69600,14.770000457763672,14.760000228881836,10.291529655456543
05-02-2015,14.75,14.8100004196167,55500,14.890000343322754,14.850000381469727,10.35428237915039
06-02-2015,14.710000038146973,14.8100004196167,44400,14.8100004196167,14.729999542236328,10.270608901977539
09-02-2015,14.739999771118164,14.8100004196167,37600,14.84000015258789,14.739999771118164,10.277585983276367
10-02-2015,14.640000343322754,14.739999771118164,55600,14.770000457763672,14.699999809265137,10.249693870544434
11-02-2015,14.550000190734863,14.720000267028809,65200,14.720000267028809,14.550000190734863,10.145108222961426
12-02-2015,14.489999771118164,14.489999771118164,18500,14.600000381469727,14.550000190734863,10.145108222961426
13-02-2015,14.550000190734863,14.5600004196167,55300,14.649999618530273,14.640000343322754,10.207858085632324
17-02-2015,14.300000190734863,14.59000015258789,87100,14.59000015258789,14.300000190734863,10.029019355773926
18-02-2015,14.25,14.260000228881836,75300,14.390000343322754,14.369999885559082,10.07811164855957
19-02-2015,14.34000015258789,14.34000015258789,35600,14.539999961853027,14.479999542236328,10.155259132385254
20-02-2015,14.399999618530273,14.460000038146973,74100,14.479999542236328,14.40999984741211,10.106169700622559
23-02-2015,14.390000343322754,14.40999984741211,81300,14.539999961853027,14.420000076293945,10.113180160522461
24-02-2015,14.369999885559082,14.430000305175781,31300,14.449999809265137,14.449999809265137,10.134221076965332
25-02-2015,14.4399995803833,14.449999809265137,48100,14.510000228881836,14.489999771118164,10.162274360656738
26-02-2015,14.390000343322754,14.489999771118164,25400,14.5,14.4399995803833,10.12720775604248
27-02-2015,14.369999885559082,14.470000267028809,64100,14.5,14.489999771118164,10.162274360656738
02-03-2015,14.460000038146973,14.479999542236328,66600,14.550000190734863,14.539999961853027,10.197339057922363
03-03-2015,14.5,14.5,28900,14.600000381469727,14.600000381469727,10.239419937133789
04-03-2015,14.520000457763672,14.579999923706055,47300,14.680000305175781,14.670000076293945,10.288512229919434
05-03-2015,14.630000114440918,14.65999984741211,33700,14.6899995803833,14.670000076293945,10.288512229919434
06-03-2015,14.4399995803833,14.619999885559082,87000,14.619999885559082,14.489999771118164,10.162274360656738
09-03-2015,14.539999961853027,14.600000381469727,41100,14.670000076293945,14.640000343322754,10.267471313476562
10-03-2015,14.569999694824219,14.649999618530273,34500,14.6899995803833,14.569999694824219,10.218379974365234
11-03-2015,14.520000457763672,14.600000381469727,29300,14.600000381469727,14.520000457763672,10.18331241607666
12-03-2015,14.529999732971191,14.550000190734863,30200,14.649999618530273,14.550000190734863,10.204357147216797
13-03-2015,14.420000076293945,14.449999809265137,50600,14.529999732971191,14.430000305175781,10.179664611816406
16-03-2015,14.380000114440918,14.430000305175781,14700,14.479999542236328,14.390000343322754,10.151448249816895
17-03-2015,14.329999923706055,14.399999618530273,41500,14.430000305175781,14.34000015258789,10.116172790527344
18-03-2015,14.260000228881836,14.34000015258789,109600,14.40999984741211,14.350000381469727,10.123224258422852
19-03-2015,14.239999771118164,14.369999885559082,56500,14.380000114440918,14.270000457763672,10.066786766052246
20-03-2015,14.270000457763672,14.270000457763672,16900,14.350000381469727,14.350000381469727,10.123224258422852
23-03-2015,14.350000381469727,14.359999656677246,25700,14.430000305175781,14.420000076293945,10.172606468200684
24-03-2015,14.329999923706055,14.399999618530273,50700,14.399999618530273,14.380000114440918,10.144386291503906
25-03-2015,14.300000190734863,14.380000114440918,24400,14.390000343322754,14.329999923706055,10.10912036895752
26-03-2015,14.270000457763672,14.319999694824219,28200,14.319999694824219,14.279999732971191,10.073846817016602
27-03-2015,14.3100004196167,14.329999923706055,27600,14.359999656677246,14.34000015258789,10.116172790527344
30-03-2015,14.3100004196167,14.34000015258789,22000,14.390000343322754,14.380000114440918,10.144386291503906
31-03-2015,14.390000343322754,14.40999984741211,99300,14.600000381469727,14.510000228881836,10.23609733581543
01-04-2015,14.4399995803833,14.579999923706055,43100,14.609999656677246,14.449999809265137,10.193771362304688
02-04-2015,14.40999984741211,14.460000038146973,30700,14.520000457763672,14.460000038146973,10.200827598571777
06-04-2015,14.4399995803833,14.510000228881836,29100,14.569999694824219,14.470000267028809,10.207877159118652
07-04-2015,14.5,14.520000457763672,45400,14.630000114440918,14.630000114440918,10.320752143859863
08-04-2015,14.59000015258789,14.600000381469727,37400,14.630000114440918,14.600000381469727,10.299588203430176
09-04-2015,14.600000381469727,14.600000381469727,33200,14.6899995803833,14.640000343322754,10.327805519104004
10-04-2015,14.579999923706055,14.600000381469727,34000,14.65999984741211,14.65999984741211,10.34191608428955
13-04-2015,14.520000457763672,14.600000381469727,25600,14.630000114440918,14.520000457763672,10.302889823913574
14-04-2015,14.510000228881836,14.550000190734863,19300,14.579999923706055,14.520000457763672,10.302889823913574
15-04-2015,14.520000457763672,14.520000457763672,33500,14.630000114440918,14.59000015258789,10.352560997009277
16-04-2015,14.579999923706055,14.600000381469727,13100,14.630000114440918,14.59000015258789,10.352560997009277
17-04-2015,14.5600004196167,14.630000114440918,19700,14.640000343322754,14.630000114440918,10.380940437316895
20-04-2015,14.600000381469727,14.640000343322754,27900,14.6899995803833,14.630000114440918,10.380940437316895
21-04-2015,14.59000015258789,14.649999618530273,9900,14.65999984741211,14.609999656677246,10.366750717163086
22-04-2015,14.579999923706055,14.600000381469727,12400,14.65999984741211,14.640000343322754,10.388039588928223
23-04-2015,14.600000381469727,14.649999618530273,18900,14.6899995803833,14.649999618530273,10.395133972167969
24-04-2015,14.569999694824219,14.630000114440918,13100,14.710000038146973,14.6899995803833,10.423516273498535
27-04-2015,14.600000381469727,14.6899995803833,31200,14.6899995803833,14.619999885559082,10.373847961425781
28-04-2015,14.5600004196167,14.609999656677246,54900,14.699999809265137,14.6899995803833,10.423516273498535
29-04-2015,14.609999656677246,14.649999618530273,32100,14.699999809265137,14.640000343322754,10.388039588928223
30-04-2015,14.600000381469727,14.649999618530273,49400,14.75,14.75,10.46609115600586
01-05-2015,14.619999885559082,14.640000343322754,31100,14.75,14.710000038146973,10.437705993652344
04-05-2015,14.640000343322754,14.729999542236328,46700,14.739999771118164,14.699999809265137,10.430612564086914
05-05-2015,13.430000305175781,14.699999809265137,525600,14.710000038146973,13.449999809265137,9.54365348815918
06-05-2015,13.050000190734863,13.300000190734863,349200,13.3100004196167,13.279999732971191,9.423026084899902
07-05-2015,13.180000305175781,13.279999732971191,181900,13.350000381469727,13.239999771118164,9.394644737243652
08-05-2015,13.1899995803833,13.270000457763672,176500,13.550000190734863,13.460000038146973,9.550748825073242
11-05-2015,13.079999923706055,13.479999542236328,171400,13.600000381469727,13.170000076293945,9.344974517822266
12-05-2015,13.109999656677246,13.130000114440918,72600,13.25,13.229999542236328,9.38754940032959
13-05-2015,13.149999618530273,13.25,91900,13.470000267028809,13.350000381469727,9.472698211669922
14-05-2015,13.270000457763672,13.3100004196167,85500,13.489999771118164,13.40999984741211,9.515270233154297
15-05-2015,13.3100004196167,13.359999656677246,49200,13.420000076293945,13.34000015258789,9.515271186828613
18-05-2015,12.979999542236328,13.319999694824219,153700,13.34000015258789,13.029999732971191,9.294153213500977
19-05-2015,12.770000457763672,12.979999542236328,224200,13.029999732971191,12.949999809265137,9.237088203430176
20-05-2015,12.930000305175781,13.010000228881836,121000,13.079999923706055,13.029999732971191,9.294153213500977
21-05-2015,13.029999732971191,13.0600004196167,42400,13.109999656677246,13.0600004196167,9.315550804138184
22-05-2015,12.90999984741211,13.069999694824219,53400,13.069999694824219,12.9399995803833,9.229951858520508
26-05-2015,12.869999885559082,12.949999809265137,94500,12.960000038146973,12.930000305175781,9.222822189331055
27-05-2015,12.8100004196167,12.949999809265137,124800,12.979999542236328,12.9399995803833,9.229951858520508
28-05-2015,12.850000381469727,12.949999809265137,41400,12.970000267028809,12.920000076293945,9.215691566467285
29-05-2015,12.90999984741211,12.949999809265137,68100,13.039999961853027,13.0,9.272754669189453
01-06-2015,12.960000038146973,13.020000457763672,54500,13.050000190734863,13.020000457763672,9.287022590637207
02-06-2015,12.869999885559082,12.899999618530273,98900,12.970000267028809,12.930000305175781,9.222822189331055
03-06-2015,12.770000457763672,12.930000305175781,108300,12.930000305175781,12.84000015258789,9.158622741699219
04-06-2015,12.819999694824219,12.859999656677246,31100,12.890000343322754,12.84000015258789,9.158622741699219
05-06-2015,12.720000267028809,12.779999732971191,107000,12.800000190734863,12.739999771118164,9.087298393249512
08-06-2015,12.460000038146973,12.720000267028809,260100,12.729999542236328,12.510000228881836,8.923245429992676
09-06-2015,12.170000076293945,12.479999542236328,238000,12.479999542236328,12.1899995803833,8.694988250732422
10-06-2015,12.109999656677246,12.140000343322754,130700,12.260000228881836,12.170000076293945,8.680720329284668
11-06-2015,12.069999694824219,12.149999618530273,120300,12.1899995803833,12.109999656677246,8.637925148010254
12-06-2015,12.0600004196167,12.149999618530273,167800,12.220000267028809,12.09000015258789,8.62366008758545
15-06-2015,12.039999961853027,12.119999885559082,105800,12.170000076293945,12.15999984741211,8.724103927612305
16-06-2015,12.109999656677246,12.15999984741211,148000,12.350000381469727,12.34000015258789,8.853245735168457
17-06-2015,12.239999771118164,12.350000381469727,85600,12.369999885559082,12.329999923706055,8.846065521240234
18-06-2015,12.270000457763672,12.350000381469727,45900,12.350000381469727,12.3100004196167,8.831725120544434
19-06-2015,12.270000457763672,12.329999923706055,95400,12.350000381469727,12.300000190734863,8.824548721313477
22-06-2015,12.270000457763672,12.300000190734863,91700,12.34000015258789,12.279999732971191,8.810195922851562
23-06-2015,12.149999618530273,12.1899995803833,86600,12.270000457763672,12.270000457763672,8.803021430969238
24-06-2015,12.199999809265137,12.229999542236328,49800,12.279999732971191,12.220000267028809,8.76715087890625
25-06-2015,12.1899995803833,12.239999771118164,50000,12.289999961853027,12.260000228881836,8.79585075378418
26-06-2015,12.220000267028809,12.25,50700,12.289999961853027,12.220000267028809,8.76715087890625
29-06-2015,12.140000343322754,12.220000267028809,99500,12.220000267028809,12.180000305175781,8.738449096679688
30-06-2015,12.020000457763672,12.170000076293945,115900,12.210000038146973,12.119999885559082,8.695405960083008
01-07-2015,12.09000015258789,12.119999885559082,66200,12.119999885559082,12.109999656677246,8.688231468200684
02-07-2015,12.029999732971191,12.109999656677246,96300,12.109999656677246,12.039999961853027,8.638012886047363
06-07-2015,12.020000457763672,12.029999732971191,46200,12.100000381469727,12.029999732971191,8.630831718444824
07-07-2015,12.0600004196167,12.0600004196167,102300,12.140000343322754,12.119999885559082,8.695405960083008
08-07-2015,12.079999923706055,12.119999885559082,64700,12.149999618530273,12.109999656677246,8.688231468200684
09-07-2015,12.050000190734863,12.100000381469727,38500,12.100000381469727,12.069999694824219,8.65953254699707
10-07-2015,12.020000457763672,12.069999694824219,90000,12.069999694824219,12.050000190734863,8.645184516906738
13-07-2015,12.029999732971191,12.0600004196167,50300,12.100000381469727,12.09000015258789,8.673880577087402
14-07-2015,12.020000457763672,12.079999923706055,100600,12.079999923706055,12.029999732971191,8.630831718444824
15-07-2015,11.989999771118164,11.989999771118164,55700,12.020000457763672,11.989999771118164,8.652483940124512
16-07-2015,11.989999771118164,11.989999771118164,76200,12.020000457763672,12.0,8.659706115722656
17-07-2015,11.970000267028809,11.979999542236328,31800,12.029999732971191,12.0,8.659706115722656
20-07-2015,11.979999542236328,12.020000457763672,55300,12.039999961853027,11.979999542236328,8.645269393920898
21-07-2015,11.949999809265137,12.010000228881836,77800,12.010000228881836,11.989999771118164,8.652483940124512
22-07-2015,11.960000038146973,12.010000228881836,35400,12.029999732971191,12.029999732971191,8.681346893310547
23-07-2015,11.970000267028809,12.029999732971191,67500,12.069999694824219,12.039999961853027,8.688570022583008
24-07-2015,12.010000228881836,12.079999923706055,127100,12.100000381469727,12.09000015258789,8.724648475646973
27-07-2015,12.050000190734863,12.069999694824219,65200,12.100000381469727,12.050000190734863,8.695783615112305
28-07-2015,12.050000190734863,12.079999923706055,52700,12.100000381469727,12.079999923706055,8.71743392944336
29-07-2015,11.979999542236328,12.109999656677246,92200,12.109999656677246,12.039999961853027,8.688570022583008
30-07-2015,12.069999694824219,12.079999923706055,45300,12.109999656677246,12.09000015258789,8.724648475646973
31-07-2015,12.09000015258789,12.109999656677246,62600,12.170000076293945,12.15999984741211,8.775162696838379
03-08-2015,12.1899995803833,12.1899995803833,74700,12.270000457763672,12.210000038146973,8.811248779296875
04-08-2015,12.170000076293945,12.229999542236328,112500,12.279999732971191,12.239999771118164,8.83289623260498
05-08-2015,12.15999984741211,12.260000228881836,47100,12.260000228881836,12.15999984741211,8.775162696838379
06-08-2015,12.15999984741211,12.1899995803833,48700,12.1899995803833,12.170000076293945,8.782379150390625
07-08-2015,12.149999618530273,12.180000305175781,47000,12.220000267028809,12.199999809265137,8.804027557373047
10-08-2015,12.170000076293945,12.170000076293945,41000,12.210000038146973,12.180000305175781,8.789596557617188
11-08-2015,12.1899995803833,12.199999809265137,42200,12.270000457763672,12.270000457763672,8.854545593261719
12-08-2015,12.25,12.25,112300,12.369999885559082,12.34000015258789,8.905061721801758
13-08-2015,12.329999923706055,12.359999656677246,60300,12.4399995803833,12.40999984741211,8.955575942993164
14-08-2015,12.25,12.270000457763672,55500,12.359999656677246,12.319999694824219,8.941060066223145
17-08-2015,12.270000457763672,12.3100004196167,79700,12.380000114440918,12.359999656677246,8.970088958740234
18-08-2015,12.3100004196167,12.369999885559082,30700,12.369999885559082,12.3100004196167,8.933808326721191
19-08-2015,12.279999732971191,12.329999923706055,43400,12.380000114440918,12.300000190734863,8.926545143127441
20-08-2015,12.229999542236328,12.319999694824219,43900,12.350000381469727,12.229999542236328,8.87574291229248
21-08-2015,12.220000267028809,12.229999542236328,58000,12.3100004196167,12.220000267028809,8.868484497070312
24-08-2015,12.050000190734863,12.199999809265137,91300,12.199999809265137,12.09000015258789,8.774134635925293
25-08-2015,11.970000267028809,12.050000190734863,289200,12.100000381469727,12.0600004196167,8.752373695373535
26-08-2015,12.039999961853027,12.100000381469727,34800,12.130000114440918,12.039999961853027,8.737855911254883
27-08-2015,12.050000190734863,12.100000381469727,19100,12.130000114440918,12.0600004196167,8.752373695373535
28-08-2015,12.050000190734863,12.119999885559082,81400,12.149999618530273,12.130000114440918,8.80317497253418
31-08-2015,12.149999618530273,12.180000305175781,72000,12.239999771118164,12.210000038146973,8.86122989654541
01-09-2015,12.199999809265137,12.239999771118164,79800,12.289999961853027,12.279999732971191,8.912030220031738
02-09-2015,12.220000267028809,12.279999732971191,33000,12.300000190734863,12.260000228881836,8.897513389587402
03-09-2015,12.260000228881836,12.300000190734863,73300,12.34000015258789,12.34000015258789,8.95557689666748
04-09-2015,12.3100004196167,12.34000015258789,107300,12.510000228881836,12.5,9.07169246673584
08-09-2015,12.399999618530273,12.5,124200,12.600000381469727,12.529999732971191,9.093466758728027
09-09-2015,12.510000228881836,12.550000190734863,40900,12.550000190734863,12.529999732971191,9.093466758728027
10-09-2015,12.479999542236328,12.5,56000,12.59000015258789,12.520000457763672,9.08620834350586
11-09-2015,12.449999809265137,12.539999961853027,46100,12.5600004196167,12.460000038146973,9.042664527893066
14-09-2015,12.40999984741211,12.460000038146973,35400,12.479999542236328,12.449999809265137,9.035404205322266
15-09-2015,12.300000190734863,12.369999885559082,22200,12.369999885559082,12.300000190734863,8.977018356323242
16-09-2015,12.319999694824219,12.319999694824219,36900,12.420000076293945,12.369999885559082,9.028105735778809
17-09-2015,12.359999656677246,12.359999656677246,52200,12.520000457763672,12.479999542236328,9.108393669128418
18-09-2015,12.4399995803833,12.460000038146973,79300,12.640000343322754,12.550000190734863,9.159481048583984
21-09-2015,12.529999732971191,12.630000114440918,28600,12.640000343322754,12.609999656677246,9.203267097473145
22-09-2015,12.550000190734863,12.600000381469727,87100,12.649999618530273,12.5600004196167,9.166779518127441
23-09-2015,12.5600004196167,12.600000381469727,47200,12.640000343322754,12.569999694824219,9.174077033996582
24-09-2015,12.579999923706055,12.579999923706055,47600,12.649999618530273,12.630000114440918,9.217864036560059
25-09-2015,12.579999923706055,12.630000114440918,34800,12.649999618530273,12.579999923706055,9.181370735168457
28-09-2015,12.529999732971191,12.579999923706055,64600,12.649999618530273,12.569999694824219,9.174077033996582
29-09-2015,12.510000228881836,12.59000015258789,85400,12.630000114440918,12.630000114440918,9.217864036560059
30-09-2015,12.520000457763672,12.630000114440918,135400,12.710000038146973,12.699999809265137,9.268954277038574
01-10-2015,12.680000305175781,12.699999809265137,82400,12.800000190734863,12.800000190734863,9.341938972473145
02-10-2015,12.770000457763672,12.770000457763672,40900,12.850000381469727,12.819999694824219,9.356535911560059
05-10-2015,12.8100004196167,12.829999923706055,50400,12.880000114440918,12.829999923706055,9.363834381103516
06-10-2015,12.850000381469727,12.859999656677246,48200,12.890000343322754,12.890000343322754,9.407626152038574
07-10-2015,12.859999656677246,12.899999618530273,31000,12.899999618530273,12.880000114440918,9.400324821472168
08-10-2015,12.859999656677246,12.899999618530273,14500,12.9399995803833,12.90999984741211,9.422220230102539
09-10-2015,12.859999656677246,12.920000076293945,27500,12.9399995803833,12.899999618530273,9.414918899536133
12-10-2015,12.890000343322754,12.899999618530273,27800,13.050000190734863,12.979999542236328,9.473310470581055
13-10-2015,12.949999809265137,12.949999809265137,77800,13.0600004196167,13.050000190734863,9.524401664733887
14-10-2015,12.970000267028809,12.989999771118164,47600,13.069999694824219,12.989999771118164,9.53173542022705
15-10-2015,12.930000305175781,13.020000457763672,33400,13.039999961853027,12.930000305175781,9.487711906433105
16-10-2015,12.880000114440918,12.930000305175781,49400,12.930000305175781,12.920000076293945,9.480371475219727
19-10-2015,12.819999694824219,12.90999984741211,60400,12.930000305175781,12.850000381469727,9.429009437561035
20-10-2015,12.869999885559082,12.869999885559082,65400,12.899999618530273,12.899999618530273,9.465694427490234
21-10-2015,12.859999656677246,12.899999618530273,55600,12.960000038146973,12.9399995803833,9.49504280090332
22-10-2015,12.920000076293945,12.920000076293945,35500,13.010000228881836,12.989999771118164,9.53173542022705
23-10-2015,12.920000076293945,13.0,55500,13.039999961853027,12.970000267028809,9.517060279846191
26-10-2015,12.9399995803833,13.020000457763672,53800,13.029999732971191,12.960000038146973,9.509722709655762
27-10-2015,12.949999809265137,13.010000228881836,37300,13.010000228881836,13.010000228881836,9.546412467956543
28-10-2015,13.010000228881836,13.020000457763672,84600,13.050000190734863,13.039999961853027,9.568425178527832
29-10-2015,13.010000228881836,13.039999961853027,42500,13.09000015258789,13.079999923706055,9.59777545928955
30-10-2015,13.079999923706055,13.109999656677246,96000,13.170000076293945,13.140000343322754,9.641805648803711
02-11-2015,13.170000076293945,13.170000076293945,39000,13.260000228881836,13.25,9.722517013549805
03-11-2015,13.180000305175781,13.229999542236328,39300,13.300000190734863,13.289999961853027,9.751869201660156
04-11-2015,13.239999771118164,13.289999961853027,69600,13.329999923706055,13.329999923706055,9.781218528747559
05-11-2015,13.229999542236328,13.279999732971191,40800,13.300000190734863,13.25,9.722517013549805
06-11-2015,13.020000457763672,13.199999809265137,72000,13.220000267028809,13.069999694824219,9.590437889099121
09-11-2015,12.869999885559082,13.0,72800,13.0,12.920000076293945,9.480371475219727
10-11-2015,12.890000343322754,12.90999984741211,40700,12.979999542236328,12.949999809265137,9.502387046813965
11-11-2015,12.970000267028809,13.0,50700,13.069999694824219,13.020000457763672,9.553750038146973
12-11-2015,12.979999542236328,13.039999961853027,45100,13.109999656677246,13.069999694824219,9.590437889099121
13-11-2015,13.079999923706055,13.100000381469727,41900,13.239999771118164,13.199999809265137,9.68582820892334
16-11-2015,13.079999923706055,13.15999984741211,35300,13.199999809265137,13.09000015258789,9.656319618225098
17-11-2015,13.020000457763672,13.15999984741211,26700,13.199999809265137,13.029999732971191,9.612058639526367
18-11-2015,12.920000076293945,13.0,54200,13.029999732971191,12.949999809265137,9.553047180175781
19-11-2015,12.949999809265137,12.960000038146973,29500,13.029999732971191,12.949999809265137,9.553047180175781
20-11-2015,12.930000305175781,13.0,39500,13.029999732971191,12.970000267028809,9.567798614501953
23-11-2015,12.949999809265137,12.979999542236328,37000,13.0600004196167,13.020000457763672,9.604682922363281
24-11-2015,12.960000038146973,13.069999694824219,44500,13.100000381469727,12.970000267028809,9.567798614501953
25-11-2015,12.970000267028809,12.970000267028809,50300,13.1899995803833,13.1899995803833,9.730091094970703
27-11-2015,13.149999618530273,13.1899995803833,21800,13.199999809265137,13.180000305175781,9.7227144241333
30-11-2015,13.180000305175781,13.210000038146973,76400,13.25,13.220000267028809,9.752218246459961
01-12-2015,13.25,13.25,86400,13.3100004196167,13.3100004196167,9.818614959716797
02-12-2015,13.25,13.329999923706055,35300,13.329999923706055,13.279999732971191,9.796483039855957
03-12-2015,13.140000343322754,13.270000457763672,55000,13.270000457763672,13.149999618530273,9.700581550598145
04-12-2015,13.130000114440918,13.130000114440918,30200,13.1899995803833,13.180000305175781,9.7227144241333
07-12-2015,13.140000343322754,13.149999618530273,24100,13.199999809265137,13.180000305175781,9.7227144241333
08-12-2015,13.0600004196167,13.170000076293945,47300,13.180000305175781,13.149999618530273,9.700581550598145
09-12-2015,13.069999694824219,13.149999618530273,39100,13.1899995803833,13.149999618530273,9.700581550598145
10-12-2015,13.0,13.0600004196167,48700,13.119999885559082,13.079999923706055,9.700582504272461
11-12-2015,12.970000267028809,13.109999656677246,91700,13.119999885559082,12.979999542236328,9.626419067382812
14-12-2015,12.710000038146973,12.930000305175781,142500,12.979999542236328,12.779999732971191,9.478092193603516
15-12-2015,12.729999542236328,12.84000015258789,43100,12.880000114440918,12.84000015258789,9.522591590881348
16-12-2015,12.800000190734863,12.800000190734863,95500,12.949999809265137,12.920000076293945,9.58192253112793
17-12-2015,12.90999984741211,12.90999984741211,71300,13.09000015258789,13.039999961853027,9.670917510986328
18-12-2015,13.0,13.079999923706055,70400,13.15999984741211,13.130000114440918,9.737663269042969
21-12-2015,13.0600004196167,13.119999885559082,45000,13.180000305175781,13.130000114440918,9.737663269042969
22-12-2015,12.979999542236328,13.0600004196167,84800,13.119999885559082,13.109999656677246,9.722831726074219
23-12-2015,13.010000228881836,13.109999656677246,84200,13.15999984741211,13.039999961853027,9.670917510986328
24-12-2015,12.920000076293945,13.010000228881836,75400,13.109999656677246,13.050000190734863,9.67833423614502
28-12-2015,13.029999732971191,13.029999732971191,63800,13.170000076293945,13.140000343322754,9.745081901550293
29-12-2015,13.100000381469727,13.100000381469727,43600,13.1899995803833,13.140000343322754,9.745081901550293
30-12-2015,13.079999923706055,13.140000343322754,140700,13.1899995803833,13.109999656677246,9.722831726074219
31-12-2015,13.0600004196167,13.109999656677246,68900,13.199999809265137,13.0600004196167,9.685746192932129
04-01-2016,13.100000381469727,13.100000381469727,40300,13.1899995803833,13.1899995803833,9.782163619995117
05-01-2016,13.170000076293945,13.170000076293945,146000,13.329999923706055,13.289999961853027,9.85632610321045
06-01-2016,13.300000190734863,13.300000190734863,56000,13.420000076293945,13.359999656677246,9.908241271972656
07-01-2016,13.260000228881836,13.380000114440918,139400,13.40999984741211,13.289999961853027,9.85632610321045
08-01-2016,13.270000457763672,13.279999732971191,135400,13.329999923706055,13.300000190734863,9.86374568939209
11-01-2016,13.140000343322754,13.270000457763672,93100,13.289999961853027,13.180000305175781,9.774747848510742
12-01-2016,13.130000114440918,13.180000305175781,102700,13.220000267028809,13.149999618530273,9.752495765686035
13-01-2016,12.949999809265137,13.130000114440918,201000,13.140000343322754,12.949999809265137,9.65556526184082
14-01-2016,12.869999885559082,12.979999542236328,184200,13.0,12.899999618530273,9.618288040161133
15-01-2016,12.890000343322754,12.890000343322754,93400,13.079999923706055,13.020000457763672,9.707758903503418
19-01-2016,12.930000305175781,12.970000267028809,44300,13.039999961853027,12.930000305175781,9.640656471252441
20-01-2016,12.8100004196167,12.949999809265137,111200,12.960000038146973,12.829999923706055,9.566096305847168
21-01-2016,12.859999656677246,12.890000343322754,47000,12.930000305175781,12.920000076293945,9.633203506469727
22-01-2016,12.930000305175781,12.9399995803833,45000,13.069999694824219,13.029999732971191,9.715215682983398
25-01-2016,12.989999771118164,13.069999694824219,59700,13.100000381469727,13.0,9.692850112915039
26-01-2016,12.960000038146973,13.029999732971191,38600,13.079999923706055,13.079999923706055,9.752495765686035
27-01-2016,13.069999694824219,13.079999923706055,22900,13.140000343322754,13.109999656677246,9.774864196777344
28-01-2016,13.079999923706055,13.140000343322754,30900,13.210000038146973,13.210000038146973,9.8494234085083
29-01-2016,13.210000038146973,13.210000038146973,87100,13.300000190734863,13.279999732971191,9.901618957519531
01-02-2016,13.199999809265137,13.229999542236328,84100,13.359999656677246,13.319999694824219,9.931440353393555
02-02-2016,13.239999771118164,13.399999618530273,90700,13.40999984741211,13.289999961853027,9.909073829650879
03-02-2016,13.270000457763672,13.289999961853027,91800,13.399999618530273,13.399999618530273,9.99108600616455
04-02-2016,13.380000114440918,13.420000076293945,32800,13.460000038146973,13.380000114440918,9.976177215576172
05-02-2016,13.300000190734863,13.390000343322754,43600,13.420000076293945,13.380000114440918,9.976177215576172
08-02-2016,13.329999923706055,13.359999656677246,49700,13.359999656677246,13.350000381469727,9.953811645507812
09-02-2016,13.329999923706055,13.40999984741211,59100,13.479999542236328,13.350000381469727,9.953811645507812
10-02-2016,13.34000015258789,13.380000114440918,64800,13.4399995803833,13.34000015258789,9.9463529586792
11-02-2016,13.34000015258789,13.380000114440918,98400,13.430000305175781,13.34000015258789,9.9463529586792
12-02-2016,13.350000381469727,13.390000343322754,64200,13.430000305175781,13.390000343322754,9.983633995056152
16-02-2016,13.180000305175781,13.300000190734863,94400,13.3100004196167,13.180000305175781,9.878701210021973
17-02-2016,13.199999809265137,13.210000038146973,93500,13.25,13.25,9.931168556213379
18-02-2016,13.210000038146973,13.25,55700,13.25,13.239999771118164,9.92367172241211
19-02-2016,13.239999771118164,13.239999771118164,64100,13.319999694824219,13.270000457763672,9.946158409118652
22-02-2016,13.239999771118164,13.270000457763672,17400,13.289999961853027,13.239999771118164,9.92367172241211
23-02-2016,13.270000457763672,13.270000457763672,41700,13.319999694824219,13.319999694824219,9.983633041381836
24-02-2016,13.350000381469727,13.369999885559082,89000,13.420000076293945,13.40999984741211,10.051088333129883
25-02-2016,13.359999656677246,13.40999984741211,87400,13.449999809265137,13.430000305175781,10.066084861755371
26-02-2016,13.380000114440918,13.4399995803833,44700,13.470000267028809,13.420000076293945,10.058586120605469
29-02-2016,13.489999771118164,13.489999771118164,77300,13.59000015258789,13.5600004196167,10.163517951965332
01-03-2016,13.569999694824219,13.600000381469727,83000,13.649999618530273,13.649999618530273,10.230976104736328
02-03-2016,13.550000190734863,13.680000305175781,41200,13.6899995803833,13.670000076293945,10.245966911315918
03-03-2016,13.640000343322754,13.710000038146973,80700,13.739999771118164,13.699999809265137,10.268449783325195
04-03-2016,13.449999809265137,13.699999809265137,202500,13.739999771118164,13.470000267028809,10.096061706542969
07-03-2016,13.449999809265137,13.529999732971191,70000,13.630000114440918,13.5600004196167,10.163517951965332
08-03-2016,13.550000190734863,13.59000015258789,38400,13.65999984741211,13.600000381469727,10.193500518798828
09-03-2016,13.5600004196167,13.600000381469727,37300,13.6899995803833,13.630000114440918,10.215988159179688
10-03-2016,13.630000114440918,13.649999618530273,52000,13.720000267028809,13.710000038146973,10.275946617126465
11-03-2016,13.699999809265137,13.729999542236328,62500,13.75,13.710000038146973,10.275946617126465
14-03-2016,13.609999656677246,13.699999809265137,40800,13.699999809265137,13.699999809265137,10.321152687072754
15-03-2016,13.630000114440918,13.720000267028809,35400,13.729999542236328,13.65999984741211,10.291014671325684
16-03-2016,13.670000076293945,13.680000305175781,30100,13.720000267028809,13.699999809265137,10.321152687072754
17-03-2016,13.649999618530273,13.739999771118164,47700,13.75,13.65999984741211,10.291014671325684
18-03-2016,13.600000381469727,13.6899995803833,36800,13.6899995803833,13.609999656677246,10.25334644317627
21-03-2016,13.600000381469727,13.600000381469727,20800,13.6899995803833,13.670000076293945,10.298547744750977
22-03-2016,13.65999984741211,13.710000038146973,27500,13.75,13.739999771118164,10.351283073425293
23-03-2016,13.640000343322754,13.739999771118164,70100,13.8100004196167,13.760000228881836,10.366353988647461
24-03-2016,13.75,13.779999732971191,31900,13.84000015258789,13.84000015258789,10.426619529724121
28-03-2016,13.829999923706055,13.890000343322754,29900,13.899999618530273,13.869999885559082,10.44922161102295
29-03-2016,13.859999656677246,13.920000076293945,70700,13.949999809265137,13.9399995803833,10.501961708068848
30-03-2016,13.920000076293945,13.979999542236328,42300,14.0,13.970000267028809,10.524558067321777
31-03-2016,13.949999809265137,13.949999809265137,58500,14.020000457763672,13.979999542236328,10.532089233398438
01-04-2016,13.899999618530273,13.960000038146973,42300,14.0,13.9399995803833,10.501961708068848
04-04-2016,13.920000076293945,13.949999809265137,27500,13.949999809265137,13.949999809265137,10.509490966796875
05-04-2016,13.890000343322754,13.949999809265137,71800,13.979999542236328,13.970000267028809,10.524558067321777
06-04-2016,13.989999771118164,13.989999771118164,34100,14.069999694824219,14.050000190734863,10.584824562072754
07-04-2016,13.960000038146973,13.960000038146973,34300,14.050000190734863,14.029999732971191,10.569767951965332
08-04-2016,14.050000190734863,14.0600004196167,93100,14.09000015258789,14.069999694824219,10.599896430969238
11-04-2016,14.029999732971191,14.100000381469727,33400,14.109999656677246,14.069999694824219,10.599896430969238
12-04-2016,14.079999923706055,14.100000381469727,59000,14.15999984741211,14.149999618530273,10.660164833068848
13-04-2016,13.979999542236328,14.020000457763672,66300,14.119999885559082,14.079999923706055,10.66016674041748
14-04-2016,14.029999732971191,14.0600004196167,67900,14.140000343322754,14.039999961853027,10.629883766174316
15-04-2016,14.039999961853027,14.039999961853027,35400,14.140000343322754,14.130000114440918,10.698020935058594
18-04-2016,14.069999694824219,14.15999984741211,41000,14.220000267028809,14.180000305175781,10.735875129699707
19-04-2016,14.15999984741211,14.210000038146973,39400,14.25,14.25,10.788873672485352
20-04-2016,14.020000457763672,14.210000038146973,119400,14.300000190734863,14.050000190734863,10.637451171875
21-04-2016,13.90999984741211,14.029999732971191,76900,14.109999656677246,13.930000305175781,10.546600341796875
22-04-2016,13.770000457763672,13.829999923706055,128600,13.949999809265137,13.84000015258789,10.4784574508667
25-04-2016,13.789999961853027,13.859999656677246,26400,13.899999618530273,13.869999885559082,10.501169204711914
26-04-2016,13.869999885559082,13.899999618530273,29600,13.9399995803833,13.9399995803833,10.554170608520508
27-04-2016,13.90999984741211,13.930000305175781,62200,14.100000381469727,14.100000381469727,10.675308227539062
28-04-2016,14.050000190734863,14.079999923706055,38600,14.100000381469727,14.069999694824219,10.652594566345215
29-04-2016,14.069999694824219,14.100000381469727,42700,14.170000076293945,14.069999694824219,10.652594566345215
02-05-2016,14.069999694824219,14.100000381469727,29100,14.170000076293945,14.100000381469727,10.675308227539062
03-05-2016,14.0600004196167,14.119999885559082,14700,14.119999885559082,14.109999656677246,10.682876586914062
04-05-2016,14.09000015258789,14.109999656677246,21100,14.130000114440918,14.130000114440918,10.698020935058594
05-05-2016,14.079999923706055,14.09000015258789,21400,14.130000114440918,14.100000381469727,10.675308227539062
06-05-2016,14.0600004196167,14.119999885559082,100000,14.180000305175781,14.180000305175781,10.735875129699707
09-05-2016,14.149999618530273,14.15999984741211,47500,14.210000038146973,14.210000038146973,10.758591651916504
10-05-2016,14.15999984741211,14.15999984741211,32000,14.220000267028809,14.220000267028809,10.766162872314453
11-05-2016,14.210000038146973,14.220000267028809,131900,14.479999542236328,14.479999542236328,10.9630126953125
12-05-2016,14.3100004196167,14.479999542236328,134100,14.760000228881836,14.680000305175781,11.114437103271484
13-05-2016,14.529999732971191,14.65999984741211,147800,14.739999771118164,14.670000076293945,11.106865882873535
16-05-2016,14.430000305175781,14.640000343322754,52400,14.649999618530273,14.470000267028809,11.007966041564941
17-05-2016,14.329999923706055,14.520000457763672,48900,14.539999961853027,14.390000343322754,10.947107315063477
18-05-2016,14.180000305175781,14.390000343322754,93900,14.420000076293945,14.260000228881836,10.848210334777832
19-05-2016,13.770000457763672,14.199999809265137,107700,14.300000190734863,13.770000457763672,10.475447654724121
20-05-2016,13.869999885559082,13.869999885559082,57600,14.140000343322754,13.949999809265137,10.61237907409668
23-05-2016,13.979999542236328,14.020000457763672,49700,14.140000343322754,14.050000190734863,10.688451766967773
24-05-2016,14.050000190734863,14.149999618530273,27500,14.149999618530273,14.09000015258789,10.718883514404297
25-05-2016,14.069999694824219,14.109999656677246,45500,14.210000038146973,14.100000381469727,10.72649097442627
26-05-2016,14.15999984741211,14.199999809265137,35400,14.300000190734863,14.15999984741211,10.772137641906738
27-05-2016,14.119999885559082,14.239999771118164,26800,14.239999771118164,14.130000114440918,10.749312400817871
31-05-2016,13.970000267028809,14.119999885559082,64500,14.15999984741211,14.010000228881836,10.658024787902832
01-06-2016,14.079999923706055,14.079999923706055,55100,14.170000076293945,14.109999656677246,10.734095573425293
02-06-2016,14.0600004196167,14.09000015258789,37100,14.180000305175781,14.15999984741211,10.772137641906738
03-06-2016,14.180000305175781,14.210000038146973,40500,14.289999961853027,14.199999809265137,10.802562713623047
06-06-2016,14.170000076293945,14.199999809265137,29700,14.279999732971191,14.210000038146973,10.810174942016602
07-06-2016,14.199999809265137,14.260000228881836,31100,14.279999732971191,14.260000228881836,10.848210334777832
08-06-2016,14.239999771118164,14.239999771118164,24100,14.300000190734863,14.289999961853027,10.871030807495117
09-06-2016,14.270000457763672,14.300000190734863,40300,14.369999885559082,14.329999923706055,10.901460647583008
10-06-2016,14.319999694824219,14.390000343322754,34500,14.449999809265137,14.369999885559082,10.931888580322266
13-06-2016,14.300000190734863,14.369999885559082,25600,14.420000076293945,14.3100004196167,10.939534187316895
14-06-2016,14.229999542236328,14.289999961853027,48300,14.34000015258789,14.239999771118164,10.88602352142334
15-06-2016,14.199999809265137,14.300000190734863,72500,14.359999656677246,14.210000038146973,10.863091468811035
16-06-2016,14.199999809265137,14.25,49800,14.270000457763672,14.25,10.893667221069336
17-06-2016,14.210000038146973,14.279999732971191,40400,14.359999656677246,14.229999542236328,10.878378868103027
20-06-2016,14.199999809265137,14.199999809265137,28500,14.289999961853027,14.229999542236328,10.878378868103027
21-06-2016,14.210000038146973,14.210000038146973,29700,14.350000381469727,14.279999732971191,10.91660213470459
22-06-2016,14.279999732971191,14.34000015258789,33900,14.449999809265137,14.34000015258789,10.962471008300781
23-06-2016,14.300000190734863,14.359999656677246,23600,14.359999656677246,14.34000015258789,10.962471008300781
24-06-2016,14.319999694824219,14.34000015258789,33600,14.529999732971191,14.369999885559082,10.98540210723877
27-06-2016,14.119999885559082,14.350000381469727,76800,14.4399995803833,14.279999732971191,10.91660213470459
28-06-2016,14.199999809265137,14.279999732971191,42300,14.3100004196167,14.270000457763672,10.908960342407227
29-06-2016,14.210000038146973,14.270000457763672,29600,14.3100004196167,14.279999732971191,10.91660213470459
30-06-2016,14.270000457763672,14.270000457763672,50600,14.369999885559082,14.3100004196167,10.939534187316895
01-07-2016,14.359999656677246,14.369999885559082,50100,14.539999961853027,14.529999732971191,11.107718467712402
05-07-2016,14.470000267028809,14.529999732971191,44800,14.5600004196167,14.5600004196167,11.130655288696289
06-07-2016,14.430000305175781,14.600000381469727,69800,14.670000076293945,14.460000038146973,11.054204940795898
07-07-2016,14.460000038146973,14.539999961853027,35000,14.649999618530273,14.5,11.084782600402832
08-07-2016,14.470000267028809,14.539999961853027,44700,14.5600004196167,14.529999732971191,11.107718467712402
11-07-2016,14.529999732971191,14.529999732971191,32800,14.640000343322754,14.550000190734863,11.123008728027344
12-07-2016,14.239999771118164,14.510000228881836,46400,14.539999961853027,14.260000228881836,10.901313781738281
13-07-2016,14.079999923706055,14.270000457763672,82600,14.329999923706055,14.130000114440918,10.80193042755127
14-07-2016,13.609999656677246,14.0600004196167,180300,14.0600004196167,13.75,10.563766479492188
15-07-2016,13.699999809265137,13.710000038146973,121900,13.9399995803833,13.890000343322754,10.67132568359375
18-07-2016,13.979999542236328,13.979999542236328,56100,14.140000343322754,14.140000343322754,10.863393783569336
19-07-2016,14.050000190734863,14.25,27900,14.25,14.130000114440918,10.855710983276367
20-07-2016,14.039999961853027,14.09000015258789,46900,14.140000343322754,14.09000015258789,10.824980735778809
21-07-2016,14.079999923706055,14.09000015258789,17800,14.140000343322754,14.130000114440918,10.855710983276367
22-07-2016,14.09000015258789,14.15999984741211,13200,14.170000076293945,14.140000343322754,10.863393783569336
25-07-2016,14.149999618530273,14.170000076293945,50300,14.210000038146973,14.15999984741211,10.878759384155273
26-07-2016,14.149999618530273,14.1899995803833,45800,14.210000038146973,14.180000305175781,10.894123077392578
27-07-2016,14.15999984741211,14.15999984741211,23000,14.300000190734863,14.300000190734863,10.986316680908203
28-07-2016,14.300000190734863,14.319999694824219,26200,14.359999656677246,14.3100004196167,10.993998527526855
29-07-2016,14.350000381469727,14.350000381469727,34800,14.390000343322754,14.380000114440918,11.047779083251953
01-08-2016,14.3100004196167,14.3100004196167,45400,14.399999618530273,14.390000343322754,11.055461883544922
02-08-2016,14.270000457763672,14.359999656677246,35200,14.359999656677246,14.3100004196167,10.993998527526855
03-08-2016,14.300000190734863,14.300000190734863,19000,14.430000305175781,14.430000305175781,11.086194038391113
04-08-2016,13.5,13.800000190734863,511900,13.930000305175781,13.5600004196167,10.417791366577148
05-08-2016,13.399999618530273,13.460000038146973,152500,13.579999923706055,13.5,10.371696472167969
08-08-2016,13.479999542236328,13.479999542236328,233900,13.600000381469727,13.510000228881836,10.379380226135254
09-08-2016,13.449999809265137,13.5,172000,13.550000190734863,13.460000038146973,10.34096622467041
10-08-2016,13.4399995803833,13.4399995803833,82600,13.579999923706055,13.579999923706055,10.4331636428833
11-08-2016,13.550000190734863,13.600000381469727,88300,13.729999542236328,13.579999923706055,10.4331636428833
12-08-2016,13.550000190734863,13.609999656677246,41000,13.739999771118164,13.739999771118164,10.556082725524902
15-08-2016,13.600000381469727,13.680000305175781,91600,13.779999732971191,13.699999809265137,10.525355339050293
16-08-2016,13.510000228881836,13.65999984741211,51500,13.670000076293945,13.630000114440918,10.515707969665527
17-08-2016,13.529999732971191,13.619999885559082,61500,13.710000038146973,13.699999809265137,10.569718360900879
18-08-2016,13.65999984741211,13.670000076293945,48400,13.789999961853027,13.779999732971191,10.631439208984375
19-08-2016,13.529999732971191,13.8100004196167,60600,13.8100004196167,13.640000343322754,10.523423194885254
22-08-2016,13.600000381469727,13.619999885559082,78200,13.710000038146973,13.6899995803833,10.56200122833252
23-08-2016,13.630000114440918,13.710000038146973,23000,13.710000038146973,13.710000038146973,10.577431678771973
24-08-2016,13.640000343322754,13.6899995803833,64800,13.699999809265137,13.649999618530273,10.531140327453613
25-08-2016,13.579999923706055,13.600000381469727,49600,13.680000305175781,13.579999923706055,10.477134704589844
26-08-2016,13.5600004196167,13.59000015258789,25100,13.65999984741211,13.65999984741211,10.53885269165039
29-08-2016,13.579999923706055,13.699999809265137,65300,13.710000038146973,13.640000343322754,10.523423194885254
30-08-2016,13.510000228881836,13.609999656677246,101400,13.649999618530273,13.539999961853027,10.446273803710938
31-08-2016,13.539999961853027,13.609999656677246,54800,13.609999656677246,13.59000015258789,10.484847068786621
01-09-2016,13.529999732971191,13.609999656677246,49000,13.619999885559082,13.619999885559082,10.507997512817383
02-09-2016,13.579999923706055,13.59000015258789,26500,13.649999618530273,13.579999923706055,10.477134704589844
06-09-2016,13.579999923706055,13.619999885559082,53800,13.640000343322754,13.640000343322754,10.523423194885254
07-09-2016,13.529999732971191,13.640000343322754,96300,13.649999618530273,13.529999732971191,10.438560485839844
08-09-2016,13.510000228881836,13.510000228881836,17400,13.59000015258789,13.5600004196167,10.461700439453125
09-09-2016,13.359999656677246,13.5600004196167,81100,13.5600004196167,13.390000343322754,10.330552101135254
12-09-2016,13.180000305175781,13.300000190734863,101300,13.369999885559082,13.3100004196167,10.268827438354492
13-09-2016,13.25,13.25,48800,13.369999885559082,13.359999656677246,10.307401657104492
14-09-2016,13.239999771118164,13.300000190734863,149400,13.359999656677246,13.34000015258789,10.336458206176758
15-09-2016,13.289999961853027,13.34000015258789,27900,13.34000015258789,13.319999694824219,10.320959091186523
16-09-2016,13.229999542236328,13.329999923706055,36300,13.329999923706055,13.270000457763672,10.282217979431152
19-09-2016,13.180000305175781,13.319999694824219,88800,13.319999694824219,13.1899995803833,10.220230102539062
20-09-2016,13.170000076293945,13.260000228881836,45400,13.260000228881836,13.170000076293945,10.204731941223145
21-09-2016,13.109999656677246,13.199999809265137,102800,13.239999771118164,13.220000267028809,10.243476867675781
22-09-2016,13.210000038146973,13.270000457763672,56800,13.350000381469727,13.300000190734863,10.305460929870605
23-09-2016,13.279999732971191,13.300000190734863,14300,13.34000015258789,13.319999694824219,10.320959091186523
26-09-2016,13.220000267028809,13.300000190734863,28400,13.350000381469727,13.239999771118164,10.258975982666016
27-09-2016,13.180000305175781,13.180000305175781,32200,13.3100004196167,13.279999732971191,10.289968490600586
28-09-2016,13.270000457763672,13.3100004196167,56800,13.34000015258789,13.279999732971191,10.289968490600586
29-09-2016,13.210000038146973,13.270000457763672,33600,13.3100004196167,13.220000267028809,10.243476867675781
30-09-2016,13.170000076293945,13.300000190734863,55900,13.300000190734863,13.170000076293945,10.204731941223145
03-10-2016,13.109999656677246,13.130000114440918,33000,13.1899995803833,13.140000343322754,10.181488990783691
04-10-2016,13.0,13.109999656677246,69100,13.109999656677246,13.0,10.07301139831543
05-10-2016,12.960000038146973,13.0,56500,13.029999732971191,13.029999732971191,10.09625244140625
06-10-2016,12.949999809265137,13.010000228881836,62800,13.029999732971191,13.020000457763672,10.088508605957031
07-10-2016,12.949999809265137,13.039999961853027,48700,13.039999961853027,12.989999771118164,10.065258026123047
10-10-2016,12.930000305175781,12.970000267028809,109000,13.010000228881836,12.989999771118164,10.065258026123047
11-10-2016,12.90999984741211,13.0,62100,13.020000457763672,12.979999542236328,10.057515144348145
12-10-2016,12.930000305175781,12.979999542236328,73900,12.979999542236328,12.960000038146973,10.042017936706543
13-10-2016,12.890000343322754,12.90999984741211,85900,12.970000267028809,12.899999618530273,9.995524406433105
14-10-2016,12.760000228881836,12.84000015258789,73100,12.899999618530273,12.770000457763672,9.939098358154297
17-10-2016,12.619999885559082,12.729999542236328,107700,12.729999542236328,12.630000114440918,9.830133438110352
18-10-2016,12.550000190734863,12.579999923706055,108600,12.739999771118164,12.6899995803833,9.876829147338867
19-10-2016,12.710000038146973,12.710000038146973,159500,12.899999618530273,12.859999656677246,10.009142875671387
20-10-2016,12.800000190734863,12.90999984741211,120500,12.960000038146973,12.829999923706055,9.985794067382812
21-10-2016,12.789999961853027,12.899999618530273,104300,12.930000305175781,12.859999656677246,10.009142875671387
24-10-2016,12.800000190734863,12.899999618530273,19100,12.899999618530273,12.800000190734863,9.962445259094238
25-10-2016,12.670000076293945,12.789999961853027,97100,12.8100004196167,12.699999809265137,9.884613990783691
26-10-2016,12.600000381469727,12.739999771118164,71300,12.739999771118164,12.600000381469727,9.806783676147461
27-10-2016,12.550000190734863,12.600000381469727,61500,12.609999656677246,12.59000015258789,9.798999786376953
28-10-2016,12.579999923706055,12.609999656677246,58200,12.649999618530273,12.630000114440918,9.830133438110352
31-10-2016,12.619999885559082,12.680000305175781,66700,12.710000038146973,12.630000114440918,9.830133438110352
01-11-2016,12.609999656677246,12.649999618530273,63900,12.729999542236328,12.729999542236328,9.907962799072266
02-11-2016,12.6899995803833,12.789999961853027,57700,12.819999694824219,12.770000457763672,9.939098358154297
03-11-2016,12.739999771118164,12.850000381469727,99900,12.859999656677246,12.779999732971191,9.946881294250488
04-11-2016,12.710000038146973,12.850000381469727,56300,12.850000381469727,12.770000457763672,9.939098358154297
07-11-2016,12.680000305175781,12.819999694824219,86100,12.819999694824219,12.770000457763672,9.939098358154297
08-11-2016,12.779999732971191,12.8100004196167,21300,12.84000015258789,12.8100004196167,9.970235824584961
09-11-2016,12.579999923706055,12.729999542236328,81000,12.75,12.729999542236328,9.907962799072266
10-11-2016,12.470000267028809,12.800000190734863,116100,12.800000190734863,12.479999542236328,9.713383674621582
11-11-2016,12.149999618530273,12.399999618530273,144900,12.399999618530273,12.300000190734863,9.573288917541504
14-11-2016,11.859999656677246,12.170000076293945,266000,12.170000076293945,12.119999885559082,9.477499961853027
15-11-2016,11.890000343322754,12.050000190734863,195300,12.140000343322754,12.09000015258789,9.454035758972168
16-11-2016,12.010000228881836,12.140000343322754,86900,12.149999618530273,12.050000190734863,9.422758102416992
17-11-2016,11.960000038146973,12.010000228881836,45500,12.0600004196167,11.979999542236328,9.36801815032959
18-11-2016,11.819999694824219,12.029999732971191,88600,12.029999732971191,11.869999885559082,9.282002449035645
21-11-2016,11.890000343322754,11.890000343322754,40000,11.989999771118164,11.979999542236328,9.36801815032959
22-11-2016,11.899999618530273,12.039999961853027,82300,12.069999694824219,12.010000228881836,9.391478538513184
23-11-2016,11.880000114440918,11.960000038146973,72300,11.979999542236328,11.9399995803833,9.336743354797363
25-11-2016,11.960000038146973,12.010000228881836,37400,12.029999732971191,11.970000267028809,9.360199928283691
28-11-2016,11.880000114440918,11.979999542236328,55100,12.020000457763672,11.90999984741211,9.31328010559082
29-11-2016,11.800000190734863,11.920000076293945,75700,11.960000038146973,11.800000190734863,9.227266311645508
30-11-2016,11.710000038146973,11.75,120600,11.930000305175781,11.899999618530273,9.305459022521973
01-12-2016,11.800000190734863,11.829999923706055,65200,11.869999885559082,11.8100004196167,9.23508358001709
02-12-2016,11.760000228881836,11.770000457763672,57400,11.819999694824219,11.779999732971191,9.211624145507812
05-12-2016,11.75,11.8100004196167,103100,11.859999656677246,11.75,9.1881685256958
06-12-2016,11.699999809265137,11.699999809265137,185000,12.180000305175781,12.029999732971191,9.40711784362793
07-12-2016,11.960000038146973,11.979999542236328,237900,12.15999984741211,12.029999732971191,9.40711784362793
08-12-2016,11.859999656677246,11.960000038146973,88300,11.960000038146973,11.90999984741211,9.31328010559082
09-12-2016,11.760000228881836,11.90999984741211,105000,11.90999984741211,11.819999694824219,9.242904663085938
12-12-2016,11.729999542236328,11.800000190734863,157500,11.819999694824219,11.819999694824219,9.288084983825684
13-12-2016,11.819999694824219,11.850000381469727,118400,11.899999618530273,11.899999618530273,9.350948333740234
14-12-2016,11.890000343322754,11.979999542236328,130200,11.979999542236328,11.899999618530273,9.350948333740234
15-12-2016,11.729999542236328,11.859999656677246,182700,11.880000114440918,11.760000228881836,9.24094295501709
16-12-2016,11.779999732971191,11.779999732971191,147300,11.850000381469727,11.84000015258789,9.303804397583008
19-12-2016,11.789999961853027,11.859999656677246,137100,11.890000343322754,11.829999923706055,9.29594612121582
20-12-2016,11.75,11.850000381469727,166800,11.880000114440918,11.84000015258789,9.303804397583008
21-12-2016,11.8100004196167,11.880000114440918,124600,11.880000114440918,11.829999923706055,9.29594612121582
22-12-2016,11.800000190734863,11.859999656677246,130800,11.880000114440918,11.829999923706055,9.29594612121582
23-12-2016,11.8100004196167,11.880000114440918,105800,11.880000114440918,11.8100004196167,9.280230522155762
27-12-2016,11.670000076293945,11.670000076293945,170400,11.850000381469727,11.729999542236328,9.217366218566895
28-12-2016,11.729999542236328,11.729999542236328,151600,11.800000190734863,11.779999732971191,9.256653785705566
29-12-2016,11.760000228881836,11.800000190734863,238700,11.859999656677246,11.770000457763672,9.248797416687012
30-12-2016,11.779999732971191,11.789999961853027,216800,11.869999885559082,11.869999885559082,9.327376365661621
03-01-2017,11.789999961853027,11.850000381469727,71800,11.899999618530273,11.899999618530273,9.350948333740234
04-01-2017,11.920000076293945,11.930000305175781,50500,12.0,11.930000305175781,9.374528884887695
05-01-2017,11.930000305175781,11.989999771118164,68500,12.010000228881836,12.0,9.429533958435059
06-01-2017,11.59000015258789,11.640000343322754,572200,11.890000343322754,11.670000076293945,9.170219421386719
09-01-2017,11.649999618530273,11.779999732971191,376600,11.850000381469727,11.680000305175781,9.17807674407959
10-01-2017,11.649999618530273,11.710000038146973,251400,11.789999961853027,11.699999809265137,9.193793296813965
11-01-2017,11.649999618530273,11.680000305175781,123200,11.729999542236328,11.6899995803833,9.185935974121094
12-01-2017,11.75,11.760000228881836,190800,11.800000190734863,11.800000190734863,9.272370338439941
13-01-2017,11.789999961853027,11.84000015258789,121400,11.890000343322754,11.890000343322754,9.34309196472168
17-01-2017,11.829999923706055,11.859999656677246,65300,11.880000114440918,11.859999656677246,9.356897354125977
18-01-2017,11.779999732971191,11.850000381469727,49600,11.850000381469727,11.779999732971191,9.293784141540527
19-01-2017,11.680000305175781,11.789999961853027,81900,11.789999961853027,11.710000038146973,9.238558769226074
20-01-2017,11.670000076293945,11.710000038146973,36100,11.729999542236328,11.729999542236328,9.254339218139648
23-01-2017,11.710000038146973,11.729999542236328,75700,11.760000228881836,11.729999542236328,9.254339218139648
24-01-2017,11.720000267028809,11.739999771118164,101900,11.760000228881836,11.720000267028809,9.246448516845703
25-01-2017,11.720000267028809,11.760000228881836,114400,11.779999732971191,11.760000228881836,9.278008460998535
26-01-2017,11.720000267028809,11.789999961853027,55200,11.789999961853027,11.760000228881836,9.278008460998535
27-01-2017,11.720000267028809,11.720000267028809,65300,11.789999961853027,11.770000457763672,9.285893440246582
30-01-2017,11.739999771118164,11.75,51100,11.779999732971191,11.779999732971191,9.293784141540527
31-01-2017,11.729999542236328,11.729999542236328,145100,11.84000015258789,11.84000015258789,9.341118812561035
01-02-2017,11.789999961853027,11.819999694824219,105500,11.869999885559082,11.859999656677246,9.356897354125977
02-02-2017,11.829999923706055,11.84000015258789,65900,11.869999885559082,11.869999885559082,9.364790916442871
03-02-2017,11.84000015258789,11.84000015258789,133600,11.920000076293945,11.880000114440918,9.372679710388184
06-02-2017,11.8100004196167,11.869999885559082,53300,11.899999618530273,11.84000015258789,9.341118812561035
07-02-2017,11.829999923706055,11.850000381469727,45100,11.869999885559082,11.859999656677246,9.356897354125977
08-02-2017,11.850000381469727,11.850000381469727,34800,11.899999618530273,11.880000114440918,9.372679710388184
09-02-2017,11.829999923706055,11.880000114440918,69000,11.880000114440918,11.859999656677246,9.356897354125977
10-02-2017,11.8100004196167,11.859999656677246,68800,11.869999885559082,11.829999923706055,9.333230972290039
13-02-2017,11.800000190734863,11.829999923706055,45700,11.850000381469727,11.850000381469727,9.34900951385498
14-02-2017,11.6899995803833,11.779999732971191,87200,11.8100004196167,11.720000267028809,9.283663749694824
15-02-2017,11.649999618530273,11.680000305175781,186500,11.75,11.6899995803833,9.25989818572998
16-02-2017,11.680000305175781,11.6899995803833,41000,11.739999771118164,11.739999771118164,9.2995023727417
17-02-2017,11.6899995803833,11.739999771118164,46900,11.739999771118164,11.699999809265137,9.267822265625
21-02-2017,11.65999984741211,11.6899995803833,74600,11.699999809265137,11.680000305175781,9.251976013183594
22-02-2017,11.630000114440918,11.670000076293945,68900,11.680000305175781,11.65999984741211,9.23613166809082
23-02-2017,11.649999618530273,11.65999984741211,44800,11.699999809265137,11.6899995803833,9.25989818572998
24-02-2017,11.680000305175781,11.699999809265137,80300,11.770000457763672,11.739999771118164,9.2995023727417
27-02-2017,11.6899995803833,11.720000267028809,59700,11.739999771118164,11.710000038146973,9.275742530822754
28-02-2017,11.670000076293945,11.680000305175781,61200,11.729999542236328,11.720000267028809,9.283663749694824
01-03-2017,11.670000076293945,11.680000305175781,72700,11.699999809265137,11.6899995803833,9.25989818572998
02-03-2017,11.609999656677246,11.630000114440918,58300,11.65999984741211,11.640000343322754,9.220292091369629
03-03-2017,11.569999694824219,11.600000381469727,63300,11.630000114440918,11.600000381469727,9.188605308532715
06-03-2017,11.550000190734863,11.600000381469727,89800,11.609999656677246,11.579999923706055,9.17276668548584
07-03-2017,11.529999732971191,11.539999961853027,50100,11.579999923706055,11.569999694824219,9.164844512939453
08-03-2017,11.5,11.520000457763672,56100,11.550000190734863,11.550000190734863,9.148999214172363
09-03-2017,11.40999984741211,11.550000190734863,158100,11.550000190734863,11.460000038146973,9.077710151672363
10-03-2017,11.40999984741211,11.460000038146973,228900,11.5,11.430000305175781,9.053942680358887
13-03-2017,11.350000381469727,11.390000343322754,103800,11.4399995803833,11.380000114440918,9.05195426940918
14-03-2017,11.34000015258789,11.369999885559082,66100,11.390000343322754,11.390000343322754,9.059914588928223
15-03-2017,11.3100004196167,11.350000381469727,108500,11.460000038146973,11.449999809265137,9.107636451721191
16-03-2017,11.319999694824219,11.449999809265137,57300,11.449999809265137,11.359999656677246,9.03604793548584
17-03-2017,11.34000015258789,11.34000015258789,122900,11.399999618530273,11.380000114440918,9.05195426940918
20-03-2017,11.369999885559082,11.369999885559082,78600,11.4399995803833,11.4399995803833,9.099684715270996
21-03-2017,11.390000343322754,11.430000305175781,113600,11.510000228881836,11.489999771118164,9.139453887939453
22-03-2017,11.5,11.5,125500,11.600000381469727,11.59000015258789,9.218993186950684
23-03-2017,11.5600004196167,11.579999923706055,47900,11.630000114440918,11.619999885559082,9.2428617477417
24-03-2017,11.569999694824219,11.619999885559082,44800,11.640000343322754,11.579999923706055,9.211045265197754
27-03-2017,11.579999923706055,11.600000381469727,51400,11.640000343322754,11.600000381469727,9.226953506469727
28-03-2017,11.510000228881836,11.649999618530273,81600,11.649999618530273,11.550000190734863,9.187182426452637
29-03-2017,11.550000190734863,11.550000190734863,46400,11.609999656677246,11.600000381469727,9.226953506469727
30-03-2017,11.569999694824219,11.579999923706055,43700,11.609999656677246,11.59000015258789,9.218993186950684
31-03-2017,11.550000190734863,11.569999694824219,57200,11.640000343322754,11.619999885559082,9.2428617477417
03-04-2017,11.579999923706055,11.579999923706055,32300,11.670000076293945,11.640000343322754,9.258769989013672
04-04-2017,11.619999885559082,11.619999885559082,28800,11.670000076293945,11.649999618530273,9.266721725463867
05-04-2017,11.619999885559082,11.649999618530273,72000,11.710000038146973,11.65999984741211,9.274675369262695
06-04-2017,11.65999984741211,11.65999984741211,50500,11.729999542236328,11.710000038146973,9.31445026397705
07-04-2017,11.6899995803833,11.710000038146973,84500,11.770000457763672,11.739999771118164,9.338310241699219
10-04-2017,11.75,11.770000457763672,84000,11.850000381469727,11.850000381469727,9.425810813903809
11-04-2017,11.84000015258789,11.859999656677246,100000,11.920000076293945,11.920000076293945,9.481488227844238
12-04-2017,11.880000114440918,11.90999984741211,35900,11.9399995803833,11.930000305175781,9.4894437789917
13-04-2017,11.90999984741211,11.9399995803833,50500,11.960000038146973,11.90999984741211,9.473531723022461
17-04-2017,11.8100004196167,11.899999618530273,61700,11.90999984741211,11.84000015258789,9.455565452575684
18-04-2017,11.789999961853027,11.850000381469727,136700,11.890000343322754,11.880000114440918,9.487506866455078
19-04-2017,11.8100004196167,11.890000343322754,71400,11.899999618530273,11.8100004196167,9.431605339050293
20-04-2017,11.720000267028809,11.819999694824219,77500,11.829999923706055,11.739999771118164,9.375703811645508
21-04-2017,11.739999771118164,11.760000228881836,78100,11.8100004196167,11.800000190734863,9.42362117767334
24-04-2017,11.729999542236328,11.789999961853027,63700,11.800000190734863,11.739999771118164,9.375703811645508
25-04-2017,11.59000015258789,11.720000267028809,177900,11.720000267028809,11.670000076293945,9.319799423217773
26-04-2017,11.65999984741211,11.65999984741211,67100,11.739999771118164,11.720000267028809,9.359733581542969
27-04-2017,11.6899995803833,11.6899995803833,49100,11.75,11.720000267028809,9.359733581542969
28-04-2017,11.710000038146973,11.760000228881836,40500,11.760000228881836,11.75,9.383688926696777
01-05-2017,11.699999809265137,11.720000267028809,61000,11.75,11.720000267028809,9.359733581542969
02-05-2017,11.710000038146973,11.729999542236328,33400,11.739999771118164,11.739999771118164,9.375703811645508
03-05-2017,11.720000267028809,11.739999771118164,56500,11.800000190734863,11.779999732971191,9.407647132873535
04-05-2017,11.75,11.75,140500,11.869999885559082,11.829999923706055,9.447577476501465
05-05-2017,11.829999923706055,11.829999923706055,108700,11.90999984741211,11.859999656677246,9.471535682678223
08-05-2017,11.800000190734863,11.84000015258789,40300,11.850000381469727,11.829999923706055,9.447577476501465
09-05-2017,11.75,11.829999923706055,88600,11.890000343322754,11.890000343322754,9.495497703552246
10-05-2017,11.779999732971191,11.859999656677246,122800,11.859999656677246,11.779999732971191,9.407647132873535
11-05-2017,11.770000457763672,11.770000457763672,73300,11.819999694824219,11.819999694824219,9.439591407775879
12-05-2017,11.829999923706055,11.84000015258789,24500,11.930000305175781,11.930000305175781,9.52744197845459
15-05-2017,11.829999923706055,11.869999885559082,41000,11.920000076293945,11.869999885559082,9.51941967010498
16-05-2017,11.829999923706055,11.829999923706055,77600,11.899999618530273,11.880000114440918,9.52743911743164
17-05-2017,11.859999656677246,11.880000114440918,130600,11.9399995803833,11.880000114440918,9.52743911743164
18-05-2017,11.850000381469727,11.880000114440918,74400,11.920000076293945,11.880000114440918,9.52743911743164
19-05-2017,11.84000015258789,11.880000114440918,48800,11.899999618530273,11.850000381469727,9.503378868103027
22-05-2017,11.800000190734863,11.880000114440918,38400,11.880000114440918,11.850000381469727,9.503378868103027
23-05-2017,11.819999694824219,11.850000381469727,66800,11.890000343322754,11.850000381469727,9.503378868103027
24-05-2017,11.819999694824219,11.850000381469727,96500,11.890000343322754,11.84000015258789,9.495359420776367
25-05-2017,11.829999923706055,11.84000015258789,92800,11.90999984741211,11.880000114440918,9.52743911743164
26-05-2017,11.859999656677246,11.880000114440918,113200,11.9399995803833,11.859999656677246,9.511398315429688
30-05-2017,11.869999885559082,11.869999885559082,146200,11.949999809265137,11.920000076293945,9.559517860412598
31-05-2017,11.920000076293945,11.920000076293945,111300,12.010000228881836,11.979999542236328,9.607634544372559
01-06-2017,11.960000038146973,11.970000267028809,74700,12.050000190734863,11.979999542236328,9.607634544372559
02-06-2017,11.979999542236328,12.010000228881836,118500,12.069999694824219,12.010000228881836,9.631696701049805
05-06-2017,11.9399995803833,12.0,65800,12.0,11.960000038146973,9.591595649719238
06-06-2017,11.9399995803833,11.960000038146973,74300,11.979999542236328,11.9399995803833,9.575557708740234
07-06-2017,11.920000076293945,11.920000076293945,55000,11.989999771118164,11.970000267028809,9.599615097045898
08-06-2017,11.930000305175781,12.0,48000,12.0,11.949999809265137,9.583578109741211
09-06-2017,11.890000343322754,11.90999984741211,59400,11.949999809265137,11.90999984741211,9.551496505737305
12-06-2017,11.880000114440918,11.960000038146973,42400,11.960000038146973,11.949999809265137,9.583578109741211
13-06-2017,11.829999923706055,11.890000343322754,52000,11.899999618530273,11.859999656677246,9.551362991333008
14-06-2017,11.859999656677246,11.880000114440918,88000,11.930000305175781,11.880000114440918,9.567472457885742
15-06-2017,11.859999656677246,11.930000305175781,71100,11.9399995803833,11.9399995803833,9.615793228149414
16-06-2017,11.829999923706055,11.90999984741211,150400,11.960000038146973,11.930000305175781,9.607739448547363
19-06-2017,11.899999618530273,11.90999984741211,78400,11.949999809265137,11.899999618530273,9.583578109741211
20-06-2017,11.90999984741211,11.90999984741211,53700,11.949999809265137,11.949999809265137,9.62384033203125
21-06-2017,11.9399995803833,11.9399995803833,79600,12.029999732971191,11.989999771118164,9.656061172485352
22-06-2017,12.0,12.0,72900,12.039999961853027,12.039999961853027,9.696325302124023
23-06-2017,12.029999732971191,12.039999961853027,87800,12.069999694824219,12.069999694824219,9.720487594604492
26-06-2017,12.020000457763672,12.039999961853027,68100,12.079999923706055,12.020000457763672,9.680215835571289
27-06-2017,11.979999542236328,12.0,83400,12.050000190734863,12.050000190734863,9.704375267028809
28-06-2017,12.029999732971191,12.069999694824219,54900,12.100000381469727,12.09000015258789,9.736592292785645
29-06-2017,11.989999771118164,12.020000457763672,78500,12.069999694824219,12.020000457763672,9.680215835571289
30-06-2017,11.989999771118164,12.020000457763672,103300,12.130000114440918,12.119999885559082,9.76075553894043
03-07-2017,12.100000381469727,12.100000381469727,28600,12.140000343322754,12.100000381469727,9.744647979736328
05-07-2017,12.010000228881836,12.079999923706055,102300,12.100000381469727,12.010000228881836,9.672163963317871
06-07-2017,11.949999809265137,12.0,125100,12.029999732971191,11.989999771118164,9.656061172485352
07-07-2017,11.989999771118164,11.989999771118164,141400,12.050000190734863,12.039999961853027,9.696325302124023
10-07-2017,12.010000228881836,12.010000228881836,55300,12.050000190734863,12.039999961853027,9.696325302124023
11-07-2017,11.960000038146973,12.039999961853027,73000,12.0600004196167,12.010000228881836,9.672163963317871
12-07-2017,12.029999732971191,12.029999732971191,103500,12.109999656677246,12.109999656677246,9.752696990966797
13-07-2017,12.109999656677246,12.109999656677246,71700,12.199999809265137,12.199999809265137,9.825183868408203
14-07-2017,12.109999656677246,12.1899995803833,54800,12.210000038146973,12.15999984741211,9.833267211914062
17-07-2017,11.989999771118164,12.130000114440918,107900,12.140000343322754,12.0600004196167,9.75240421295166
18-07-2017,12.0,12.050000190734863,105800,12.069999694824219,12.0600004196167,9.75240421295166
19-07-2017,11.989999771118164,12.0600004196167,94100,12.079999923706055,12.069999694824219,9.760490417480469
20-07-2017,12.029999732971191,12.09000015258789,71500,12.09000015258789,12.079999923706055,9.768579483032227
21-07-2017,12.039999961853027,12.09000015258789,88000,12.09000015258789,12.0600004196167,9.75240421295166
24-07-2017,12.0,12.050000190734863,62100,12.069999694824219,12.029999732971191,9.728139877319336
25-07-2017,11.880000114440918,12.020000457763672,180500,12.020000457763672,11.899999618530273,9.623017311096191
26-07-2017,11.899999618530273,11.899999618530273,114500,12.029999732971191,12.020000457763672,9.72005558013916
27-07-2017,11.9399995803833,12.020000457763672,137500,12.029999732971191,12.0,9.703882217407227
28-07-2017,12.0,12.09000015258789,100600,12.09000015258789,12.069999694824219,9.760490417480469
31-07-2017,12.039999961853027,12.069999694824219,69800,12.09000015258789,12.09000015258789,9.776662826538086
01-08-2017,12.079999923706055,12.09000015258789,72900,12.119999885559082,12.109999656677246,9.792830467224121
02-08-2017,12.09000015258789,12.100000381469727,44600,12.149999618530273,12.100000381469727,9.784748077392578
03-08-2017,12.09000015258789,12.100000381469727,58800,12.149999618530273,12.100000381469727,9.784748077392578
04-08-2017,12.020000457763672,12.09000015258789,49300,12.09000015258789,12.029999732971191,9.728139877319336
07-08-2017,12.020000457763672,12.020000457763672,40500,12.0600004196167,12.050000190734863,9.744312286376953
08-08-2017,11.979999542236328,12.029999732971191,79200,12.069999694824219,12.0,9.703882217407227
09-08-2017,11.930000305175781,12.0600004196167,68600,12.0600004196167,12.029999732971191,9.728139877319336
10-08-2017,11.949999809265137,12.010000228881836,93200,12.010000228881836,11.979999542236328,9.687708854675293
11-08-2017,11.9399995803833,11.9399995803833,23700,12.010000228881836,11.970000267028809,9.679622650146484
14-08-2017,11.949999809265137,11.989999771118164,13100,12.029999732971191,11.970000267028809,9.679622650146484
15-08-2017,11.90999984741211,11.949999809265137,52300,11.970000267028809,11.90999984741211,9.631101608276367
16-08-2017,11.90999984741211,11.90999984741211,115300,11.960000038146973,11.949999809265137,9.704190254211426
17-08-2017,11.899999618530273,11.920000076293945,62300,11.960000038146973,11.930000305175781,9.687948226928711
18-08-2017,11.920000076293945,11.920000076293945,68500,12.029999732971191,12.029999732971191,9.769153594970703
21-08-2017,12.020000457763672,12.029999732971191,40800,12.0600004196167,12.050000190734863,9.785392761230469
22-08-2017,12.029999732971191,12.039999961853027,53300,12.100000381469727,12.050000190734863,9.785392761230469
23-08-2017,12.039999961853027,12.039999961853027,81800,12.140000343322754,12.109999656677246,9.834115982055664
24-08-2017,12.069999694824219,12.100000381469727,51100,12.140000343322754,12.09000015258789,9.817880630493164
25-08-2017,12.069999694824219,12.149999618530273,46800,12.149999618530273,12.09000015258789,9.817880630493164
28-08-2017,12.050000190734863,12.079999923706055,85000,12.119999885559082,12.069999694824219,9.8016357421875
29-08-2017,12.0600004196167,12.0600004196167,75300,12.199999809265137,12.119999885559082,9.842239379882812
30-08-2017,12.09000015258789,12.109999656677246,86800,12.180000305175781,12.119999885559082,9.842239379882812
31-08-2017,12.069999694824219,12.130000114440918,71400,12.1899995803833,12.069999694824219,9.8016357421875
01-09-2017,12.0600004196167,12.079999923706055,76400,12.149999618530273,12.109999656677246,9.834115982055664
05-09-2017,12.050000190734863,12.119999885559082,82500,12.140000343322754,12.0600004196167,9.793514251708984
06-09-2017,12.0600004196167,12.0600004196167,72800,12.100000381469727,12.09000015258789,9.817880630493164
07-09-2017,12.0600004196167,12.09000015258789,154300,12.140000343322754,12.109999656677246,9.834115982055664
08-09-2017,12.100000381469727,12.100000381469727,72800,12.15999984741211,12.100000381469727,9.825997352600098
11-09-2017,12.109999656677246,12.119999885559082,90200,12.199999809265137,12.180000305175781,9.89096450805664
12-09-2017,12.149999618530273,12.1899995803833,41600,12.239999771118164,12.239999771118164,9.939691543579102
13-09-2017,12.229999542236328,12.25,52500,12.319999694824219,12.3100004196167,9.996529579162598
14-09-2017,12.270000457763672,12.270000457763672,80800,12.329999923706055,12.279999732971191,9.97216796875
15-09-2017,12.229999542236328,12.239999771118164,34000,12.350000381469727,12.350000381469727,10.070013046264648
18-09-2017,12.210000038146973,12.34000015258789,100300,12.34000015258789,12.210000038146973,9.955862045288086
19-09-2017,12.149999618530273,12.289999961853027,92500,12.289999961853027,12.229999542236328,9.97216796875
20-09-2017,12.100000381469727,12.229999542236328,47500,12.260000228881836,12.140000343322754,9.898786544799805
21-09-2017,12.0600004196167,12.130000114440918,38600,12.149999618530273,12.109999656677246,9.874320030212402
22-09-2017,12.100000381469727,12.130000114440918,47600,12.180000305175781,12.170000076293945,9.923247337341309
25-09-2017,12.100000381469727,12.180000305175781,54600,12.1899995803833,12.170000076293945,9.923247337341309
26-09-2017,12.170000076293945,12.170000076293945,38700,12.220000267028809,12.210000038146973,9.955862045288086
27-09-2017,12.069999694824219,12.210000038146973,83500,12.210000038146973,12.069999694824219,9.84170913696289
28-09-2017,11.989999771118164,12.050000190734863,92300,12.079999923706055,12.039999961853027,9.817248344421387
29-09-2017,12.029999732971191,12.09000015258789,32900,12.09000015258789,12.029999732971191,9.809091567993164
02-10-2017,11.960000038146973,12.050000190734863,84000,12.050000190734863,11.989999771118164,9.776477813720703
03-10-2017,11.949999809265137,11.960000038146973,57100,12.039999961853027,12.039999961853027,9.817248344421387
04-10-2017,11.949999809265137,12.039999961853027,53100,12.039999961853027,12.0,9.78463363647461
05-10-2017,11.960000038146973,12.0,29300,12.0,11.979999542236328,9.76832389831543
06-10-2017,11.920000076293945,11.960000038146973,48100,11.960000038146973,11.9399995803833,9.735708236694336
09-10-2017,11.9399995803833,11.9399995803833,33200,11.989999771118164,11.989999771118164,9.776477813720703
10-10-2017,11.960000038146973,11.989999771118164,35000,12.010000228881836,12.010000228881836,9.792783737182617
11-10-2017,11.979999542236328,12.0,109600,12.039999961853027,12.020000457763672,9.800938606262207
12-10-2017,11.989999771118164,11.989999771118164,85100,12.140000343322754,12.140000343322754,9.898786544799805
13-10-2017,12.100000381469727,12.140000343322754,22500,12.149999618530273,12.149999618530273,9.906939506530762
16-10-2017,12.100000381469727,12.149999618530273,81200,12.170000076293945,12.140000343322754,9.898786544799805
17-10-2017,12.020000457763672,12.069999694824219,77100,12.100000381469727,12.039999961853027,9.8578462600708
18-10-2017,11.979999542236328,12.010000228881836,49100,12.0600004196167,12.039999961853027,9.8578462600708
19-10-2017,11.989999771118164,12.020000457763672,36500,12.039999961853027,12.039999961853027,9.8578462600708
20-10-2017,11.949999809265137,12.0,37300,12.0,11.989999771118164,9.81690788269043
23-10-2017,11.930000305175781,11.930000305175781,43100,12.0,11.979999542236328,9.808722496032715
24-10-2017,11.869999885559082,11.960000038146973,61400,12.010000228881836,11.890000343322754,9.73503589630127
25-10-2017,11.8100004196167,11.880000114440918,45000,11.890000343322754,11.84000015258789,9.69409465789795
26-10-2017,11.699999809265137,11.859999656677246,82700,11.880000114440918,11.699999809265137,9.579469680786133
27-10-2017,11.640000343322754,11.710000038146973,96000,11.75,11.65999984741211,9.546723365783691
30-10-2017,11.670000076293945,11.670000076293945,81600,11.829999923706055,11.8100004196167,9.669532775878906
31-10-2017,11.720000267028809,11.800000190734863,69700,11.84000015258789,11.739999771118164,9.612222671508789
01-11-2017,11.65999984741211,11.739999771118164,98700,11.75,11.680000305175781,9.563093185424805
02-11-2017,11.65999984741211,11.670000076293945,80800,11.710000038146973,11.710000038146973,9.58765697479248
03-11-2017,11.649999618530273,11.670000076293945,83600,11.680000305175781,11.65999984741211,9.546723365783691
06-11-2017,11.649999618530273,11.649999618530273,68500,11.760000228881836,11.75,9.620407104492188
07-11-2017,11.720000267028809,11.75,70500,11.779999732971191,11.760000228881836,9.628597259521484
08-11-2017,11.6899995803833,11.770000457763672,160900,11.779999732971191,11.699999809265137,9.579469680786133
09-11-2017,11.640000343322754,11.710000038146973,72800,11.710000038146973,11.699999809265137,9.579469680786133
10-11-2017,11.649999618530273,11.670000076293945,80100,11.710000038146973,11.710000038146973,9.58765697479248
13-11-2017,11.680000305175781,11.720000267028809,67200,11.850000381469727,11.829999923706055,9.685908317565918
14-11-2017,11.770000457763672,11.770000457763672,94800,11.949999809265137,11.930000305175781,9.767784118652344
15-11-2017,11.890000343322754,11.890000343322754,112900,11.970000267028809,11.920000076293945,9.80314826965332
16-11-2017,11.90999984741211,11.90999984741211,149900,12.020000457763672,12.020000457763672,9.88538932800293
17-11-2017,11.880000114440918,12.029999732971191,106100,12.039999961853027,11.9399995803833,9.819595336914062
20-11-2017,11.800000190734863,11.9399995803833,100000,11.9399995803833,11.800000190734863,9.704459190368652
21-11-2017,11.800000190734863,11.800000190734863,63600,11.869999885559082,11.829999923706055,9.729132652282715
22-11-2017,11.8100004196167,11.859999656677246,76500,11.890000343322754,11.880000114440918,9.770249366760254
24-11-2017,11.800000190734863,11.829999923706055,14600,11.899999618530273,11.899999618530273,9.786700248718262
27-11-2017,11.779999732971191,11.859999656677246,46200,11.869999885559082,11.800000190734863,9.704459190368652
28-11-2017,11.779999732971191,11.850000381469727,59300,11.850000381469727,11.800000190734863,9.704459190368652
29-11-2017,11.760000228881836,11.800000190734863,49800,11.800000190734863,11.800000190734863,9.704459190368652
30-11-2017,11.770000457763672,11.800000190734863,107500,11.880000114440918,11.779999732971191,9.688009262084961
01-12-2017,11.770000457763672,11.829999923706055,71700,11.829999923706055,11.819999694824219,9.720904350280762
04-12-2017,11.760000228881836,11.770000457763672,124400,11.84000015258789,11.84000015258789,9.737357139587402
05-12-2017,11.729999542236328,11.770000457763672,151100,11.84000015258789,11.760000228881836,9.671561241149902
06-12-2017,11.789999961853027,11.789999961853027,122200,11.890000343322754,11.890000343322754,9.778477668762207
07-12-2017,11.779999732971191,11.859999656677246,171400,11.90999984741211,11.899999618530273,9.786700248718262
08-12-2017,11.800000190734863,11.859999656677246,103500,11.869999885559082,11.84000015258789,9.737357139587402
11-12-2017,11.8100004196167,11.8100004196167,45500,11.899999618530273,11.859999656677246,9.753802299499512
12-12-2017,11.84000015258789,11.84000015258789,73800,11.9399995803833,11.90999984741211,9.794923782348633
13-12-2017,11.800000190734863,11.890000343322754,168900,11.920000076293945,11.869999885559082,9.805662155151367
14-12-2017,11.800000190734863,11.859999656677246,104500,11.890000343322754,11.84000015258789,9.780879974365234
15-12-2017,11.8100004196167,11.850000381469727,126300,11.90999984741211,11.850000381469727,9.789142608642578
18-12-2017,11.819999694824219,11.829999923706055,123200,11.869999885559082,11.829999923706055,9.77261734008789
19-12-2017,11.770000457763672,11.8100004196167,94400,11.819999694824219,11.819999694824219,9.764357566833496
20-12-2017,11.710000038146973,11.800000190734863,144600,11.800000190734863,11.770000457763672,9.723053932189941
21-12-2017,11.710000038146973,11.710000038146973,124000,11.829999923706055,11.800000190734863,9.747838973999023
22-12-2017,11.789999961853027,11.800000190734863,117500,11.850000381469727,11.829999923706055,9.77261734008789
26-12-2017,11.800000190734863,11.829999923706055,74200,11.850000381469727,11.829999923706055,9.77261734008789
27-12-2017,11.829999923706055,11.829999923706055,88100,11.880000114440918,11.880000114440918,9.813923835754395
28-12-2017,11.789999961853027,11.829999923706055,227100,11.869999885559082,11.84000015258789,9.780879974365234
29-12-2017,11.800000190734863,11.859999656677246,101100,11.859999656677246,11.850000381469727,9.789142608642578
02-01-2018,11.850000381469727,11.890000343322754,44300,11.890000343322754,11.880000114440918,9.813923835754395
03-01-2018,11.90999984741211,11.920000076293945,54700,11.970000267028809,11.960000038146973,9.880014419555664
04-01-2018,11.920000076293945,11.989999771118164,49000,12.0,11.979999542236328,9.896531105041504
05-01-2018,11.920000076293945,12.010000228881836,87600,12.010000228881836,11.960000038146973,9.880014419555664
08-01-2018,11.949999809265137,11.949999809265137,53900,12.0,11.970000267028809,9.88827133178711
09-01-2018,11.899999618530273,11.979999542236328,37400,11.979999542236328,11.930000305175781,9.855229377746582
10-01-2018,11.819999694824219,11.850000381469727,39900,11.880000114440918,11.880000114440918,9.813923835754395
11-01-2018,11.84000015258789,11.890000343322754,41800,11.890000343322754,11.890000343322754,9.822186470031738
12-01-2018,11.800000190734863,11.869999885559082,50200,11.880000114440918,11.84000015258789,9.780879974365234
16-01-2018,11.779999732971191,11.819999694824219,93700,11.850000381469727,11.829999923706055,9.77261734008789
17-01-2018,11.770000457763672,11.770000457763672,140100,11.850000381469727,11.770000457763672,9.766810417175293
18-01-2018,11.760000228881836,11.770000457763672,94600,11.829999923706055,11.829999923706055,9.816597938537598
19-01-2018,11.760000228881836,11.84000015258789,51600,11.84000015258789,11.789999961853027,9.783408164978027
22-01-2018,11.75,11.75,41600,11.789999961853027,11.75,9.750214576721191
23-01-2018,11.729999542236328,11.800000190734863,48900,11.800000190734863,11.729999542236328,9.733619689941406
24-01-2018,11.6899995803833,11.739999771118164,138200,11.8100004196167,11.739999771118164,9.74191665649414
25-01-2018,11.649999618530273,11.729999542236328,82000,11.729999542236328,11.649999618530273,9.66723346710205
26-01-2018,11.529999732971191,11.710000038146973,111000,11.710000038146973,11.539999961853027,9.575957298278809
29-01-2018,11.380000114440918,11.539999961853027,123600,11.539999961853027,11.420000076293945,9.476381301879883
30-01-2018,11.329999923706055,11.449999809265137,72500,11.449999809265137,11.350000381469727,9.418295860290527
31-01-2018,11.3100004196167,11.350000381469727,73700,11.390000343322754,11.329999923706055,9.401694297790527
01-02-2018,11.329999923706055,11.34000015258789,46600,11.399999618530273,11.369999885559082,9.434887886047363
02-02-2018,11.25,11.289999961853027,143100,11.329999923706055,11.329999923706055,9.401694297790527
05-02-2018,11.210000038146973,11.300000190734863,99200,11.300000190734863,11.279999732971191,9.36020565032959
06-02-2018,11.210000038146973,11.270000457763672,86900,11.359999656677246,11.270000457763672,9.351902961730957
07-02-2018,11.3100004196167,11.3100004196167,54000,11.449999809265137,11.449999809265137,9.501270294189453
08-02-2018,11.359999656677246,11.4399995803833,34600,11.4399995803833,11.4399995803833,9.492976188659668
09-02-2018,11.350000381469727,11.380000114440918,109700,11.4399995803833,11.390000343322754,9.451486587524414
12-02-2018,11.359999656677246,11.399999618530273,81800,11.420000076293945,11.420000076293945,9.476381301879883
13-02-2018,11.359999656677246,11.359999656677246,34300,11.539999961853027,11.539999961853027,9.575957298278809
14-02-2018,11.510000228881836,11.619999885559082,111100,11.619999885559082,11.569999694824219,9.600847244262695
15-02-2018,11.430000305175781,11.539999961853027,52100,11.539999961853027,11.479999542236328,9.570002555847168
16-02-2018,11.40999984741211,11.510000228881836,94300,11.510000228881836,11.4399995803833,9.536661148071289
20-02-2018,11.34000015258789,11.449999809265137,60000,11.449999809265137,11.399999618530273,9.503314971923828
21-02-2018,11.319999694824219,11.390000343322754,69900,11.4399995803833,11.359999656677246,9.469968795776367
22-02-2018,11.25,11.380000114440918,38800,11.380000114440918,11.25,9.378273963928223
23-02-2018,11.229999542236328,11.229999542236328,45900,11.350000381469727,11.350000381469727,9.46163558959961
26-02-2018,11.34000015258789,11.380000114440918,46700,11.470000267028809,11.420000076293945,9.519989013671875
27-02-2018,11.350000381469727,11.479999542236328,68400,11.479999542236328,11.430000305175781,9.528324127197266
28-02-2018,11.359999656677246,11.390000343322754,77700,11.430000305175781,11.369999885559082,9.478307723999023
01-03-2018,11.300000190734863,11.34000015258789,93600,11.380000114440918,11.3100004196167,9.428291320800781
02-03-2018,11.300000190734863,11.3100004196167,31200,11.34000015258789,11.329999923706055,9.44495964050293
05-03-2018,11.25,11.319999694824219,36500,11.359999656677246,11.350000381469727,9.46163558959961
06-03-2018,11.319999694824219,11.319999694824219,22900,11.369999885559082,11.359999656677246,9.469968795776367
07-03-2018,11.289999961853027,11.350000381469727,57000,11.399999618530273,11.300000190734863,9.419954299926758
08-03-2018,11.279999732971191,11.300000190734863,70900,11.369999885559082,11.300000190734863,9.419954299926758
09-03-2018,11.270000457763672,11.300000190734863,56600,11.369999885559082,11.34000015258789,9.453296661376953
12-03-2018,11.300000190734863,11.3100004196167,67900,11.380000114440918,11.350000381469727,9.46163558959961
13-03-2018,11.25,11.300000190734863,43900,11.3100004196167,11.270000457763672,9.439018249511719
14-03-2018,11.260000228881836,11.260000228881836,40400,11.300000190734863,11.279999732971191,9.447396278381348
15-03-2018,11.180000305175781,11.279999732971191,54800,11.289999961853027,11.239999771118164,9.413898468017578
16-03-2018,11.180000305175781,11.180000305175781,71900,11.229999542236328,11.1899995803833,9.372014999389648
19-03-2018,11.140000343322754,11.15999984741211,48400,11.170000076293945,11.170000076293945,9.355266571044922
20-03-2018,11.119999885559082,11.149999618530273,36800,11.180000305175781,11.15999984741211,9.346893310546875
21-03-2018,11.149999618530273,11.170000076293945,54100,11.229999542236328,11.229999542236328,9.405517578125
22-03-2018,11.180000305175781,11.210000038146973,35700,11.239999771118164,11.1899995803833,9.372014999389648
23-03-2018,11.119999885559082,11.140000343322754,58000,11.180000305175781,11.119999885559082,9.313389778137207
26-03-2018,11.100000381469727,11.130000114440918,53200,11.149999618530273,11.140000343322754,9.330141067504883
27-03-2018,11.140000343322754,11.15999984741211,84500,11.220000267028809,11.220000267028809,9.397146224975586
28-03-2018,11.199999809265137,11.220000267028809,47800,11.25,11.220000267028809,9.397146224975586
29-03-2018,11.210000038146973,11.260000228881836,62900,11.289999961853027,11.25,9.422269821166992
02-04-2018,11.25,11.25,73900,11.300000190734863,11.279999732971191,9.447396278381348
03-04-2018,11.229999542236328,11.229999542236328,46800,11.270000457763672,11.25,9.422269821166992
04-04-2018,11.229999542236328,11.229999542236328,72500,11.3100004196167,11.300000190734863,9.464147567749023
05-04-2018,11.25,11.3100004196167,54400,11.3100004196167,11.300000190734863,9.464147567749023
06-04-2018,11.279999732971191,11.300000190734863,55200,11.34000015258789,11.329999923706055,9.48927116394043
09-04-2018,11.3100004196167,11.3100004196167,64600,11.369999885559082,11.359999656677246,9.514397621154785
10-04-2018,11.279999732971191,11.329999923706055,87200,11.359999656677246,11.319999694824219,9.48089599609375
11-04-2018,11.260000228881836,11.3100004196167,88900,11.329999923706055,11.319999694824219,9.48089599609375
12-04-2018,11.270000457763672,11.279999732971191,50500,11.319999694824219,11.319999694824219,9.48089599609375
13-04-2018,11.289999961853027,11.300000190734863,40800,11.319999694824219,11.319999694824219,9.48089599609375
16-04-2018,11.279999732971191,11.34000015258789,46900,11.34000015258789,11.300000190734863,9.464147567749023
17-04-2018,11.220000267028809,11.220000267028809,71400,11.300000190734863,11.279999732971191,9.491917610168457
18-04-2018,11.199999809265137,11.260000228881836,55100,11.279999732971191,11.229999542236328,9.449841499328613
19-04-2018,11.15999984741211,11.229999542236328,63400,11.229999542236328,11.229999542236328,9.449841499328613
20-04-2018,11.199999809265137,11.220000267028809,50900,11.239999771118164,11.239999771118164,9.458258628845215
23-04-2018,11.15999984741211,11.15999984741211,48300,11.220000267028809,11.1899995803833,9.416181564331055
24-04-2018,11.1899995803833,11.1899995803833,75700,11.25,11.25,9.46667194366455
25-04-2018,11.170000076293945,11.210000038146973,56300,11.229999542236328,11.170000076293945,9.399352073669434
26-04-2018,11.130000114440918,11.140000343322754,76000,11.1899995803833,11.1899995803833,9.416181564331055
27-04-2018,11.199999809265137,11.239999771118164,49400,11.239999771118164,11.199999809265137,9.424603462219238
30-04-2018,11.199999809265137,11.210000038146973,60000,11.25,11.25,9.46667194366455
01-05-2018,11.220000267028809,11.220000267028809,92300,11.289999961853027,11.289999961853027,9.50032901763916
02-05-2018,11.229999542236328,11.239999771118164,69900,11.3100004196167,11.289999961853027,9.50032901763916
03-05-2018,11.260000228881836,11.260000228881836,99300,11.399999618530273,11.399999618530273,9.592894554138184
04-05-2018,11.329999923706055,11.369999885559082,76300,11.40999984741211,11.350000381469727,9.550820350646973
07-05-2018,11.289999961853027,11.319999694824219,65600,11.350000381469727,11.289999961853027,9.50032901763916
08-05-2018,11.279999732971191,11.279999732971191,92300,11.359999656677246,11.319999694824219,9.52557373046875
09-05-2018,11.270000457763672,11.329999923706055,58700,11.329999923706055,11.289999961853027,9.50032901763916
10-05-2018,11.239999771118164,11.359999656677246,81700,11.369999885559082,11.369999885559082,9.56765079498291
11-05-2018,11.329999923706055,11.359999656677246,64600,11.420000076293945,11.359999656677246,9.559233665466309
14-05-2018,11.359999656677246,11.40999984741211,66100,11.449999809265137,11.399999618530273,9.592894554138184
15-05-2018,11.289999961853027,11.329999923706055,69400,11.329999923706055,11.3100004196167,9.56161117553711
16-05-2018,11.279999732971191,11.319999694824219,107500,11.359999656677246,11.3100004196167,9.56161117553711
17-05-2018,11.260000228881836,11.3100004196167,94400,11.329999923706055,11.3100004196167,9.56161117553711
18-05-2018,11.229999542236328,11.289999961853027,62300,11.300000190734863,11.279999732971191,9.53625202178955
21-05-2018,11.270000457763672,11.3100004196167,41800,11.319999694824219,11.319999694824219,9.57006549835205
22-05-2018,11.229999542236328,11.300000190734863,60000,11.369999885559082,11.369999885559082,9.612340927124023
23-05-2018,11.359999656677246,11.40999984741211,39700,11.40999984741211,11.369999885559082,9.612340927124023
24-05-2018,11.399999618530273,11.420000076293945,47000,11.470000267028809,11.470000267028809,9.696878433227539
25-05-2018,11.460000038146973,11.460000038146973,39400,11.5,11.479999542236328,9.705333709716797
29-05-2018,11.449999809265137,11.529999732971191,94500,11.529999732971191,11.460000038146973,9.688422203063965
30-05-2018,11.460000038146973,11.470000267028809,44500,11.510000228881836,11.5,9.722240447998047
31-05-2018,11.479999542236328,11.5600004196167,84300,11.5600004196167,11.539999961853027,9.756059646606445
01-06-2018,11.489999771118164,11.550000190734863,55300,11.569999694824219,11.569999694824219,9.781417846679688
04-06-2018,11.449999809265137,11.569999694824219,46100,11.569999694824219,11.449999809265137,9.679969787597656
05-06-2018,11.460000038146973,11.479999542236328,35700,11.520000457763672,11.520000457763672,9.739148139953613
06-06-2018,11.479999542236328,11.5,25300,11.520000457763672,11.5,9.722240447998047
07-06-2018,11.369999885559082,11.550000190734863,80500,11.5600004196167,11.4399995803833,9.671517372131348
08-06-2018,11.430000305175781,11.4399995803833,71000,11.550000190734863,11.479999542236328,9.705333709716797
11-06-2018,11.470000267028809,11.470000267028809,45100,11.539999961853027,11.510000228881836,9.730696678161621
12-06-2018,11.460000038146973,11.510000228881836,37500,11.510000228881836,11.510000228881836,9.730696678161621
13-06-2018,11.470000267028809,11.5,51200,11.5,11.489999771118164,9.713786125183105
14-06-2018,11.40999984741211,11.479999542236328,26400,11.479999542236328,11.449999809265137,9.724827766418457
15-06-2018,11.350000381469727,11.380000114440918,59200,11.420000076293945,11.369999885559082,9.65688419342041
18-06-2018,11.319999694824219,11.369999885559082,76000,11.40999984741211,11.369999885559082,9.65688419342041
19-06-2018,11.350000381469727,11.40999984741211,80000,11.430000305175781,11.420000076293945,9.699348449707031
20-06-2018,11.319999694824219,11.399999618530273,67700,11.399999618530273,11.34000015258789,9.631402015686035
21-06-2018,11.34000015258789,11.369999885559082,79000,11.380000114440918,11.369999885559082,9.65688419342041
22-06-2018,11.359999656677246,11.390000343322754,67100,11.449999809265137,11.430000305175781,9.707842826843262
25-06-2018,11.399999618530273,11.430000305175781,29900,11.449999809265137,11.399999618530273,9.68236255645752
26-06-2018,11.369999885559082,11.369999885559082,18200,11.420000076293945,11.420000076293945,9.699348449707031
27-06-2018,11.420000076293945,11.479999542236328,50800,11.479999542236328,11.470000267028809,9.741814613342285
28-06-2018,11.399999618530273,11.479999542236328,106800,11.489999771118164,11.420000076293945,9.699348449707031
29-06-2018,11.420000076293945,11.449999809265137,65100,11.489999771118164,11.420000076293945,9.699348449707031
02-07-2018,11.470000267028809,11.5,133800,11.59000015258789,11.489999771118164,9.758800506591797
03-07-2018,11.520000457763672,11.539999961853027,98000,11.619999885559082,11.5600004196167,9.818255424499512
05-07-2018,11.479999542236328,11.539999961853027,46600,11.569999694824219,11.479999542236328,9.750309944152832
06-07-2018,11.449999809265137,11.550000190734863,121400,11.619999885559082,11.619999885559082,9.869214057922363
09-07-2018,11.520000457763672,11.619999885559082,60400,11.649999618530273,11.520000457763672,9.784281730651855
10-07-2018,11.4399995803833,11.529999732971191,81800,11.569999694824219,11.479999542236328,9.750309944152832
11-07-2018,11.359999656677246,11.479999542236328,105400,11.479999542236328,11.430000305175781,9.707842826843262
12-07-2018,11.399999618530273,11.460000038146973,67900,11.489999771118164,11.489999771118164,9.758800506591797
13-07-2018,11.460000038146973,11.5,103200,11.550000190734863,11.520000457763672,9.784281730651855
16-07-2018,11.449999809265137,11.449999809265137,83000,11.510000228881836,11.489999771118164,9.803905487060547
17-07-2018,11.5,11.520000457763672,114300,11.5600004196167,11.510000228881836,9.820972442626953
18-07-2018,11.479999542236328,11.520000457763672,68500,11.569999694824219,11.5,9.812439918518066
19-07-2018,11.420000076293945,11.479999542236328,61900,11.489999771118164,11.430000305175781,9.752710342407227
20-07-2018,11.4399995803833,11.479999542236328,42000,11.479999542236328,11.460000038146973,9.77830696105957
23-07-2018,11.449999809265137,11.460000038146973,67100,11.510000228881836,11.479999542236328,9.795373916625977
24-07-2018,11.449999809265137,11.520000457763672,55500,11.520000457763672,11.5,9.812439918518066
25-07-2018,11.4399995803833,11.539999961853027,48900,11.539999961853027,11.489999771118164,9.803905487060547
26-07-2018,11.40999984741211,11.5,84900,11.5,11.4399995803833,9.76124382019043
27-07-2018,11.420000076293945,11.489999771118164,59400,11.5,11.4399995803833,9.76124382019043
30-07-2018,11.40999984741211,11.460000038146973,68200,11.460000038146973,11.430000305175781,9.752710342407227
31-07-2018,11.4399995803833,11.479999542236328,100300,11.619999885559082,11.59000015258789,9.889232635498047
01-08-2018,11.539999961853027,11.579999923706055,149500,11.609999656677246,11.59000015258789,9.889232635498047
02-08-2018,11.550000190734863,11.5600004196167,68000,11.630000114440918,11.619999885559082,9.914831161499023
03-08-2018,11.4399995803833,11.649999618530273,151400,11.649999618530273,11.470000267028809,9.786840438842773
06-08-2018,11.460000038146973,11.489999771118164,88700,11.539999961853027,11.489999771118164,9.803905487060547
07-08-2018,11.449999809265137,11.529999732971191,33800,11.529999732971191,11.479999542236328,9.795373916625977
08-08-2018,11.420000076293945,11.470000267028809,124600,11.470000267028809,11.430000305175781,9.752710342407227
09-08-2018,11.40999984741211,11.510000228881836,59100,11.510000228881836,11.430000305175781,9.752710342407227
10-08-2018,11.430000305175781,11.479999542236328,55300,11.520000457763672,11.520000457763672,9.829504013061523
13-08-2018,11.510000228881836,11.510000228881836,44600,11.640000343322754,11.609999656677246,9.906296730041504
14-08-2018,11.59000015258789,11.609999656677246,101200,11.640000343322754,11.640000343322754,9.931894302368164
15-08-2018,11.609999656677246,11.640000343322754,70500,11.640000343322754,11.640000343322754,9.931894302368164
16-08-2018,11.489999771118164,11.600000381469727,94500,11.619999885559082,11.5600004196167,9.908751487731934
17-08-2018,11.520000457763672,11.550000190734863,44900,11.5600004196167,11.539999961853027,9.891611099243164
20-08-2018,11.520000457763672,11.520000457763672,51200,11.600000381469727,11.569999694824219,9.91732406616211
21-08-2018,11.539999961853027,11.569999694824219,52500,11.609999656677246,11.5600004196167,9.908751487731934
22-08-2018,11.59000015258789,11.640000343322754,76300,11.649999618530273,11.600000381469727,9.943036079406738
23-08-2018,11.550000190734863,11.649999618530273,48400,11.649999618530273,11.5600004196167,9.908751487731934
24-08-2018,11.579999923706055,11.65999984741211,89700,11.65999984741211,11.600000381469727,9.943036079406738
27-08-2018,11.5600004196167,11.619999885559082,57200,11.619999885559082,11.579999923706055,9.92589282989502
28-08-2018,11.539999961853027,11.5600004196167,53400,11.5600004196167,11.539999961853027,9.891611099243164
29-08-2018,11.550000190734863,11.550000190734863,77400,11.59000015258789,11.5600004196167,9.908751487731934
30-08-2018,11.510000228881836,11.600000381469727,119500,11.600000381469727,11.550000190734863,9.900179862976074
31-08-2018,11.529999732971191,11.59000015258789,79400,11.609999656677246,11.539999961853027,9.891611099243164
04-09-2018,11.539999961853027,11.569999694824219,52900,11.609999656677246,11.609999656677246,9.951607704162598
05-09-2018,11.579999923706055,11.579999923706055,64700,11.630000114440918,11.630000114440918,9.968754768371582
06-09-2018,11.5600004196167,11.630000114440918,85000,11.630000114440918,11.630000114440918,9.968754768371582
07-09-2018,11.59000015258789,11.619999885559082,53300,11.630000114440918,11.619999885559082,9.96018123626709
10-09-2018,11.630000114440918,11.640000343322754,104200,11.779999732971191,11.699999809265137,10.028753280639648
11-09-2018,11.670000076293945,11.699999809265137,22100,11.699999809265137,11.6899995803833,10.020182609558105
12-09-2018,11.619999885559082,11.670000076293945,60800,11.6899995803833,11.680000305175781,10.011609077453613
13-09-2018,11.550000190734863,11.6899995803833,121700,11.699999809265137,11.579999923706055,9.92589282989502
14-09-2018,11.520000457763672,11.619999885559082,115300,11.699999809265137,11.539999961853027,9.891611099243164
17-09-2018,11.380000114440918,11.539999961853027,144400,11.539999961853027,11.380000114440918,9.799470901489258
18-09-2018,11.369999885559082,11.430000305175781,100700,11.479999542236328,11.479999542236328,9.885581016540527
19-09-2018,11.399999618530273,11.5,101200,11.510000228881836,11.460000038146973,9.86835765838623
20-09-2018,11.399999618530273,11.529999732971191,72400,11.529999732971191,11.449999809265137,9.859745979309082
21-09-2018,11.329999923706055,11.420000076293945,131800,11.430000305175781,11.329999923706055,9.7564115524292
24-09-2018,11.199999809265137,11.329999923706055,69500,11.380000114440918,11.199999809265137,9.644468307495117
25-09-2018,11.149999618530273,11.210000038146973,113900,11.289999961853027,11.149999618530273,9.601410865783691
26-09-2018,11.130000114440918,11.149999618530273,146000,11.1899995803833,11.1899995803833,9.635857582092285
27-09-2018,11.119999885559082,11.1899995803833,135300,11.1899995803833,11.119999885559082,9.575580596923828
28-09-2018,11.09000015258789,11.199999809265137,98100,11.210000038146973,11.119999885559082,9.575580596923828
01-10-2018,11.109999656677246,11.119999885559082,109000,11.15999984741211,11.15999984741211,9.610024452209473
02-10-2018,11.15999984741211,11.15999984741211,47000,11.229999542236328,11.199999809265137,9.644468307495117
03-10-2018,11.109999656677246,11.220000267028809,51300,11.220000267028809,11.130000114440918,9.584190368652344
04-10-2018,10.970000267028809,11.119999885559082,131200,11.119999885559082,11.050000190734863,9.515303611755371
05-10-2018,10.970000267028809,11.029999732971191,44400,11.050000190734863,10.970000267028809,9.446413040161133
08-10-2018,10.8100004196167,11.0,103200,11.0,10.859999656677246,9.351692199707031
09-10-2018,10.90999984741211,10.989999771118164,72500,10.989999771118164,10.960000038146973,9.437803268432617
10-10-2018,10.779999732971191,10.9399995803833,94400,10.9399995803833,10.779999732971191,9.282800674438477
11-10-2018,10.649999618530273,10.720000267028809,182400,10.739999771118164,10.6899995803833,9.205300331115723
12-10-2018,10.699999809265137,10.699999809265137,68300,10.760000228881836,10.729999542236328,9.239742279052734
15-10-2018,10.6899995803833,10.6899995803833,137700,10.869999885559082,10.84000015258789,9.33446979522705
16-10-2018,10.760000228881836,10.880000114440918,81300,10.880000114440918,10.789999961853027,9.337060928344727
17-10-2018,10.710000038146973,10.770000457763672,66300,10.770000457763672,10.739999771118164,9.293795585632324
18-10-2018,10.649999618530273,10.739999771118164,113600,10.739999771118164,10.729999542236328,9.285143852233887
19-10-2018,10.670000076293945,10.720000267028809,91600,10.75,10.699999809265137,9.259182929992676
22-10-2018,10.65999984741211,10.699999809265137,86100,10.720000267028809,10.720000267028809,9.276490211486816
23-10-2018,10.65999984741211,10.680000305175781,93300,10.819999694824219,10.770000457763672,9.319759368896484
24-10-2018,10.760000228881836,10.760000228881836,90400,10.890000343322754,10.850000381469727,9.38898754119873
25-10-2018,10.729999542236328,10.800000190734863,231700,10.970000267028809,10.970000267028809,9.492825508117676
26-10-2018,10.84000015258789,10.960000038146973,71100,11.079999923706055,10.869999885559082,9.406291007995605
29-10-2018,10.75,10.869999885559082,52400,10.890000343322754,10.760000228881836,9.311102867126465
30-10-2018,10.699999809265137,10.760000228881836,71500,10.800000190734863,10.800000190734863,9.345717430114746
31-10-2018,10.770000457763672,10.819999694824219,77100,10.859999656677246,10.779999732971191,9.328411102294922
01-11-2018,10.760000228881836,10.800000190734863,116900,10.899999618530273,10.850000381469727,9.38898754119873
02-11-2018,10.729999542236328,10.890000343322754,75800,10.899999618530273,10.770000457763672,9.319759368896484
05-11-2018,10.760000228881836,10.770000457763672,47500,10.850000381469727,10.789999961853027,9.337060928344727
06-11-2018,10.8100004196167,10.8100004196167,49500,10.970000267028809,10.880000114440918,9.414945602416992
07-11-2018,10.880000114440918,10.960000038146973,38300,10.979999542236328,10.920000076293945,9.449559211730957
08-11-2018,10.850000381469727,10.899999618530273,75800,10.970000267028809,10.890000343322754,9.423600196838379
09-11-2018,10.90999984741211,10.9399995803833,81000,10.989999771118164,10.949999809265137,9.475517272949219
12-11-2018,10.920000076293945,10.930000305175781,107100,11.020000457763672,11.020000457763672,9.536087989807129
13-11-2018,10.970000267028809,11.020000457763672,81000,11.029999732971191,11.029999732971191,9.544745445251465
14-11-2018,11.020000457763672,11.050000190734863,41400,11.130000114440918,11.100000381469727,9.605321884155273
15-11-2018,10.899999618530273,11.020000457763672,142200,11.039999961853027,10.90999984741211,9.486198425292969
16-11-2018,10.869999885559082,10.960000038146973,87900,10.960000038146973,10.930000305175781,9.503593444824219
19-11-2018,10.760000228881836,10.9399995803833,117900,10.9399995803833,10.84000015258789,9.425335884094238
20-11-2018,10.739999771118164,10.8100004196167,65000,10.850000381469727,10.800000190734863,9.39055347442627
21-11-2018,10.65999984741211,10.800000190734863,118000,10.829999923706055,10.680000305175781,9.286215782165527
23-11-2018,10.680000305175781,10.680000305175781,28100,10.739999771118164,10.680000305175781,9.286215782165527
26-11-2018,10.720000267028809,10.770000457763672,72100,10.789999961853027,10.779999732971191,9.373165130615234
27-11-2018,10.739999771118164,10.770000457763672,41000,10.850000381469727,10.829999923706055,9.41663932800293
28-11-2018,10.829999923706055,10.829999923706055,50100,10.890000343322754,10.850000381469727,9.434033393859863
29-11-2018,10.850000381469727,10.850000381469727,73600,10.9399995803833,10.899999618530273,9.477505683898926
30-11-2018,10.869999885559082,10.949999809265137,66100,10.949999809265137,10.930000305175781,9.503593444824219
03-12-2018,10.880000114440918,10.9399995803833,112100,10.989999771118164,10.960000038146973,9.529674530029297
04-12-2018,10.949999809265137,10.949999809265137,171600,11.069999694824219,11.069999694824219,9.625319480895996
06-12-2018,11.020000457763672,11.069999694824219,126100,11.09000015258789,11.069999694824219,9.625319480895996
07-12-2018,11.010000228881836,11.029999732971191,50800,11.079999923706055,11.069999694824219,9.625319480895996
10-12-2018,10.989999771118164,11.109999656677246,150700,11.1899995803833,11.15999984741211,9.703574180603027
11-12-2018,11.109999656677246,11.220000267028809,89700,11.220000267028809,11.170000076293945,9.71226692199707
12-12-2018,10.949999809265137,11.140000343322754,138900,11.149999618530273,10.960000038146973,9.575105667114258
13-12-2018,10.869999885559082,10.960000038146973,110700,10.989999771118164,10.869999885559082,9.496478080749512
14-12-2018,10.829999923706055,10.899999618530273,119000,10.899999618530273,10.890000343322754,9.513952255249023
17-12-2018,10.800000190734863,10.890000343322754,107300,11.0,10.84000015258789,9.470271110534668
18-12-2018,10.760000228881836,10.869999885559082,113400,10.920000076293945,10.920000076293945,9.540160179138184
19-12-2018,10.800000190734863,10.90999984741211,138600,10.920000076293945,10.819999694824219,9.452796936035156
20-12-2018,10.609999656677246,10.859999656677246,154300,10.869999885559082,10.670000076293945,9.321748733520508
21-12-2018,10.670000076293945,10.680000305175781,183000,10.739999771118164,10.710000038146973,9.356695175170898
24-12-2018,10.649999618530273,10.649999618530273,110800,10.789999961853027,10.729999542236328,9.37416934967041
26-12-2018,10.710000038146973,10.720000267028809,122400,10.789999961853027,10.729999542236328,9.37416934967041
27-12-2018,10.729999542236328,10.729999542236328,143700,10.869999885559082,10.800000190734863,9.435323715209961
28-12-2018,10.75,10.84000015258789,185900,10.920000076293945,10.850000381469727,9.47900676727295
31-12-2018,10.819999694824219,10.819999694824219,125000,10.960000038146973,10.960000038146973,9.575105667114258
02-01-2019,10.970000267028809,10.979999542236328,122500,11.1899995803833,11.149999618530273,9.74109935760498
03-01-2019,11.140000343322754,11.1899995803833,137200,11.25,11.229999542236328,9.810990333557129
04-01-2019,11.079999923706055,11.319999694824219,99100,11.34000015258789,11.210000038146973,9.793516159057617
07-01-2019,11.1899995803833,11.289999961853027,90000,11.350000381469727,11.220000267028809,9.802251815795898
08-01-2019,11.229999542236328,11.350000381469727,129000,11.399999618530273,11.270000457763672,9.845934867858887
09-01-2019,11.220000267028809,11.289999961853027,79500,11.300000190734863,11.25,9.82846450805664
10-01-2019,11.239999771118164,11.34000015258789,97600,11.420000076293945,11.25,9.82846450805664
11-01-2019,11.239999771118164,11.350000381469727,124000,11.390000343322754,11.279999732971191,9.854669570922852
14-01-2019,11.279999732971191,11.300000190734863,23800,11.319999694824219,11.319999694824219,9.889617919921875
15-01-2019,11.279999732971191,11.319999694824219,60400,11.319999694824219,11.289999961853027,9.8634033203125
16-01-2019,11.279999732971191,11.300000190734863,64100,11.300000190734863,11.289999961853027,9.8634033203125
17-01-2019,11.229999542236328,11.300000190734863,93300,11.350000381469727,11.279999732971191,9.90114974975586
18-01-2019,11.210000038146973,11.279999732971191,58300,11.279999732971191,11.270000457763672,9.892374038696289
22-01-2019,11.239999771118164,11.289999961853027,77800,11.470000267028809,11.270000457763672,9.892374038696289
23-01-2019,11.319999694824219,11.319999694824219,48500,11.430000305175781,11.430000305175781,10.032816886901855
24-01-2019,11.399999618530273,11.4399995803833,82700,11.489999771118164,11.489999771118164,10.085482597351074
25-01-2019,11.40999984741211,11.479999542236328,121800,11.5,11.420000076293945,10.02403736114502
28-01-2019,11.369999885559082,11.390000343322754,48500,11.430000305175781,11.380000114440918,9.988929748535156
29-01-2019,11.359999656677246,11.4399995803833,93300,11.449999809265137,11.420000076293945,10.02403736114502
30-01-2019,11.350000381469727,11.449999809265137,99300,11.470000267028809,11.380000114440918,9.988929748535156
31-01-2019,11.380000114440918,11.430000305175781,53700,11.4399995803833,11.430000305175781,10.032816886901855
01-02-2019,11.34000015258789,11.470000267028809,136800,11.470000267028809,11.369999885559082,9.98015022277832
04-02-2019,11.369999885559082,11.399999618530273,111100,11.460000038146973,11.460000038146973,10.059147834777832
05-02-2019,11.399999618530273,11.449999809265137,63300,11.470000267028809,11.420000076293945,10.02403736114502
06-02-2019,11.15999984741211,11.350000381469727,232400,11.369999885559082,11.229999542236328,9.857264518737793
07-02-2019,11.069999694824219,11.270000457763672,246700,11.270000457763672,11.170000076293945,9.804598808288574
08-02-2019,11.15999984741211,11.15999984741211,92500,11.270000457763672,11.260000228881836,9.883598327636719
11-02-2019,11.239999771118164,11.279999732971191,183200,11.300000190734863,11.270000457763672,9.892374038696289
12-02-2019,11.210000038146973,11.289999961853027,127400,11.329999923706055,11.25,9.8748197555542
13-02-2019,11.229999542236328,11.260000228881836,85600,11.289999961853027,11.279999732971191,9.90114974975586
14-02-2019,11.279999732971191,11.300000190734863,129700,11.380000114440918,11.350000381469727,9.96259593963623
15-02-2019,11.359999656677246,11.399999618530273,95000,11.430000305175781,11.420000076293945,10.02403736114502
19-02-2019,11.3100004196167,11.430000305175781,109400,11.430000305175781,11.399999618530273,10.053138732910156
20-02-2019,11.369999885559082,11.430000305175781,50000,11.430000305175781,11.399999618530273,10.053138732910156
21-02-2019,11.350000381469727,11.420000076293945,65500,11.420000076293945,11.359999656677246,10.017866134643555
22-02-2019,11.359999656677246,11.4399995803833,124600,11.479999542236328,11.399999618530273,10.053138732910156
25-02-2019,11.350000381469727,11.4399995803833,56700,11.4399995803833,11.369999885559082,10.02668571472168
26-02-2019,11.380000114440918,11.40999984741211,60400,11.430000305175781,11.390000343322754,10.04432201385498
27-02-2019,11.390000343322754,11.430000305175781,54900,11.430000305175781,11.420000076293945,10.07077693939209
28-02-2019,11.430000305175781,11.4399995803833,120800,11.5,11.470000267028809,10.1148681640625
01-03-2019,11.449999809265137,11.489999771118164,64500,11.520000457763672,11.520000457763672,10.158966064453125
04-03-2019,11.479999542236328,11.520000457763672,65500,11.569999694824219,11.489999771118164,10.13250732421875
05-03-2019,11.460000038146973,11.489999771118164,134100,11.539999961853027,11.510000228881836,10.150144577026367
06-03-2019,11.520000457763672,11.609999656677246,141300,11.699999809265137,11.680000305175781,10.300060272216797
07-03-2019,11.640000343322754,11.640000343322754,103000,11.880000114440918,11.819999694824219,10.4235200881958
08-03-2019,11.800000190734863,11.819999694824219,84500,11.899999618530273,11.869999885559082,10.467612266540527
11-03-2019,11.699999809265137,11.850000381469727,62500,11.869999885559082,11.710000038146973,10.326516151428223
12-03-2019,11.640000343322754,11.720000267028809,264200,11.75,11.65999984741211,10.282422065734863
13-03-2019,11.649999618530273,11.75,50200,11.75,11.65999984741211,10.282422065734863
14-03-2019,11.619999885559082,11.720000267028809,85300,11.720000267028809,11.630000114440918,10.25596809387207
15-03-2019,11.630000114440918,11.710000038146973,92800,11.710000038146973,11.65999984741211,10.282422065734863
18-03-2019,11.59000015258789,11.680000305175781,44900,11.6899995803833,11.649999618530273,10.320514678955078
19-03-2019,11.609999656677246,11.619999885559082,65300,11.65999984741211,11.65999984741211,10.329373359680176
20-03-2019,11.630000114440918,11.670000076293945,148300,11.699999809265137,11.649999618530273,10.320514678955078
21-03-2019,11.65999984741211,11.6899995803833,63600,11.710000038146973,11.699999809265137,10.364809036254883
22-03-2019,11.6899995803833,11.729999542236328,83100,11.770000457763672,11.770000457763672,10.426822662353516
25-03-2019,11.729999542236328,11.770000457763672,65900,11.829999923706055,11.829999923706055,10.479971885681152
26-03-2019,11.770000457763672,11.84000015258789,76600,11.869999885559082,11.8100004196167,10.462255477905273
27-03-2019,11.779999732971191,11.8100004196167,49500,11.859999656677246,11.789999961853027,10.444537162780762
28-03-2019,11.829999923706055,11.850000381469727,61800,11.90999984741211,11.899999618530273,10.541983604431152
29-03-2019,11.880000114440918,11.960000038146973,44500,11.960000038146973,11.9399995803833,10.577420234680176
01-04-2019,11.930000305175781,12.020000457763672,83600,12.020000457763672,11.970000267028809,10.60400104522705
02-04-2019,11.930000305175781,12.029999732971191,78000,12.029999732971191,11.930000305175781,10.568562507629395
03-04-2019,11.869999885559082,11.960000038146973,34800,11.960000038146973,11.880000114440918,10.52426815032959
04-04-2019,11.869999885559082,11.869999885559082,32200,11.90999984741211,11.899999618530273,10.541983604431152
05-04-2019,11.869999885559082,11.9399995803833,74300,11.9399995803833,11.899999618530273,10.541983604431152
08-04-2019,11.890000343322754,11.930000305175781,85000,11.930000305175781,11.930000305175781,10.568562507629395
09-04-2019,11.920000076293945,11.930000305175781,89900,12.0,11.949999809265137,10.586278915405273
10-04-2019,11.930000305175781,11.960000038146973,71400,12.0,11.9399995803833,10.577420234680176
11-04-2019,11.90999984741211,11.920000076293945,202800,12.010000228881836,11.930000305175781,10.568562507629395
12-04-2019,11.90999984741211,11.9399995803833,43100,11.989999771118164,11.989999771118164,10.621713638305664
15-04-2019,11.989999771118164,11.989999771118164,109800,12.069999694824219,12.050000190734863,10.67486572265625
16-04-2019,11.869999885559082,12.0,84200,12.0,11.899999618530273,10.588555335998535
17-04-2019,11.869999885559082,11.9399995803833,40300,11.949999809265137,11.899999618530273,10.588555335998535
18-04-2019,11.84000015258789,11.899999618530273,56600,11.920000076293945,11.84000015258789,10.535172462463379
22-04-2019,11.800000190734863,11.84000015258789,40600,11.869999885559082,11.8100004196167,10.508475303649902
23-04-2019,11.829999923706055,11.850000381469727,52400,11.859999656677246,11.84000015258789,10.535172462463379
24-04-2019,11.869999885559082,11.90999984741211,44000,11.979999542236328,11.899999618530273,10.588555335998535
25-04-2019,11.739999771118164,11.880000114440918,128200,11.949999809265137,11.75,10.45508861541748
26-04-2019,11.819999694824219,11.850000381469727,72500,11.869999885559082,11.859999656677246,10.552967071533203
29-04-2019,11.819999694824219,11.920000076293945,62600,11.920000076293945,11.90999984741211,10.597455978393555
30-04-2019,11.869999885559082,11.9399995803833,61800,11.9399995803833,11.90999984741211,10.597455978393555
01-05-2019,11.930000305175781,11.949999809265137,49000,11.979999542236328,11.960000038146973,10.641944885253906
02-05-2019,11.899999618530273,12.020000457763672,68300,12.020000457763672,11.960000038146973,10.641944885253906
03-05-2019,11.920000076293945,12.020000457763672,46200,12.020000457763672,12.0,10.677535057067871
06-05-2019,11.989999771118164,11.989999771118164,52400,12.039999961853027,12.039999961853027,10.713128089904785
07-05-2019,12.029999732971191,12.029999732971191,113200,12.079999923706055,12.050000190734863,10.722026824951172
08-05-2019,12.0600004196167,12.079999923706055,50100,12.140000343322754,12.109999656677246,10.775413513183594
09-05-2019,12.079999923706055,12.079999923706055,42100,12.140000343322754,12.109999656677246,10.775413513183594
10-05-2019,12.100000381469727,12.100000381469727,37600,12.130000114440918,12.130000114440918,10.793210983276367
13-05-2019,12.140000343322754,12.140000343322754,41700,12.170000076293945,12.15999984741211,10.819903373718262
14-05-2019,12.100000381469727,12.149999618530273,94200,12.220000267028809,12.140000343322754,10.802108764648438
15-05-2019,12.0600004196167,12.130000114440918,42100,12.170000076293945,12.100000381469727,10.813722610473633
16-05-2019,12.029999732971191,12.15999984741211,52100,12.15999984741211,12.050000190734863,10.769042015075684
17-05-2019,11.970000267028809,12.050000190734863,50000,12.050000190734863,12.0,10.724355697631836
20-05-2019,11.949999809265137,12.010000228881836,101900,12.039999961853027,11.960000038146973,10.688608169555664
21-05-2019,11.930000305175781,11.979999542236328,70800,12.029999732971191,11.979999542236328,10.706483840942383
22-05-2019,11.949999809265137,11.949999809265137,35400,12.010000228881836,11.960000038146973,10.688608169555664
23-05-2019,11.920000076293945,12.0,65300,12.0,11.930000305175781,10.661797523498535
24-05-2019,11.930000305175781,11.960000038146973,69000,11.979999542236328,11.960000038146973,10.688608169555664
28-05-2019,11.970000267028809,11.970000267028809,40800,12.029999732971191,12.029999732971191,10.751167297363281
29-05-2019,12.010000228881836,12.010000228881836,36300,12.09000015258789,12.079999923706055,10.79585075378418
30-05-2019,11.979999542236328,12.079999923706055,148100,12.149999618530273,11.979999542236328,10.706483840942383
31-05-2019,12.010000228881836,12.010000228881836,46000,12.09000015258789,12.09000015258789,10.804790496826172
03-06-2019,12.069999694824219,12.079999923706055,54800,12.199999809265137,12.109999656677246,10.822665214538574
04-06-2019,12.109999656677246,12.180000305175781,41900,12.220000267028809,12.130000114440918,10.840538024902344
05-06-2019,12.020000457763672,12.119999885559082,76100,12.15999984741211,12.020000457763672,10.742231369018555
06-06-2019,12.0,12.039999961853027,76300,12.109999656677246,12.09000015258789,10.804790496826172
07-06-2019,12.119999885559082,12.149999618530273,129800,12.329999923706055,12.3100004196167,11.00140380859375
10-06-2019,12.220000267028809,12.3100004196167,45600,12.3100004196167,12.270000457763672,10.965654373168945
11-06-2019,12.220000267028809,12.300000190734863,57400,12.329999923706055,12.289999961853027,10.983528137207031
12-06-2019,12.229999542236328,12.329999923706055,52500,12.329999923706055,12.300000190734863,10.99246597290039
13-06-2019,12.300000190734863,12.34000015258789,58100,12.380000114440918,12.329999923706055,11.019278526306152
14-06-2019,12.1899995803833,12.380000114440918,56000,12.390000343322754,12.350000381469727,11.037152290344238
17-06-2019,12.199999809265137,12.289999961853027,41400,12.289999961853027,12.199999809265137,10.950089454650879
18-06-2019,12.100000381469727,12.199999809265137,86500,12.25,12.109999656677246,10.869308471679688
19-06-2019,12.029999732971191,12.130000114440918,93600,12.15999984741211,12.119999885559082,10.878283500671387
20-06-2019,12.119999885559082,12.119999885559082,50400,12.180000305175781,12.140000343322754,10.896234512329102
21-06-2019,12.149999618530273,12.180000305175781,136200,12.300000190734863,12.279999732971191,11.021890640258789
24-06-2019,12.229999542236328,12.329999923706055,40300,12.329999923706055,12.270000457763672,11.012914657592773
25-06-2019,12.1899995803833,12.210000038146973,27000,12.260000228881836,12.199999809265137,10.950089454650879
26-06-2019,12.1899995803833,12.25,31400,12.270000457763672,12.199999809265137,10.950089454650879
27-06-2019,12.15999984741211,12.239999771118164,35900,12.279999732971191,12.199999809265137,10.950089454650879
28-06-2019,12.180000305175781,12.199999809265137,41700,12.199999809265137,12.199999809265137,10.950089454650879
01-07-2019,12.199999809265137,12.239999771118164,119300,12.3100004196167,12.3100004196167,11.048818588256836
02-07-2019,12.350000381469727,12.350000381469727,126800,12.460000038146973,12.380000114440918,11.11164665222168
03-07-2019,12.380000114440918,12.380000114440918,28100,12.449999809265137,12.40999984741211,11.138572692871094
05-07-2019,12.350000381469727,12.350000381469727,36200,12.430000305175781,12.399999618530273,11.129599571228027
08-07-2019,12.3100004196167,12.369999885559082,76600,12.420000076293945,12.40999984741211,11.138572692871094
09-07-2019,12.40999984741211,12.430000305175781,51300,12.510000228881836,12.510000228881836,11.228328704833984
10-07-2019,12.390000343322754,12.479999542236328,113900,12.510000228881836,12.430000305175781,11.156525611877441
11-07-2019,12.300000190734863,12.430000305175781,167400,12.630000114440918,12.479999542236328,11.201400756835938
12-07-2019,12.4399995803833,12.449999809265137,95400,12.680000305175781,12.520000457763672,11.2373046875
15-07-2019,12.430000305175781,12.449999809265137,52800,12.510000228881836,12.449999809265137,11.221978187561035
16-07-2019,12.420000076293945,12.420000076293945,50400,12.470000267028809,12.420000076293945,11.194941520690918
17-07-2019,12.350000381469727,12.40999984741211,46700,12.4399995803833,12.359999656677246,11.14085865020752
18-07-2019,12.350000381469727,12.390000343322754,38100,12.399999618530273,12.369999885559082,11.149871826171875
19-07-2019,12.3100004196167,12.369999885559082,29100,12.380000114440918,12.319999694824219,11.104804039001465
22-07-2019,12.350000381469727,12.369999885559082,60400,12.399999618530273,12.380000114440918,11.15888500213623
23-07-2019,12.350000381469727,12.350000381469727,46500,12.40999984741211,12.380000114440918,11.15888500213623
24-07-2019,12.399999618530273,12.399999618530273,49700,12.479999542236328,12.40999984741211,11.18592643737793
25-07-2019,12.399999618530273,12.399999618530273,58700,12.489999771118164,12.479999542236328,11.24902057647705
26-07-2019,12.510000228881836,12.510000228881836,40300,12.680000305175781,12.649999618530273,11.402252197265625
29-07-2019,12.59000015258789,12.670000076293945,61400,12.670000076293945,12.640000343322754,11.393238067626953
30-07-2019,12.579999923706055,12.640000343322754,98000,12.699999809265137,12.699999809265137,11.447320938110352
31-07-2019,12.649999618530273,12.699999809265137,59600,12.699999809265137,12.680000305175781,11.429295539855957
01-08-2019,12.609999656677246,12.699999809265137,84800,12.720000267028809,12.649999618530273,11.402252197265625
02-08-2019,12.619999885559082,12.699999809265137,53200,12.710000038146973,12.6899995803833,11.43830680847168
05-08-2019,12.699999809265137,12.720000267028809,59700,12.760000228881836,12.739999771118164,11.483376502990723
06-08-2019,12.710000038146973,12.75,50000,12.779999732971191,12.729999542236328,11.474360466003418
07-08-2019,12.710000038146973,12.729999542236328,128400,12.779999732971191,12.710000038146973,11.456335067749023
08-08-2019,12.649999618530273,12.710000038146973,55000,12.720000267028809,12.6899995803833,11.43830680847168
09-08-2019,12.59000015258789,12.65999984741211,84600,12.680000305175781,12.59000015258789,11.348172187805176
12-08-2019,12.550000190734863,12.619999885559082,46800,12.699999809265137,12.609999656677246,11.36619758605957
13-08-2019,12.569999694824219,12.569999694824219,92200,12.65999984741211,12.630000114440918,11.384225845336914
14-08-2019,12.630000114440918,12.670000076293945,110300,12.6899995803833,12.640000343322754,11.393238067626953
15-08-2019,12.600000381469727,12.609999656677246,61900,12.680000305175781,12.630000114440918,11.384225845336914
16-08-2019,12.600000381469727,12.600000381469727,103600,12.670000076293945,12.609999656677246,11.36619758605957
19-08-2019,12.5,12.550000190734863,61600,12.680000305175781,12.550000190734863,11.355342864990234
20-08-2019,12.520000457763672,12.550000190734863,45600,12.59000015258789,12.520000457763672,11.328197479248047
21-08-2019,12.4399995803833,12.529999732971191,59300,12.529999732971191,12.4399995803833,11.255812644958496
22-08-2019,12.390000343322754,12.420000076293945,48900,12.510000228881836,12.399999618530273,11.219622611999512
23-08-2019,12.369999885559082,12.420000076293945,74300,12.449999809265137,12.399999618530273,11.219622611999512
26-08-2019,12.420000076293945,12.420000076293945,41600,12.460000038146973,12.460000038146973,11.273910522460938
27-08-2019,12.5,12.5,53500,12.539999961853027,12.529999732971191,11.337244033813477
28-08-2019,12.529999732971191,12.550000190734863,43100,12.59000015258789,12.5600004196167,11.364391326904297
29-08-2019,12.550000190734863,12.579999923706055,30500,12.59000015258789,12.59000015258789,11.391533851623535
30-08-2019,12.529999732971191,12.600000381469727,56400,12.600000381469727,12.529999732971191,11.337244033813477
03-09-2019,12.529999732971191,12.529999732971191,30400,12.579999923706055,12.550000190734863,11.355342864990234
04-09-2019,12.529999732971191,12.529999732971191,322500,12.760000228881836,12.720000267028809,11.509160995483398
05-09-2019,12.5600004196167,12.710000038146973,50600,12.739999771118164,12.5600004196167,11.364391326904297
06-09-2019,12.539999961853027,12.5600004196167,19700,12.59000015258789,12.550000190734863,11.355342864990234
09-09-2019,12.460000038146973,12.539999961853027,27700,12.569999694824219,12.520000457763672,11.328197479248047
10-09-2019,12.460000038146973,12.5,31300,12.520000457763672,12.479999542236328,11.292003631591797
11-09-2019,12.399999618530273,12.449999809265137,69900,12.489999771118164,12.420000076293945,11.237716674804688
12-09-2019,12.270000457763672,12.420000076293945,77700,12.420000076293945,12.279999732971191,11.111042022705078
13-09-2019,12.0,12.260000228881836,216600,12.289999961853027,12.029999732971191,10.884839057922363
16-09-2019,12.010000228881836,12.079999923706055,66700,12.109999656677246,12.039999961853027,10.89388656616211
17-09-2019,12.0,12.0,41600,12.130000114440918,12.119999885559082,11.010167121887207
18-09-2019,12.09000015258789,12.149999618530273,79100,12.220000267028809,12.149999618530273,11.037420272827148
19-09-2019,12.140000343322754,12.180000305175781,45200,12.199999809265137,12.15999984741211,11.04650592803955
20-09-2019,12.170000076293945,12.170000076293945,35300,12.25,12.25,11.128264427185059
23-09-2019,12.25,12.260000228881836,17600,12.300000190734863,12.300000190734863,11.173685073852539
24-09-2019,12.25,12.3100004196167,30400,12.319999694824219,12.270000457763672,11.14643383026123
25-09-2019,12.270000457763672,12.270000457763672,13600,12.300000190734863,12.279999732971191,11.155516624450684
26-09-2019,12.279999732971191,12.279999732971191,28000,12.359999656677246,12.319999694824219,11.191853523254395
27-09-2019,12.300000190734863,12.300000190734863,39200,12.430000305175781,12.399999618530273,11.26452922821045
30-09-2019,12.420000076293945,12.420000076293945,27600,12.460000038146973,12.460000038146973,11.319036483764648
01-10-2019,12.420000076293945,12.4399995803833,55400,12.569999694824219,12.539999961853027,11.391708374023438
02-10-2019,12.510000228881836,12.569999694824219,19700,12.59000015258789,12.5600004196167,11.409878730773926
03-10-2019,12.550000190734863,12.619999885559082,10700,12.630000114440918,12.569999694824219,11.418961524963379
04-10-2019,12.520000457763672,12.569999694824219,69900,12.619999885559082,12.5600004196167,11.409878730773926
07-10-2019,12.4399995803833,12.579999923706055,47400,12.579999923706055,12.489999771118164,11.34628963470459
08-10-2019,12.460000038146973,12.5,12700,12.5,12.489999771118164,11.34628963470459
09-10-2019,12.420000076293945,12.489999771118164,38700,12.5,12.4399995803833,11.300865173339844
10-10-2019,12.399999618530273,12.470000267028809,8600,12.470000267028809,12.420000076293945,11.282697677612305
11-10-2019,12.380000114440918,12.430000305175781,26000,12.430000305175781,12.40999984741211,11.273612976074219
14-10-2019,12.420000076293945,12.420000076293945,19200,12.489999771118164,12.449999809265137,11.309947967529297
15-10-2019,12.449999809265137,12.460000038146973,58400,12.5,12.479999542236328,11.337202072143555
16-10-2019,12.319999694824219,12.399999618530273,50100,12.40999984741211,12.329999923706055,11.244186401367188
17-10-2019,12.260000228881836,12.319999694824219,44000,12.359999656677246,12.270000457763672,11.189469337463379
18-10-2019,12.210000038146973,12.289999961853027,40100,12.300000190734863,12.270000457763672,11.189469337463379
21-10-2019,12.130000114440918,12.25,60100,12.25,12.140000343322754,11.070916175842285
22-10-2019,12.119999885559082,12.119999885559082,70900,12.1899995803833,12.130000114440918,11.061796188354492
23-10-2019,12.130000114440918,12.170000076293945,41400,12.170000076293945,12.130000114440918,11.061796188354492
24-10-2019,12.100000381469727,12.15999984741211,53000,12.15999984741211,12.109999656677246,11.043557167053223
25-10-2019,12.0,12.119999885559082,69000,12.119999885559082,12.0,10.94324779510498
28-10-2019,11.90999984741211,11.970000267028809,85200,12.010000228881836,11.90999984741211,10.861173629760742
29-10-2019,11.899999618530273,11.90999984741211,47300,11.949999809265137,11.949999809265137,10.897648811340332
30-10-2019,11.9399995803833,11.960000038146973,48000,12.0600004196167,12.0600004196167,10.99796199798584
31-10-2019,12.069999694824219,12.100000381469727,81400,12.140000343322754,12.130000114440918,11.061796188354492
01-11-2019,12.069999694824219,12.130000114440918,65900,12.140000343322754,12.100000381469727,11.034440040588379
04-11-2019,12.029999732971191,12.09000015258789,81100,12.09000015258789,12.0600004196167,10.99796199798584
05-11-2019,12.050000190734863,12.0600004196167,44400,12.109999656677246,12.109999656677246,11.043557167053223
06-11-2019,12.079999923706055,12.100000381469727,104700,12.1899995803833,12.15999984741211,11.089154243469238
07-11-2019,12.079999923706055,12.170000076293945,69300,12.170000076293945,12.109999656677246,11.043557167053223
08-11-2019,12.050000190734863,12.079999923706055,32900,12.109999656677246,12.109999656677246,11.043557167053223
11-11-2019,12.039999961853027,12.09000015258789,61000,12.119999885559082,12.039999961853027,10.979724884033203
12-11-2019,12.039999961853027,12.039999961853027,46100,12.079999923706055,12.069999694824219,11.007081031799316
13-11-2019,12.0600004196167,12.069999694824219,90000,12.09000015258789,12.069999694824219,11.007081031799316
14-11-2019,12.039999961853027,12.09000015258789,49000,12.100000381469727,12.050000190734863,10.988846778869629
15-11-2019,12.039999961853027,12.079999923706055,43300,12.09000015258789,12.069999694824219,11.007081031799316
18-11-2019,11.970000267028809,12.0,48900,12.050000190734863,12.0,10.984201431274414
19-11-2019,11.979999542236328,12.010000228881836,60800,12.039999961853027,12.010000228881836,10.993349075317383
20-11-2019,12.039999961853027,12.050000190734863,29900,12.069999694824219,12.050000190734863,11.02996826171875
21-11-2019,12.0,12.069999694824219,27100,12.079999923706055,12.0,10.984201431274414
22-11-2019,12.020000457763672,12.039999961853027,30600,12.050000190734863,12.039999961853027,11.02081298828125
25-11-2019,11.989999771118164,12.069999694824219,44900,12.069999694824219,11.989999771118164,10.975045204162598
26-11-2019,11.960000038146973,12.010000228881836,50700,12.010000228881836,11.960000038146973,10.947583198547363
27-11-2019,11.979999542236328,11.989999771118164,39100,12.010000228881836,11.979999542236328,10.96589183807373
29-11-2019,11.979999542236328,12.0,17100,12.020000457763672,12.020000457763672,11.0025053024292
02-12-2019,11.979999542236328,12.010000228881836,66600,12.039999961853027,12.020000457763672,11.0025053024292
03-12-2019,12.029999732971191,12.069999694824219,48600,12.079999923706055,12.079999923706055,11.057425498962402
04-12-2019,12.039999961853027,12.039999961853027,40100,12.119999885559082,12.100000381469727,11.075733184814453
05-12-2019,12.020000457763672,12.0600004196167,46200,12.100000381469727,12.029999732971191,11.011659622192383
06-12-2019,11.989999771118164,11.989999771118164,48800,12.079999923706055,12.020000457763672,11.0025053024292
09-12-2019,12.020000457763672,12.020000457763672,31900,12.050000190734863,12.020000457763672,11.0025053024292
10-12-2019,12.020000457763672,12.029999732971191,47000,12.069999694824219,12.050000190734863,11.02996826171875
11-12-2019,12.029999732971191,12.029999732971191,42300,12.140000343322754,12.100000381469727,11.075733184814453
12-12-2019,11.979999542236328,12.0600004196167,67600,12.100000381469727,11.989999771118164,11.01601505279541
13-12-2019,11.949999809265137,11.949999809265137,36500,12.029999732971191,11.989999771118164,11.01601505279541
16-12-2019,11.960000038146973,11.989999771118164,39100,11.989999771118164,11.970000267028809,10.997640609741211
17-12-2019,11.949999809265137,11.979999542236328,108700,12.130000114440918,12.130000114440918,11.144640922546387
18-12-2019,12.039999961853027,12.140000343322754,69400,12.149999618530273,12.100000381469727,11.117077827453613
19-12-2019,12.050000190734863,12.130000114440918,192200,12.180000305175781,12.149999618530273,11.163016319274902
20-12-2019,12.119999885559082,12.149999618530273,25100,12.1899995803833,12.130000114440918,11.144640922546387
23-12-2019,12.149999618530273,12.170000076293945,57500,12.1899995803833,12.149999618530273,11.163016319274902
24-12-2019,12.149999618530273,12.199999809265137,41000,12.229999542236328,12.15999984741211,11.172202110290527
26-12-2019,12.199999809265137,12.229999542236328,12700,12.239999771118164,12.239999771118164,11.24570369720459
27-12-2019,12.050000190734863,12.199999809265137,116300,12.229999542236328,12.109999656677246,11.126264572143555
30-12-2019,12.039999961853027,12.039999961853027,57300,12.09000015258789,12.0600004196167,11.080327987670898
31-12-2019,12.029999732971191,12.119999885559082,60400,12.130000114440918,12.079999923706055,11.098702430725098
02-01-2020,12.039999961853027,12.09000015258789,41600,12.09000015258789,12.0600004196167,11.080327987670898
03-01-2020,12.050000190734863,12.0600004196167,78600,12.119999885559082,12.050000190734863,11.071142196655273
06-01-2020,12.039999961853027,12.0600004196167,57100,12.09000015258789,12.050000190734863,11.071142196655273
07-01-2020,12.0600004196167,12.079999923706055,181500,12.199999809265137,12.1899995803833,11.199763298034668
08-01-2020,12.15999984741211,12.170000076293945,48100,12.25,12.210000038146973,11.218141555786133
09-01-2020,12.210000038146973,12.229999542236328,57100,12.260000228881836,12.220000267028809,11.227330207824707
10-01-2020,12.220000267028809,12.25,39300,12.270000457763672,12.270000457763672,11.273268699645996
13-01-2020,12.229999542236328,12.270000457763672,48500,12.270000457763672,12.260000228881836,11.264081954956055
14-01-2020,12.260000228881836,12.260000228881836,45300,12.34000015258789,12.300000190734863,11.300833702087402
15-01-2020,12.300000190734863,12.319999694824219,30200,12.369999885559082,12.34000015258789,11.337580680847168
16-01-2020,12.350000381469727,12.350000381469727,35500,12.390000343322754,12.369999885559082,11.365143775939941
17-01-2020,12.1899995803833,12.34000015258789,107200,12.350000381469727,12.25,11.295987129211426
21-01-2020,12.260000228881836,12.279999732971191,88900,12.329999923706055,12.329999923706055,11.369756698608398
22-01-2020,12.289999961853027,12.34000015258789,27300,12.350000381469727,12.329999923706055,11.369756698608398
23-01-2020,12.329999923706055,12.350000381469727,42300,12.380000114440918,12.380000114440918,11.415863990783691
24-01-2020,12.34000015258789,12.380000114440918,53400,12.420000076293945,12.40999984741211,11.443526268005371
27-01-2020,12.350000381469727,12.40999984741211,51300,12.420000076293945,12.390000343322754,11.425082206726074
28-01-2020,12.329999923706055,12.390000343322754,53800,12.40999984741211,12.380000114440918,11.415863990783691
29-01-2020,12.359999656677246,12.430000305175781,39900,12.430000305175781,12.369999885559082,11.406641006469727
30-01-2020,12.350000381469727,12.380000114440918,54300,12.399999618530273,12.350000381469727,11.388195991516113
31-01-2020,12.270000457763672,12.399999618530273,144600,12.399999618530273,12.279999732971191,11.323650360107422
03-02-2020,12.239999771118164,12.289999961853027,108400,12.300000190734863,12.279999732971191,11.323650360107422
04-02-2020,12.260000228881836,12.279999732971191,61500,12.300000190734863,12.300000190734863,11.342093467712402
05-02-2020,12.3100004196167,12.329999923706055,38200,12.350000381469727,12.350000381469727,11.388195991516113
06-02-2020,12.329999923706055,12.399999618530273,47900,12.399999618530273,12.359999656677246,11.397418975830078
07-02-2020,12.350000381469727,12.369999885559082,18300,12.390000343322754,12.369999885559082,11.406641006469727
10-02-2020,12.380000114440918,12.380000114440918,29900,12.40999984741211,12.40999984741211,11.443526268005371
11-02-2020,12.380000114440918,12.380000114440918,56800,12.430000305175781,12.430000305175781,11.461967468261719
12-02-2020,12.399999618530273,12.430000305175781,29100,12.4399995803833,12.420000076293945,11.452746391296387
13-02-2020,12.399999618530273,12.399999618530273,63200,12.4399995803833,12.420000076293945,11.452746391296387
14-02-2020,12.399999618530273,12.420000076293945,65800,12.470000267028809,12.40999984741211,11.443526268005371
18-02-2020,12.359999656677246,12.390000343322754,50700,12.399999618530273,12.390000343322754,11.466663360595703
19-02-2020,12.359999656677246,12.359999656677246,64800,12.449999809265137,12.449999809265137,11.522192001342773
20-02-2020,12.430000305175781,12.449999809265137,41200,12.479999542236328,12.460000038146973,11.531447410583496
21-02-2020,12.430000305175781,12.460000038146973,37700,12.489999771118164,12.4399995803833,11.512935638427734
24-02-2020,12.4399995803833,12.460000038146973,51400,12.510000228881836,12.460000038146973,11.531447410583496
25-02-2020,12.479999542236328,12.479999542236328,44400,12.539999961853027,12.529999732971191,11.596229553222656
26-02-2020,12.449999809265137,12.520000457763672,87100,12.520000457763672,12.510000228881836,11.577720642089844
27-02-2020,12.420000076293945,12.510000228881836,61400,12.520000457763672,12.420000076293945,11.494427680969238
28-02-2020,12.039999961853027,12.430000305175781,135600,12.430000305175781,12.039999961853027,11.142745018005371
02-03-2020,12.050000190734863,12.050000190734863,168000,12.369999885559082,12.239999771118164,11.327839851379395
03-03-2020,12.239999771118164,12.239999771118164,55700,12.359999656677246,12.34000015258789,11.420390129089355
04-03-2020,12.369999885559082,12.369999885559082,41000,12.489999771118164,12.449999809265137,11.522192001342773
05-03-2020,12.369999885559082,12.4399995803833,45100,12.449999809265137,12.420000076293945,11.494427680969238
06-03-2020,12.350000381469727,12.359999656677246,40900,12.449999809265137,12.350000381469727,11.429644584655762
09-03-2020,12.149999618530273,12.199999809265137,57800,12.390000343322754,12.170000076293945,11.263057708740234
10-03-2020,12.0,12.1899995803833,106500,12.260000228881836,12.039999961853027,11.142745018005371
11-03-2020,11.670000076293945,11.90999984741211,223600,11.949999809265137,11.789999961853027,10.911376953125
12-03-2020,10.539999961853027,11.289999961853027,166900,11.289999961853027,10.680000305175781,9.8840970993042
13-03-2020,10.779999732971191,10.800000190734863,142000,11.0,10.979999542236328,10.161741256713867
16-03-2020,10.300000190734863,10.479999542236328,198500,10.649999618530273,10.300000190734863,9.532414436340332
17-03-2020,10.140000343322754,10.34000015258789,230400,10.489999771118164,10.40999984741211,9.676491737365723
18-03-2020,8.75,10.149999618530273,301700,10.149999618530273,8.770000457763672,8.152052879333496
19-03-2020,8.420000076293945,8.779999732971191,240800,9.359999656677246,9.34000015258789,8.681889533996582
20-03-2020,9.25,9.25,200600,10.09000015258789,9.859999656677246,9.165246963500977
23-03-2020,9.170000076293945,9.760000228881836,120000,9.760000228881836,9.199999809265137,8.551753044128418
24-03-2020,9.289999961853027,9.289999961853027,113300,9.649999618530273,9.569999694824219,8.895681381225586
25-03-2020,9.479999542236328,9.479999542236328,470200,10.390000343322754,10.149999618530273,9.434812545776367
26-03-2020,10.319999694824219,10.319999694824219,171400,10.949999809265137,10.859999656677246,10.094785690307617
27-03-2020,10.680000305175781,10.84000015258789,124400,10.989999771118164,10.779999732971191,10.020424842834473
30-03-2020,10.869999885559082,10.869999885559082,104400,11.210000038146973,11.15999984741211,10.373645782470703
31-03-2020,11.170000076293945,11.170000076293945,130500,11.319999694824219,11.319999694824219,10.52237319946289
01-04-2020,10.729999542236328,11.130000114440918,140600,11.180000305175781,10.779999732971191,10.020424842834473
02-04-2020,10.550000190734863,10.6899995803833,107200,10.899999618530273,10.65999984741211,9.908880233764648
03-04-2020,10.350000381469727,10.529999732971191,59800,10.729999542236328,10.369999885559082,9.639313697814941
06-04-2020,10.350000381469727,10.350000381469727,130400,10.5600004196167,10.489999771118164,9.750858306884766
07-04-2020,10.579999923706055,10.699999809265137,77100,10.800000190734863,10.710000038146973,9.955354690551758
08-04-2020,10.649999618530273,10.649999618530273,72600,11.029999732971191,10.970000267028809,10.197035789489746
09-04-2020,11.020000457763672,11.09000015258789,59600,11.329999923706055,11.260000228881836,10.466604232788086
13-04-2020,11.020000457763672,11.329999923706055,112600,11.350000381469727,11.039999961853027,10.262102127075195
14-04-2020,11.100000381469727,11.100000381469727,118700,11.229999542236328,11.149999618530273,10.364351272583008
15-04-2020,11.029999732971191,11.1899995803833,85700,11.1899995803833,11.180000305175781,10.43435001373291
16-04-2020,11.130000114440918,11.199999809265137,113900,11.279999732971191,11.220000267028809,10.47168254852295
17-04-2020,11.220000267028809,11.329999923706055,141000,11.359999656677246,11.359999656677246,10.602343559265137
20-04-2020,11.180000305175781,11.369999885559082,84400,11.369999885559082,11.1899995803833,10.443683624267578
21-04-2020,11.029999732971191,11.029999732971191,82300,11.25,11.119999885559082,10.378351211547852
22-04-2020,11.130000114440918,11.149999618530273,70400,11.239999771118164,11.140000343322754,10.397018432617188
23-04-2020,10.989999771118164,11.140000343322754,56400,11.140000343322754,11.029999732971191,10.294354438781738
24-04-2020,10.84000015258789,11.020000457763672,75400,11.020000457763672,10.890000343322754,10.16369342803955
27-04-2020,10.619999885559082,10.819999694824219,151600,10.84000015258789,10.630000114440918,9.921032905578613
28-04-2020,10.569999694824219,10.670000076293945,204800,10.800000190734863,10.600000381469727,9.893033027648926
29-04-2020,10.529999732971191,10.579999923706055,75800,10.84000015258789,10.800000190734863,10.079692840576172
30-04-2020,10.630000114440918,10.630000114440918,170200,10.850000381469727,10.819999694824219,10.098360061645508
01-05-2020,10.670000076293945,10.670000076293945,83400,10.920000076293945,10.890000343322754,10.16369342803955
04-05-2020,10.760000228881836,10.760000228881836,40600,10.890000343322754,10.880000114440918,10.15435791015625
05-05-2020,10.880000114440918,10.880000114440918,87400,11.010000228881836,10.90999984741211,10.182356834411621
06-05-2020,10.930000305175781,10.9399995803833,103600,11.09000015258789,10.989999771118164,10.257020950317383
07-05-2020,11.050000190734863,11.109999656677246,102000,11.199999809265137,11.140000343322754,10.397018432617188
08-05-2020,11.09000015258789,11.09000015258789,51900,11.270000457763672,11.15999984741211,10.415682792663574
11-05-2020,11.069999694824219,11.170000076293945,60500,11.199999809265137,11.09000015258789,10.350353240966797
12-05-2020,11.079999923706055,11.079999923706055,34800,11.140000343322754,11.109999656677246,10.3690185546875
13-05-2020,11.010000228881836,11.100000381469727,38800,11.149999618530273,11.050000190734863,10.313021659851074
14-05-2020,10.880000114440918,11.039999961853027,57900,11.039999961853027,11.0,10.266355514526367
15-05-2020,10.9399995803833,10.9399995803833,52600,11.039999961853027,11.029999732971191,10.294354438781738
18-05-2020,10.899999618530273,10.960000038146973,62700,11.0,10.9399995803833,10.252182960510254
19-05-2020,10.899999618530273,10.899999618530273,55700,11.0,10.949999809265137,10.261555671691895
20-05-2020,10.949999809265137,10.949999809265137,67700,11.0600004196167,11.029999732971191,10.336525917053223
21-05-2020,11.0,11.0,84100,11.09000015258789,11.039999961853027,10.345895767211914
22-05-2020,11.050000190734863,11.09000015258789,82800,11.140000343322754,11.119999885559082,10.420866012573242
26-05-2020,11.079999923706055,11.180000305175781,117600,11.180000305175781,11.09000015258789,10.392752647399902
27-05-2020,11.09000015258789,11.100000381469727,99000,11.220000267028809,11.199999809265137,10.49583625793457
28-05-2020,11.199999809265137,11.199999809265137,116600,11.289999961853027,11.289999961853027,10.580179214477539
29-05-2020,11.300000190734863,11.319999694824219,120700,11.4399995803833,11.420000076293945,10.702005386352539
01-06-2020,11.449999809265137,11.460000038146973,87600,11.550000190734863,11.539999961853027,10.814460754394531
02-06-2020,11.529999732971191,11.579999923706055,56700,11.59000015258789,11.550000190734863,10.823833465576172
03-06-2020,11.5600004196167,11.640000343322754,159400,11.670000076293945,11.619999885559082,10.889429092407227
04-06-2020,11.539999961853027,11.619999885559082,28400,11.619999885559082,11.550000190734863,10.823833465576172
05-06-2020,11.5,11.600000381469727,34300,11.619999885559082,11.579999923706055,10.851945877075195
08-06-2020,11.529999732971191,11.640000343322754,36500,11.649999618530273,11.529999732971191,10.80508804321289
09-06-2020,11.520000457763672,11.529999732971191,51900,11.579999923706055,11.550000190734863,10.823833465576172
10-06-2020,11.539999961853027,11.579999923706055,44200,11.630000114440918,11.579999923706055,10.851945877075195
11-06-2020,11.449999809265137,11.550000190734863,87900,11.619999885559082,11.470000267028809,10.748862266540527
12-06-2020,11.420000076293945,11.430000305175781,68700,11.529999732971191,11.489999771118164,10.767603874206543
15-06-2020,11.399999618530273,11.399999618530273,57700,11.619999885559082,11.619999885559082,10.889429092407227
16-06-2020,11.550000190734863,11.600000381469727,71000,11.670000076293945,11.59000015258789,10.903543472290039
17-06-2020,11.510000228881836,11.600000381469727,36800,11.630000114440918,11.510000228881836,10.828279495239258
18-06-2020,11.520000457763672,11.550000190734863,19500,11.5600004196167,11.520000457763672,10.837688446044922
19-06-2020,11.4399995803833,11.5,29600,11.539999961853027,11.520000457763672,10.837688446044922
22-06-2020,11.399999618530273,11.430000305175781,105400,11.520000457763672,11.399999618530273,10.724794387817383
23-06-2020,11.359999656677246,11.359999656677246,79300,11.470000267028809,11.4399995803833,10.762425422668457
24-06-2020,11.380000114440918,11.479999542236328,97600,11.479999542236328,11.430000305175781,10.753020286560059
25-06-2020,11.369999885559082,11.420000076293945,86200,11.470000267028809,11.369999885559082,10.69657039642334
26-06-2020,11.260000228881836,11.329999923706055,67000,11.369999885559082,11.260000228881836,10.593088150024414
29-06-2020,11.220000267028809,11.25,86800,11.3100004196167,11.279999732971191,10.611902236938477
30-06-2020,11.25,11.260000228881836,82000,11.34000015258789,11.289999961853027,10.621312141418457
01-07-2020,11.25,11.279999732971191,91300,11.34000015258789,11.329999923706055,10.658942222595215
02-07-2020,11.260000228881836,11.279999732971191,117200,11.319999694824219,11.300000190734863,10.630720138549805
06-07-2020,11.239999771118164,11.300000190734863,137400,11.399999618530273,11.34000015258789,10.668350219726562
07-07-2020,11.270000457763672,11.270000457763672,91000,11.479999542236328,11.479999542236328,10.80005931854248
08-07-2020,11.479999542236328,11.479999542236328,73400,11.609999656677246,11.569999694824219,10.884726524353027
09-07-2020,11.569999694824219,11.600000381469727,58400,11.680000305175781,11.680000305175781,10.988210678100586
10-07-2020,11.65999984741211,11.699999809265137,46800,11.720000267028809,11.710000038146973,11.016435623168945
13-07-2020,11.630000114440918,11.789999961853027,61500,11.789999961853027,11.649999618530273,10.959988594055176
14-07-2020,11.600000381469727,11.630000114440918,51700,11.649999618530273,11.609999656677246,10.922355651855469
15-07-2020,11.609999656677246,11.640000343322754,52000,11.670000076293945,11.640000343322754,10.950582504272461
16-07-2020,11.619999885559082,11.630000114440918,60600,11.710000038146973,11.630000114440918,10.94117259979248
17-07-2020,11.640000343322754,11.649999618530273,32800,11.680000305175781,11.640000343322754,10.950582504272461
20-07-2020,11.609999656677246,11.640000343322754,63900,11.65999984741211,11.649999618530273,11.002525329589844
21-07-2020,11.619999885559082,11.65999984741211,108000,11.680000305175781,11.680000305175781,11.030855178833008
22-07-2020,11.640000343322754,11.680000305175781,55700,11.75,11.739999771118164,11.087523460388184
23-07-2020,11.6899995803833,11.770000457763672,106600,11.779999732971191,11.779999732971191,11.125299453735352
24-07-2020,11.630000114440918,11.739999771118164,223400,11.850000381469727,11.630000114440918,10.983634948730469
27-07-2020,11.579999923706055,11.649999618530273,209000,11.699999809265137,11.59000015258789,10.9458589553833
28-07-2020,11.619999885559082,11.619999885559082,143500,11.699999809265137,11.6899995803833,11.040299415588379
29-07-2020,11.710000038146973,11.760000228881836,110700,11.829999923706055,11.819999694824219,11.163074493408203
30-07-2020,11.8100004196167,11.829999923706055,112400,11.949999809265137,11.949999809265137,11.285849571228027
31-07-2020,11.890000343322754,12.0,48300,12.0,12.0,11.3330717086792
03-08-2020,12.0,12.09000015258789,113800,12.09000015258789,12.09000015258789,11.418069839477539
04-08-2020,12.050000190734863,12.149999618530273,34100,12.149999618530273,12.130000114440918,11.45584774017334
05-08-2020,12.109999656677246,12.15999984741211,71000,12.180000305175781,12.149999618530273,11.474736213684082
06-08-2020,12.119999885559082,12.229999542236328,180500,12.229999542236328,12.15999984741211,11.484177589416504
07-08-2020,12.100000381469727,12.180000305175781,114200,12.180000305175781,12.119999885559082,11.446401596069336
10-08-2020,12.109999656677246,12.170000076293945,46300,12.170000076293945,12.15999984741211,11.484177589416504
11-08-2020,12.149999618530273,12.180000305175781,116700,12.199999809265137,12.180000305175781,11.503067970275879
12-08-2020,12.130000114440918,12.170000076293945,27800,12.199999809265137,12.149999618530273,11.474736213684082
13-08-2020,12.100000381469727,12.1899995803833,60500,12.199999809265137,12.15999984741211,11.484177589416504
14-08-2020,12.109999656677246,12.180000305175781,42000,12.180000305175781,12.15999984741211,11.484177589416504
17-08-2020,12.119999885559082,12.15999984741211,57900,12.199999809265137,12.180000305175781,11.503067970275879
18-08-2020,12.0600004196167,12.149999618530273,59300,12.149999618530273,12.09000015258789,11.460411071777344
19-08-2020,12.039999961853027,12.140000343322754,36600,12.140000343322754,12.050000190734863,11.422494888305664
20-08-2020,11.949999809265137,12.069999694824219,34300,12.069999694824219,11.960000038146973,11.337182998657227
21-08-2020,11.800000190734863,12.020000457763672,70000,12.020000457763672,11.850000381469727,11.23291015625
24-08-2020,11.140000343322754,11.930000305175781,191400,11.930000305175781,11.699999809265137,11.090720176696777
25-08-2020,11.65999984741211,11.729999542236328,98500,11.739999771118164,11.670000076293945,11.06228256225586
26-08-2020,11.579999923706055,11.649999618530273,81100,11.670000076293945,11.630000114440918,11.024365425109863
27-08-2020,11.520000457763672,11.670000076293945,39200,11.680000305175781,11.550000190734863,10.948532104492188
28-08-2020,11.59000015258789,11.619999885559082,30100,11.670000076293945,11.670000076293945,11.06228256225586
31-08-2020,11.640000343322754,11.699999809265137,117000,11.739999771118164,11.670000076293945,11.06228256225586
01-09-2020,11.65999984741211,11.710000038146973,47400,11.739999771118164,11.720000267028809,11.109679222106934
02-09-2020,11.710000038146973,11.75,105600,11.84000015258789,11.789999961853027,11.176033020019531
03-09-2020,11.670000076293945,11.770000457763672,88300,11.819999694824219,11.6899995803833,11.0812406539917
04-09-2020,11.5600004196167,11.720000267028809,51800,11.720000267028809,11.59000015258789,10.986448287963867
08-09-2020,11.489999771118164,11.600000381469727,44000,11.600000381469727,11.539999961853027,10.93905258178711
09-09-2020,11.539999961853027,11.609999656677246,38900,11.649999618530273,11.649999618530273,11.043323516845703
10-09-2020,11.670000076293945,11.699999809265137,45200,11.699999809265137,11.680000305175781,11.071763038635254
11-09-2020,11.680000305175781,11.75,47700,11.789999961853027,11.75,11.138117790222168
14-09-2020,11.680000305175781,11.760000228881836,65300,11.789999961853027,11.75,11.138117790222168
15-09-2020,11.6899995803833,11.739999771118164,26400,11.75,11.729999542236328,11.161905288696289
16-09-2020,11.6899995803833,11.729999542236328,23000,11.729999542236328,11.710000038146973,11.142875671386719
17-09-2020,11.579999923706055,11.710000038146973,48800,11.720000267028809,11.630000114440918,11.066747665405273
18-09-2020,11.600000381469727,11.680000305175781,26200,11.6899995803833,11.630000114440918,11.066747665405273
21-09-2020,11.5600004196167,11.649999618530273,25900,11.649999618530273,11.579999923706055,11.019170761108398
22-09-2020,11.5,11.529999732971191,63900,11.609999656677246,11.59000015258789,11.028685569763184
23-09-2020,11.470000267028809,11.579999923706055,76600,11.630000114440918,11.5,10.94304370880127
24-09-2020,11.449999809265137,11.520000457763672,17300,11.520000457763672,11.460000038146973,10.904982566833496
25-09-2020,11.420000076293945,11.449999809265137,53000,11.529999732971191,11.529999732971191,10.971593856811523
28-09-2020,11.529999732971191,11.630000114440918,20100,11.65999984741211,11.5600004196167,11.000138282775879
29-09-2020,11.529999732971191,11.539999961853027,22900,11.630000114440918,11.609999656677246,11.04771900177002
30-09-2020,11.5600004196167,11.640000343322754,37200,11.65999984741211,11.579999923706055,11.019170761108398
01-10-2020,11.579999923706055,11.630000114440918,79600,11.739999771118164,11.729999542236328,11.161905288696289
02-10-2020,11.609999656677246,11.649999618530273,18900,11.699999809265137,11.65999984741211,11.095294952392578
05-10-2020,11.569999694824219,11.729999542236328,35100,11.75,11.579999923706055,11.019170761108398
06-10-2020,11.550000190734863,11.550000190734863,42700,11.649999618530273,11.569999694824219,11.009654998779297
07-10-2020,11.569999694824219,11.649999618530273,43500,11.75,11.609999656677246,11.04771900177002
08-10-2020,11.59000015258789,11.670000076293945,22000,11.739999771118164,11.630000114440918,11.066747665405273
09-10-2020,11.630000114440918,11.649999618530273,35600,11.739999771118164,11.649999618530273,11.08578109741211
12-10-2020,11.640000343322754,11.699999809265137,40000,11.770000457763672,11.6899995803833,11.1238431930542
13-10-2020,11.640000343322754,11.739999771118164,30600,11.739999771118164,11.65999984741211,11.095294952392578
14-10-2020,11.640000343322754,11.640000343322754,42500,11.760000228881836,11.710000038146973,11.142875671386719
15-10-2020,11.489999771118164,11.680000305175781,60600,11.739999771118164,11.529999732971191,11.013917922973633
16-10-2020,11.4399995803833,11.59000015258789,45100,11.600000381469727,11.489999771118164,10.975708961486816
19-10-2020,11.4399995803833,11.449999809265137,45300,11.529999732971191,11.5,10.985258102416992
20-10-2020,11.479999542236328,11.5,36500,11.579999923706055,11.5600004196167,11.042573928833008
21-10-2020,11.5,11.569999694824219,61100,11.569999694824219,11.5600004196167,11.042573928833008
22-10-2020,11.449999809265137,11.520000457763672,47800,11.539999961853027,11.449999809265137,10.937499046325684
23-10-2020,11.380000114440918,11.5,49300,11.510000228881836,11.4399995803833,10.92794418334961
26-10-2020,11.319999694824219,11.460000038146973,56100,11.460000038146973,11.329999923706055,10.822871208190918
27-10-2020,11.3100004196167,11.380000114440918,97900,11.420000076293945,11.369999885559082,10.861079216003418
28-10-2020,11.260000228881836,11.34000015258789,78200,11.420000076293945,11.399999618530273,10.88973617553711
29-10-2020,11.300000190734863,11.390000343322754,108500,11.420000076293945,11.399999618530273,10.88973617553711
30-10-2020,11.329999923706055,11.40999984741211,59600,11.40999984741211,11.34000015258789,10.832423210144043
02-11-2020,11.319999694824219,11.329999923706055,53500,11.380000114440918,11.350000381469727,10.841974258422852
03-11-2020,11.300000190734863,11.380000114440918,31000,11.420000076293945,11.380000114440918,10.870631217956543
04-11-2020,11.40999984741211,11.460000038146973,76200,11.579999923706055,11.539999961853027,11.023469924926758
05-11-2020,11.479999542236328,11.579999923706055,24400,11.609999656677246,11.59000015258789,11.071232795715332
06-11-2020,11.670000076293945,11.720000267028809,116400,11.850000381469727,11.850000381469727,11.319595336914062
09-11-2020,11.760000228881836,11.960000038146973,74800,11.960000038146973,11.84000015258789,11.310043334960938
10-11-2020,11.880000114440918,11.880000114440918,104500,11.9399995803833,11.890000343322754,11.357805252075195
11-11-2020,11.899999618530273,11.90999984741211,63100,11.949999809265137,11.949999809265137,11.415120124816895
12-11-2020,11.949999809265137,11.960000038146973,53600,12.0,11.949999809265137,11.415120124816895
13-11-2020,11.970000267028809,11.970000267028809,50300,12.010000228881836,12.0,11.462881088256836
16-11-2020,11.930000305175781,11.989999771118164,50900,11.989999771118164,11.930000305175781,11.446569442749023
17-11-2020,11.930000305175781,11.949999809265137,39400,12.050000190734863,12.010000228881836,11.52332878112793
18-11-2020,11.960000038146973,11.979999542236328,61000,12.069999694824219,12.039999961853027,11.552111625671387
19-11-2020,12.050000190734863,12.0600004196167,42100,12.119999885559082,12.109999656677246,11.619275093078613
20-11-2020,12.0600004196167,12.119999885559082,38200,12.130000114440918,12.09000015258789,11.600086212158203
23-11-2020,12.130000114440918,12.140000343322754,32800,12.180000305175781,12.180000305175781,11.68643856048584
24-11-2020,12.220000267028809,12.25,31200,12.3100004196167,12.270000457763672,11.772791862487793
25-11-2020,12.260000228881836,12.3100004196167,69100,12.329999923706055,12.279999732971191,11.78238582611084
27-11-2020,12.300000190734863,12.34000015258789,46000,12.449999809265137,12.399999618530273,11.8975248336792
30-11-2020,12.279999732971191,12.420000076293945,43300,12.420000076293945,12.329999923706055,11.830360412597656
01-12-2020,12.260000228881836,12.369999885559082,78800,12.390000343322754,12.329999923706055,11.830360412597656
02-12-2020,12.279999732971191,12.289999961853027,115400,12.380000114440918,12.319999694824219,11.820765495300293
03-12-2020,12.300000190734863,12.34000015258789,94500,12.399999618530273,12.350000381469727,11.8495512008667
04-12-2020,12.319999694824219,12.350000381469727,513200,12.369999885559082,12.319999694824219,11.820765495300293
07-12-2020,12.319999694824219,12.34000015258789,62900,12.420000076293945,12.319999694824219,11.820765495300293
08-12-2020,12.319999694824219,12.319999694824219,54800,12.390000343322754,12.350000381469727,11.8495512008667
09-12-2020,12.34000015258789,12.40999984741211,65500,12.449999809265137,12.40999984741211,11.907118797302246
10-12-2020,12.300000190734863,12.359999656677246,97700,12.369999885559082,12.300000190734863,11.852193832397461
11-12-2020,12.270000457763672,12.350000381469727,34600,12.350000381469727,12.3100004196167,11.861830711364746
14-12-2020,12.1899995803833,12.3100004196167,83500,12.359999656677246,12.25,11.804012298583984
15-12-2020,12.1899995803833,12.25,52500,12.279999732971191,12.1899995803833,11.746197700500488
16-12-2020,12.109999656677246,12.210000038146973,96100,12.260000228881836,12.149999618530273,11.70765495300293
17-12-2020,12.0600004196167,12.119999885559082,162000,12.149999618530273,12.069999694824219,11.630566596984863
18-12-2020,12.069999694824219,12.069999694824219,56800,12.180000305175781,12.149999618530273,11.70765495300293
21-12-2020,12.050000190734863,12.09000015258789,102400,12.170000076293945,12.050000190734863,11.611295700073242
22-12-2020,12.039999961853027,12.079999923706055,85500,12.130000114440918,12.100000381469727,11.659475326538086
23-12-2020,12.050000190734863,12.130000114440918,55000,12.149999618530273,12.0600004196167,11.620930671691895
24-12-2020,12.069999694824219,12.109999656677246,34400,12.170000076293945,12.15999984741211,11.717288970947266
28-12-2020,12.050000190734863,12.15999984741211,115500,12.180000305175781,12.09000015258789,11.649840354919434
29-12-2020,12.09000015258789,12.130000114440918,78000,12.289999961853027,12.260000228881836,11.813651084899902
30-12-2020,12.25,12.25,61600,12.390000343322754,12.369999885559082,11.91964340209961
31-12-2020,12.369999885559082,12.399999618530273,53700,12.470000267028809,12.4399995803833,11.98709774017334
04-01-2021,12.369999885559082,12.460000038146973,111800,12.489999771118164,12.4399995803833,11.98709774017334
05-01-2021,12.380000114440918,12.4399995803833,22100,12.489999771118164,12.479999542236328,12.025639533996582
06-01-2021,12.420000076293945,12.479999542236328,62200,12.539999961853027,12.460000038146973,12.006368637084961
07-01-2021,12.470000267028809,12.5,47400,12.539999961853027,12.539999961853027,12.083456039428711
08-01-2021,12.449999809265137,12.539999961853027,33900,12.579999923706055,12.460000038146973,12.006368637084961
11-01-2021,12.380000114440918,12.4399995803833,83400,12.520000457763672,12.489999771118164,12.03527545928955
12-01-2021,12.390000343322754,12.460000038146973,70200,12.5,12.460000038146973,12.006368637084961
13-01-2021,12.460000038146973,12.5,45100,12.520000457763672,12.479999542236328,12.025639533996582
14-01-2021,12.399999618530273,12.510000228881836,44700,12.520000457763672,12.40999984741211,11.958189010620117
15-01-2021,12.380000114440918,12.4399995803833,57100,12.5,12.399999618530273,11.948552131652832
19-01-2021,12.300000190734863,12.319999694824219,59200,12.399999618530273,12.329999923706055,11.932101249694824
20-01-2021,12.300000190734863,12.369999885559082,62500,12.369999885559082,12.369999885559082,11.970808982849121
21-01-2021,12.300000190734863,12.40999984741211,48100,12.470000267028809,12.470000267028809,12.067583084106445
22-01-2021,12.4399995803833,12.489999771118164,75700,12.520000457763672,12.489999771118164,12.08693790435791
25-01-2021,12.449999809265137,12.539999961853027,56800,12.539999961853027,12.5,12.096613883972168
26-01-2021,12.40999984741211,12.520000457763672,71900,12.609999656677246,12.600000381469727,12.193388938903809
27-01-2021,12.5,12.600000381469727,58300,12.600000381469727,12.550000190734863,12.145003318786621
28-01-2021,12.489999771118164,12.529999732971191,47600,12.630000114440918,12.510000228881836,12.106292724609375
29-01-2021,12.449999809265137,12.539999961853027,36600,12.5600004196167,12.479999542236328,12.07726001739502
01-02-2021,12.399999618530273,12.479999542236328,77900,12.550000190734863,12.4399995803833,12.038552284240723
02-02-2021,12.40999984741211,12.449999809265137,167500,12.520000457763672,12.449999809265137,12.048227310180664
03-02-2021,12.390000343322754,12.449999809265137,37700,12.449999809265137,12.390000343322754,11.990165710449219
04-02-2021,12.390000343322754,12.420000076293945,51300,12.449999809265137,12.40999984741211,12.009520530700684
05-02-2021,12.430000305175781,12.460000038146973,43500,12.579999923706055,12.579999923706055,12.174033164978027
08-02-2021,12.529999732971191,12.59000015258789,104700,12.75,12.630000114440918,12.222419738769531
09-02-2021,12.579999923706055,12.600000381469727,124100,12.649999618530273,12.59000015258789,12.183711051940918
10-02-2021,12.579999923706055,12.579999923706055,41600,12.6899995803833,12.630000114440918,12.222419738769531
11-02-2021,12.5600004196167,12.609999656677246,166900,12.649999618530273,12.649999618530273,12.24177360534668
12-02-2021,12.579999923706055,12.65999984741211,58600,12.670000076293945,12.579999923706055,12.174033164978027
16-02-2021,12.489999771118164,12.5600004196167,53300,12.59000015258789,12.5600004196167,12.154679298400879
17-02-2021,12.420000076293945,12.510000228881836,61700,12.539999961853027,12.479999542236328,12.12795352935791
18-02-2021,12.270000457763672,12.449999809265137,148900,12.449999809265137,12.359999656677246,12.01133918762207
19-02-2021,12.229999542236328,12.34000015258789,58700,12.359999656677246,12.260000228881836,11.91416072845459
22-02-2021,12.09000015258789,12.180000305175781,68800,12.25,12.09000015258789,11.748955726623535
23-02-2021,11.880000114440918,12.109999656677246,83100,12.109999656677246,12.029999732971191,11.690648078918457
24-02-2021,11.930000305175781,12.0,53300,12.15999984741211,12.119999885559082,11.77811050415039
25-02-2021,12.0,12.170000076293945,97700,12.170000076293945,12.029999732971191,11.690648078918457
26-02-2021,12.079999923706055,12.109999656677246,45200,12.1899995803833,12.170000076293945,11.826701164245605
01-03-2021,12.210000038146973,12.210000038146973,65400,12.329999923706055,12.289999961853027,11.943315505981445
02-03-2021,12.25,12.329999923706055,25500,12.380000114440918,12.380000114440918,12.030776023864746
03-03-2021,12.300000190734863,12.380000114440918,40600,12.380000114440918,12.300000190734863,11.953032493591309
04-03-2021,12.239999771118164,12.319999694824219,39300,12.350000381469727,12.270000457763672,11.923879623413086
05-03-2021,12.220000267028809,12.300000190734863,39200,12.329999923706055,12.3100004196167,11.962751388549805
08-03-2021,12.289999961853027,12.3100004196167,37500,12.34000015258789,12.3100004196167,11.962751388549805
09-03-2021,12.300000190734863,12.329999923706055,24300,12.4399995803833,12.420000076293945,12.069649696350098
10-03-2021,12.399999618530273,12.430000305175781,40800,12.550000190734863,12.529999732971191,12.176544189453125
11-03-2021,12.489999771118164,12.5,38900,12.569999694824219,12.529999732971191,12.176544189453125
12-03-2021,12.40999984741211,12.479999542236328,25100,12.510000228881836,12.40999984741211,12.059928894042969
15-03-2021,12.40999984741211,12.40999984741211,35000,12.529999732971191,12.529999732971191,12.176544189453125
16-03-2021,12.479999542236328,12.529999732971191,54800,12.539999961853027,12.529999732971191,12.176544189453125
17-03-2021,12.399999618530273,12.479999542236328,36400,12.5,12.4399995803833,12.139948844909668
18-03-2021,12.3100004196167,12.399999618530273,45100,12.40999984741211,12.359999656677246,12.061877250671387
19-03-2021,12.300000190734863,12.34000015258789,37600,12.369999885559082,12.329999923706055,12.03260326385498
22-03-2021,12.229999542236328,12.329999923706055,49400,12.369999885559082,12.260000228881836,11.964292526245117
23-03-2021,12.229999542236328,12.229999542236328,49700,12.319999694824219,12.270000457763672,11.97404956817627
24-03-2021,12.220000267028809,12.329999923706055,68900,12.350000381469727,12.289999961853027,11.99356746673584
25-03-2021,12.220000267028809,12.300000190734863,65400,12.3100004196167,12.239999771118164,11.944772720336914
26-03-2021,12.239999771118164,12.239999771118164,21200,12.350000381469727,12.329999923706055,12.03260326385498
29-03-2021,12.3100004196167,12.350000381469727,36700,12.359999656677246,12.34000015258789,12.04236125946045
30-03-2021,12.329999923706055,12.329999923706055,19300,12.390000343322754,12.380000114440918,12.08139705657959
31-03-2021,12.34000015258789,12.399999618530273,75100,12.460000038146973,12.369999885559082,12.071637153625488
01-04-2021,12.369999885559082,12.369999885559082,62000,12.520000457763672,12.449999809265137,12.149707794189453
05-04-2021,12.430000305175781,12.539999961853027,33800,12.539999961853027,12.470000267028809,12.169225692749023
06-04-2021,12.449999809265137,12.449999809265137,35100,12.550000190734863,12.5,12.198501586914062
07-04-2021,12.510000228881836,12.520000457763672,50000,12.5600004196167,12.5600004196167,12.257054328918457
08-04-2021,12.569999694824219,12.569999694824219,26400,12.600000381469727,12.579999923706055,12.27657413482666
09-04-2021,12.579999923706055,12.579999923706055,23000,12.649999618530273,12.579999923706055,12.27657413482666
12-04-2021,12.59000015258789,12.600000381469727,31600,12.649999618530273,12.630000114440918,12.325366020202637
13-04-2021,12.619999885559082,12.649999618530273,33200,12.720000267028809,12.640000343322754,12.335125923156738
14-04-2021,12.640000343322754,12.640000343322754,43600,12.739999771118164,12.699999809265137,12.39367961883545
15-04-2021,12.699999809265137,12.720000267028809,50000,12.819999694824219,12.789999961853027,12.481508255004883
16-04-2021,12.619999885559082,12.729999542236328,49800,12.760000228881836,12.630000114440918,12.376169204711914
19-04-2021,12.579999923706055,12.59000015258789,76900,12.739999771118164,12.670000076293945,12.415363311767578
20-04-2021,12.6899995803833,12.6899995803833,38400,12.770000457763672,12.720000267028809,12.464359283447266
21-04-2021,12.729999542236328,12.75,50900,12.770000457763672,12.760000228881836,12.503554344177246
22-04-2021,12.699999809265137,12.75,44000,12.779999732971191,12.729999542236328,12.474159240722656
23-04-2021,12.720000267028809,12.760000228881836,42700,12.789999961853027,12.739999771118164,12.483957290649414
26-04-2021,12.710000038146973,12.710000038146973,42100,12.779999732971191,12.760000228881836,12.503554344177246
27-04-2021,12.65999984741211,12.710000038146973,74100,12.75,12.65999984741211,12.40556526184082
28-04-2021,12.550000190734863,12.670000076293945,102000,12.720000267028809,12.609999656677246,12.35657024383545
29-04-2021,12.600000381469727,12.619999885559082,83100,12.6899995803833,12.619999885559082,12.366369247436523
30-04-2021,12.579999923706055,12.640000343322754,67800,12.670000076293945,12.609999656677246,12.35657024383545
03-05-2021,12.569999694824219,12.569999694824219,42900,12.6899995803833,12.680000305175781,12.425164222717285
04-05-2021,12.630000114440918,12.6899995803833,48500,12.75,12.739999771118164,12.483957290649414
05-05-2021,12.699999809265137,12.75,64200,12.829999923706055,12.770000457763672,12.513354301452637
06-05-2021,12.75,12.75,27100,12.819999694824219,12.770000457763672,12.513354301452637
07-05-2021,12.800000190734863,12.800000190734863,26800,12.880000114440918,12.880000114440918,12.62114429473877
10-05-2021,12.75,12.84000015258789,52700,12.869999885559082,12.770000457763672,12.513354301452637
11-05-2021,12.729999542236328,12.729999542236328,24600,12.800000190734863,12.739999771118164,12.483957290649414
12-05-2021,12.59000015258789,12.680000305175781,46800,12.75,12.600000381469727,12.346771240234375
13-05-2021,12.550000190734863,12.569999694824219,28000,12.65999984741211,12.579999923706055,12.327173233032227
14-05-2021,12.5600004196167,12.5600004196167,39200,12.640000343322754,12.579999923706055,12.327173233032227
17-05-2021,12.550000190734863,12.5600004196167,23900,12.609999656677246,12.5600004196167,12.307575225830078
18-05-2021,12.5,12.5,45800,12.539999961853027,12.5,12.295770645141602
19-05-2021,12.449999809265137,12.5,77200,12.529999732971191,12.520000457763672,12.315445899963379
20-05-2021,12.529999732971191,12.5600004196167,37400,12.630000114440918,12.59000015258789,12.38430118560791
21-05-2021,12.59000015258789,12.600000381469727,28800,12.640000343322754,12.600000381469727,12.394137382507324
24-05-2021,12.619999885559082,12.640000343322754,25200,12.680000305175781,12.680000305175781,12.472830772399902
25-05-2021,12.539999961853027,12.680000305175781,23400,12.710000038146973,12.710000038146973,12.502339363098145
26-05-2021,12.65999984741211,12.720000267028809,19400,12.729999542236328,12.699999809265137,12.49250316619873
27-05-2021,12.65999984741211,12.699999809265137,55900,12.739999771118164,12.699999809265137,12.49250316619873
28-05-2021,12.699999809265137,12.779999732971191,38200,12.779999732971191,12.739999771118164,12.531850814819336
01-06-2021,12.699999809265137,12.729999542236328,38900,12.789999961853027,12.770000457763672,12.561360359191895
02-06-2021,12.6899995803833,12.770000457763672,50200,12.770000457763672,12.710000038146973,12.502339363098145
03-06-2021,12.6899995803833,12.720000267028809,77000,12.789999961853027,12.699999809265137,12.49250316619873
04-06-2021,12.619999885559082,12.75,45500,12.770000457763672,12.680000305175781,12.472830772399902
07-06-2021,12.65999984741211,12.699999809265137,51400,12.75,12.680000305175781,12.472830772399902
08-06-2021,12.680000305175781,12.680000305175781,31000,12.720000267028809,12.680000305175781,12.472830772399902
09-06-2021,12.680000305175781,12.680000305175781,29100,12.75,12.699999809265137,12.49250316619873
10-06-2021,12.670000076293945,12.6899995803833,38500,12.760000228881836,12.670000076293945,12.462992668151855
11-06-2021,12.6899995803833,12.6899995803833,67300,12.770000457763672,12.710000038146973,12.502339363098145
14-06-2021,12.710000038146973,12.739999771118164,29000,12.770000457763672,12.729999542236328,12.522012710571289
15-06-2021,12.699999809265137,12.760000228881836,99600,12.800000190734863,12.789999961853027,12.581032752990723
16-06-2021,12.699999809265137,12.720000267028809,73900,12.789999961853027,12.710000038146973,12.549437522888184
17-06-2021,12.670000076293945,12.670000076293945,34300,12.760000228881836,12.729999542236328,12.569184303283691
18-06-2021,12.729999542236328,12.729999542236328,13600,12.789999961853027,12.770000457763672,12.60867977142334
21-06-2021,12.75,12.770000457763672,32300,12.8100004196167,12.8100004196167,12.648174285888672
22-06-2021,12.819999694824219,12.829999923706055,83000,12.850000381469727,12.829999923706055,12.667922019958496
23-06-2021,12.829999923706055,12.829999923706055,42100,12.880000114440918,12.859999656677246,12.697542190551758
24-06-2021,12.869999885559082,12.890000343322754,30400,12.90999984741211,12.890000343322754,12.727163314819336
25-06-2021,12.880000114440918,12.90999984741211,18700,12.920000076293945,12.880000114440918,12.717289924621582
28-06-2021,12.75,12.899999618530273,12700,12.949999809265137,12.920000076293945,12.756784439086914
29-06-2021,12.930000305175781,12.930000305175781,41500,12.989999771118164,12.960000038146973,12.796279907226562
30-06-2021,12.979999542236328,13.039999961853027,51100,13.100000381469727,12.979999542236328,12.81602668762207
01-07-2021,12.979999542236328,12.979999542236328,51600,13.09000015258789,13.020000457763672,12.855521202087402
02-07-2021,12.899999618530273,13.020000457763672,61100,13.09000015258789,12.899999618530273,12.73703670501709
06-07-2021,12.869999885559082,12.920000076293945,28000,12.9399995803833,12.930000305175781,12.766658782958984
07-07-2021,12.899999618530273,12.930000305175781,34200,12.989999771118164,12.989999771118164,12.825900077819824
08-07-2021,12.899999618530273,12.949999809265137,48400,13.079999923706055,13.079999923706055,12.914763450622559
09-07-2021,13.029999732971191,13.09000015258789,25800,13.130000114440918,13.09000015258789,12.924637794494629
12-07-2021,13.079999923706055,13.079999923706055,37900,13.130000114440918,13.09000015258789,12.924637794494629
13-07-2021,13.029999732971191,13.050000190734863,39300,13.109999656677246,13.0600004196167,12.89501667022705
14-07-2021,13.020000457763672,13.050000190734863,37900,13.149999618530273,13.149999618530273,12.983878135681152
15-07-2021,12.989999771118164,13.170000076293945,24700,13.170000076293945,13.0,12.835774421691895
16-07-2021,12.970000267028809,13.069999694824219,59200,13.079999923706055,13.050000190734863,12.885143280029297
19-07-2021,12.890000343322754,13.029999732971191,35600,13.0600004196167,12.970000267028809,12.806153297424316
20-07-2021,12.90999984741211,12.970000267028809,32400,12.979999542236328,12.949999809265137,12.833901405334473
21-07-2021,12.829999923706055,12.920000076293945,45000,12.949999809265137,12.850000381469727,12.734798431396484
22-07-2021,12.800000190734863,12.850000381469727,21900,12.880000114440918,12.800000190734863,12.685246467590332
23-07-2021,12.850000381469727,12.850000381469727,62000,12.970000267028809,12.970000267028809,12.85372257232666
26-07-2021,12.890000343322754,13.0,61700,13.0,12.979999542236328,12.863632202148438
27-07-2021,12.989999771118164,12.989999771118164,26600,13.039999961853027,13.039999961853027,12.923093795776367
28-07-2021,13.020000457763672,13.050000190734863,45500,13.140000343322754,13.109999656677246,12.992466926574707
29-07-2021,13.100000381469727,13.149999618530273,21300,13.199999809265137,13.170000076293945,13.05193042755127
30-07-2021,13.140000343322754,13.180000305175781,52200,13.199999809265137,13.1899995803833,13.071749687194824
02-08-2021,13.149999618530273,13.199999809265137,25100,13.210000038146973,13.180000305175781,13.061840057373047
03-08-2021,13.069999694824219,13.180000305175781,40700,13.199999809265137,13.1899995803833,13.071749687194824
04-08-2021,12.989999771118164,13.149999618530273,90400,13.15999984741211,12.989999771118164,12.873542785644531
05-08-2021,12.9399995803833,12.960000038146973,57500,13.029999732971191,12.9399995803833,12.823990821838379
06-08-2021,12.770000457763672,12.800000190734863,138700,12.9399995803833,12.880000114440918,12.764530181884766
09-08-2021,12.649999618530273,12.880000114440918,188000,12.880000114440918,12.789999961853027,12.675336837768555
10-08-2021,12.680000305175781,12.800000190734863,81100,12.800000190734863,12.720000267028809,12.605963706970215
11-08-2021,12.720000267028809,12.770000457763672,115200,12.800000190734863,12.760000228881836,12.64560604095459
12-08-2021,12.720000267028809,12.779999732971191,36000,12.800000190734863,12.729999542236328,12.615874290466309
13-08-2021,12.710000038146973,12.739999771118164,45900,12.770000457763672,12.729999542236328,12.615874290466309
16-08-2021,12.729999542236328,12.75,38500,12.770000457763672,12.760000228881836,12.64560604095459
17-08-2021,12.75,12.75,39300,12.800000190734863,12.789999961853027,12.675336837768555
18-08-2021,12.720000267028809,12.729999542236328,58200,12.779999732971191,12.729999542236328,12.652972221374512
19-08-2021,12.680000305175781,12.710000038146973,83300,12.739999771118164,12.729999542236328,12.652972221374512
20-08-2021,12.699999809265137,12.699999809265137,45100,12.75,12.729999542236328,12.652972221374512
23-08-2021,12.699999809265137,12.729999542236328,55200,12.760000228881836,12.710000038146973,12.633092880249023
24-08-2021,12.65999984741211,12.670000076293945,114400,12.770000457763672,12.739999771118164,12.662911415100098
25-08-2021,12.670000076293945,12.75,24600,12.75,12.6899995803833,12.613214492797852
26-08-2021,12.630000114440918,12.6899995803833,44800,12.710000038146973,12.630000114440918,12.553577423095703
27-08-2021,12.630000114440918,12.670000076293945,27900,12.680000305175781,12.649999618530273,12.573456764221191
30-08-2021,12.59000015258789,12.640000343322754,70500,12.649999618530273,12.609999656677246,12.533698081970215
31-08-2021,12.569999694824219,12.609999656677246,46600,12.609999656677246,12.579999923706055,12.50387954711914
01-09-2021,12.550000190734863,12.579999923706055,50600,12.59000015258789,12.59000015258789,12.513819694519043
02-09-2021,12.569999694824219,12.569999694824219,59100,12.619999885559082,12.600000381469727,12.523759841918945
03-09-2021,12.510000228881836,12.600000381469727,48700,12.600000381469727,12.520000457763672,12.444243431091309
07-09-2021,12.5,12.5,36700,12.539999961853027,12.510000228881836,12.434303283691406
08-09-2021,12.470000267028809,12.529999732971191,59900,12.550000190734863,12.479999542236328,12.404484748840332
09-09-2021,12.479999542236328,12.510000228881836,54800,12.5600004196167,12.510000228881836,12.434303283691406
10-09-2021,12.489999771118164,12.5,32200,12.520000457763672,12.510000228881836,12.434303283691406
13-09-2021,12.479999542236328,12.489999771118164,81800,12.619999885559082,12.619999885559082,12.5436372756958
14-09-2021,12.569999694824219,12.600000381469727,85800,12.619999885559082,12.600000381469727,12.523759841918945
15-09-2021,12.470000267028809,12.529999732971191,56600,12.579999923706055,12.5,12.461451530456543
16-09-2021,12.430000305175781,12.5,70700,12.520000457763672,12.4399995803833,12.401636123657227
17-09-2021,12.390000343322754,12.420000076293945,44100,12.460000038146973,12.40999984741211,12.371728897094727
20-09-2021,12.350000381469727,12.350000381469727,95700,12.4399995803833,12.40999984741211,12.371728897094727
21-09-2021,12.390000343322754,12.460000038146973,43100,12.460000038146973,12.460000038146973,12.421574592590332
22-09-2021,12.430000305175781,12.430000305175781,33000,12.460000038146973,12.4399995803833,12.401636123657227
23-09-2021,12.359999656677246,12.430000305175781,31600,12.449999809265137,12.390000343322754,12.351791381835938
24-09-2021,12.359999656677246,12.380000114440918,50900,12.420000076293945,12.399999618530273,12.361759185791016
27-09-2021,12.289999961853027,12.34000015258789,71900,12.359999656677246,12.289999961853027,12.25209903717041
28-09-2021,12.119999885559082,12.260000228881836,90900,12.270000457763672,12.149999618530273,12.112530708312988
29-09-2021,11.890000343322754,12.119999885559082,151500,12.220000267028809,12.010000228881836,11.972962379455566
30-09-2021,12.020000457763672,12.020000457763672,74600,12.130000114440918,12.130000114440918,12.092592239379883
01-10-2021,12.069999694824219,12.140000343322754,34400,12.140000343322754,12.079999923706055,12.042746543884277
04-10-2021,11.989999771118164,12.050000190734863,42400,12.069999694824219,11.989999771118164,11.953023910522461
05-10-2021,11.9399995803833,11.989999771118164,74200,12.020000457763672,11.9399995803833,11.903178215026855
06-10-2021,11.800000190734863,11.899999618530273,153300,11.970000267028809,11.859999656677246,11.823424339294434
07-10-2021,11.859999656677246,11.880000114440918,55300,12.010000228881836,11.859999656677246,11.823424339294434
08-10-2021,11.859999656677246,11.859999656677246,41500,11.90999984741211,11.859999656677246,11.823424339294434
11-10-2021,11.850000381469727,11.890000343322754,31900,11.899999618530273,11.880000114440918,11.843363761901855
12-10-2021,11.880000114440918,11.90999984741211,61200,11.970000267028809,11.920000076293945,11.88323974609375
13-10-2021,11.9399995803833,11.960000038146973,64800,12.010000228881836,11.989999771118164,11.953023910522461
14-10-2021,12.0,12.010000228881836,89100,12.0600004196167,12.020000457763672,11.982932090759277
15-10-2021,12.029999732971191,12.079999923706055,129100,12.210000038146973,12.15999984741211,12.122499465942383
18-10-2021,12.0600004196167,12.130000114440918,66797,12.15999984741211,12.0600004196167,12.0600004196167
