Date,Low,Open,Volume,High,Close,Adjusted Close
13-04-1992,14.875,15.0,32100,15.125,15.0,2.470499277114868
14-04-1992,14.875,15.0,14400,15.0,15.0,2.470499277114868
15-04-1992,14.875,15.0,38200,15.0,15.0,2.470499277114868
16-04-1992,14.875,15.0,17800,15.0,15.0,2.470499277114868
20-04-1992,14.875,15.0,16100,15.0,15.0,2.470499277114868
21-04-1992,14.875,15.0,9400,15.0,15.0,2.470499277114868
22-04-1992,14.875,15.0,18300,15.0,15.0,2.470499277114868
23-04-1992,14.875,15.0,19000,15.0,15.0,2.470499277114868
24-04-1992,14.875,15.0,13900,15.0,15.0,2.470499277114868
27-04-1992,14.875,15.0,28000,15.125,15.0,2.470499277114868
28-04-1992,14.875,15.0,6000,15.125,15.0,2.470499277114868
29-04-1992,15.0,15.125,18100,15.125,15.0,2.470499277114868
30-04-1992,15.0,15.125,9600,15.125,15.0,2.470499277114868
01-05-1992,14.875,14.875,6400,15.125,15.125,2.4910855293273926
04-05-1992,14.75,15.0,53100,15.0,14.875,2.449910879135132
05-05-1992,14.75,14.875,11200,15.0,14.75,2.42932391166687
06-05-1992,14.75,14.75,11100,14.875,14.875,2.449910879135132
07-05-1992,14.75,14.875,19100,15.0,15.0,2.470499277114868
08-05-1992,14.875,15.0,12400,15.0,15.0,2.470499277114868
11-05-1992,14.75,14.875,11200,15.0,14.875,2.449910879135132
12-05-1992,14.5,14.75,12500,14.875,14.5,2.3881497383117676
13-05-1992,14.625,14.625,21000,15.0,14.875,2.449910879135132
14-05-1992,14.75,15.0,10800,15.0,15.0,2.470499277114868
15-05-1992,14.875,14.875,10700,15.0,14.875,2.449910879135132
18-05-1992,14.75,14.875,23200,15.0,14.875,2.449910879135132
19-05-1992,14.75,14.875,31800,15.0,14.875,2.449910879135132
20-05-1992,14.875,14.875,30100,15.0,15.0,2.470499277114868
21-05-1992,14.875,14.875,15000,15.0,15.0,2.470499277114868
22-05-1992,14.875,14.875,10200,15.0,14.875,2.449910879135132
26-05-1992,14.625,14.875,36900,15.0,14.75,2.42932391166687
27-05-1992,14.75,14.75,3400,14.875,14.875,2.449910879135132
28-05-1992,14.625,14.875,36300,14.875,14.875,2.449910879135132
29-05-1992,14.875,15.0,16400,15.0,15.0,2.470499277114868
01-06-1992,14.625,15.0,20400,15.0,14.75,2.42932391166687
02-06-1992,14.75,14.875,3500,14.875,14.75,2.42932391166687
03-06-1992,14.625,14.875,19200,14.875,14.75,2.42932391166687
04-06-1992,14.5,14.875,22900,14.875,14.75,2.42932391166687
05-06-1992,14.375,14.75,20500,14.75,14.75,2.42932391166687
08-06-1992,14.375,14.75,11600,14.75,14.375,2.3675615787506104
09-06-1992,14.5,14.5,28600,14.75,14.5,2.3881497383117676
10-06-1992,14.625,14.75,15600,14.75,14.75,2.42932391166687
11-06-1992,14.625,14.75,19300,14.75,14.75,2.42932391166687
12-06-1992,14.375,14.5,33600,14.75,14.625,2.4172608852386475
15-06-1992,14.375,14.5,18800,14.875,14.875,2.4585790634155273
16-06-1992,14.625,14.75,7200,14.75,14.625,2.4172608852386475
17-06-1992,14.5,14.625,5200,14.75,14.75,2.4379186630249023
18-06-1992,14.5,14.625,6100,14.625,14.625,2.4172608852386475
19-06-1992,14.375,14.5,26200,14.625,14.5,2.3965981006622314
22-06-1992,14.5,14.5,13000,14.75,14.5,2.3965981006622314
23-06-1992,14.375,14.625,17200,14.75,14.75,2.4379186630249023
24-06-1992,14.5,14.75,12600,14.75,14.75,2.4379186630249023
25-06-1992,14.5,14.5,30300,14.875,14.875,2.4585790634155273
26-06-1992,14.75,14.75,8500,15.0,14.875,2.4585790634155273
29-06-1992,14.75,14.75,10700,14.875,14.75,2.4379186630249023
30-06-1992,14.75,14.75,24300,15.0,14.75,2.4379186630249023
01-07-1992,14.75,15.0,39500,15.0,14.75,2.4379186630249023
02-07-1992,14.75,14.75,8700,15.0,15.0,2.4792380332946777
06-07-1992,14.75,15.0,19200,15.0,14.875,2.4585790634155273
07-07-1992,14.875,14.875,42200,15.0,15.0,2.4792380332946777
08-07-1992,14.875,15.0,32000,15.125,15.125,2.49989914894104
09-07-1992,14.75,15.125,43200,15.125,14.875,2.4585790634155273
10-07-1992,14.875,15.0,67300,15.125,14.875,2.4585790634155273
13-07-1992,14.75,14.875,57100,15.25,14.75,2.4515976905822754
14-07-1992,14.75,14.875,70400,15.125,15.125,2.5139269828796387
15-07-1992,14.875,15.125,26600,15.125,15.0,2.493149757385254
16-07-1992,14.875,15.0,35100,15.125,15.0,2.493149757385254
17-07-1992,14.875,15.0,31000,15.125,15.0,2.493149757385254
20-07-1992,14.875,15.0,36800,15.125,14.875,2.472374200820923
21-07-1992,15.0,15.0,47000,15.25,15.25,2.5347015857696533
22-07-1992,15.0,15.25,42600,15.25,15.125,2.5139269828796387
23-07-1992,15.0,15.125,25700,15.125,15.125,2.5139269828796387
24-07-1992,15.0,15.125,37200,15.25,15.125,2.5139269828796387
27-07-1992,15.0,15.125,55000,15.375,15.375,2.5554795265197754
28-07-1992,15.25,15.25,80500,15.375,15.25,2.5347015857696533
29-07-1992,15.25,15.375,72200,15.5,15.375,2.5554795265197754
30-07-1992,15.25,15.375,44100,15.5,15.375,2.5554795265197754
31-07-1992,15.25,15.375,20300,15.375,15.25,2.5347015857696533
03-08-1992,15.25,15.25,49500,15.625,15.625,2.5970330238342285
04-08-1992,15.375,15.375,32300,15.5,15.5,2.576254367828369
05-08-1992,15.375,15.375,30400,15.5,15.375,2.5554795265197754
06-08-1992,15.375,15.375,70300,15.5,15.375,2.5554795265197754
07-08-1992,15.375,15.5,42900,15.625,15.5,2.576254367828369
10-08-1992,15.5,15.5,98800,15.75,15.5,2.576254367828369
11-08-1992,15.25,15.5,64400,15.5,15.25,2.5486791133880615
12-08-1992,15.25,15.25,83800,15.5,15.375,2.5695712566375732
13-08-1992,15.375,15.5,39500,15.5,15.5,2.5904593467712402
14-08-1992,15.25,15.375,49600,15.5,15.375,2.5695712566375732
17-08-1992,15.375,15.5,53700,15.5,15.375,2.5695712566375732
18-08-1992,15.375,15.375,52100,15.5,15.5,2.5904593467712402
19-08-1992,15.375,15.5,50500,15.5,15.5,2.5904593467712402
20-08-1992,15.25,15.5,58800,15.625,15.25,2.5486791133880615
21-08-1992,15.375,15.5,49900,15.5,15.375,2.5695712566375732
24-08-1992,15.375,15.5,52900,15.5,15.375,2.5695712566375732
25-08-1992,15.125,15.375,54400,15.5,15.375,2.5695712566375732
26-08-1992,15.25,15.375,38500,15.375,15.25,2.5486791133880615
27-08-1992,15.125,15.25,38600,15.375,15.375,2.5695712566375732
28-08-1992,15.125,15.25,32600,15.375,15.125,2.52778959274292
31-08-1992,15.0,15.125,53700,15.25,15.0,2.506897449493408
01-09-1992,15.0,15.125,49000,15.25,15.125,2.52778959274292
02-09-1992,15.125,15.25,68900,15.375,15.375,2.5695712566375732
03-09-1992,15.25,15.25,44900,15.375,15.25,2.5486791133880615
04-09-1992,15.125,15.25,48300,15.375,15.25,2.5486791133880615
08-09-1992,15.125,15.25,41700,15.375,15.25,2.5486791133880615
09-09-1992,15.25,15.25,77400,15.625,15.625,2.6113524436950684
10-09-1992,15.5,15.625,46000,15.625,15.625,2.6113524436950684
11-09-1992,15.375,15.625,126700,15.75,15.625,2.6113524436950684
14-09-1992,15.25,15.625,78300,15.75,15.25,2.562619924545288
15-09-1992,15.0,15.125,101600,15.375,15.25,2.562619924545288
16-09-1992,15.25,15.25,56800,15.625,15.5,2.6046295166015625
17-09-1992,15.375,15.625,29800,15.625,15.5,2.6046295166015625
18-09-1992,15.25,15.5,46100,15.5,15.25,2.562619924545288
21-09-1992,15.125,15.375,33600,15.375,15.125,2.541616439819336
22-09-1992,15.0,15.25,29100,15.25,15.125,2.541616439819336
23-09-1992,14.875,15.125,26300,15.125,15.0,2.520611524581909
24-09-1992,14.875,15.125,48700,15.125,15.125,2.541616439819336
25-09-1992,15.0,15.0,16100,15.125,15.125,2.541616439819336
28-09-1992,15.0,15.125,35000,15.125,15.0,2.520611524581909
29-09-1992,15.0,15.125,34100,15.125,15.125,2.541616439819336
30-09-1992,15.0,15.0,38500,15.25,15.0,2.520611524581909
01-10-1992,15.0,15.125,52400,15.375,15.25,2.562619924545288
02-10-1992,15.125,15.375,36200,15.375,15.375,2.583627700805664
05-10-1992,15.25,15.375,37400,15.5,15.25,2.562619924545288
06-10-1992,15.125,15.25,29400,15.375,15.125,2.541616439819336
07-10-1992,15.125,15.25,39500,15.375,15.25,2.562619924545288
08-10-1992,15.0,15.25,68400,15.25,15.0,2.520611524581909
09-10-1992,14.875,14.875,31900,15.0,15.0,2.5344669818878174
12-10-1992,14.75,14.875,48300,15.0,14.875,2.5133450031280518
13-10-1992,14.625,14.75,49900,15.0,15.0,2.5344669818878174
14-10-1992,14.875,15.0,20000,15.0,15.0,2.5344669818878174
15-10-1992,14.875,14.875,44400,15.125,15.0,2.5344669818878174
16-10-1992,14.75,15.0,23700,15.125,14.875,2.5133450031280518
19-10-1992,14.625,14.75,25500,14.875,14.625,2.4711050987243652
20-10-1992,14.25,14.75,30700,14.75,14.25,2.407740592956543
21-10-1992,14.25,14.375,50300,14.75,14.625,2.4711050987243652
22-10-1992,14.25,14.5,48000,14.5,14.375,2.428861618041992
23-10-1992,14.25,14.5,33500,14.75,14.75,2.4922268390655518
26-10-1992,14.375,14.75,46800,14.75,14.625,2.4711050987243652
27-10-1992,14.5,14.625,22100,14.75,14.75,2.4922268390655518
28-10-1992,14.625,14.875,27800,14.875,14.75,2.4922268390655518
29-10-1992,14.625,14.75,28500,14.875,14.75,2.4922268390655518
30-10-1992,14.875,14.875,33400,15.0,14.875,2.5133450031280518
02-11-1992,14.875,15.0,27100,15.0,14.875,2.5133450031280518
03-11-1992,14.75,15.0,27400,15.0,14.875,2.5133450031280518
04-11-1992,14.75,14.75,35900,14.875,14.75,2.4922268390655518
05-11-1992,14.75,14.75,35100,14.875,14.875,2.5133450031280518
06-11-1992,14.75,14.75,57100,14.875,14.875,2.5133450031280518
09-11-1992,14.75,14.75,36800,14.875,14.75,2.506718158721924
10-11-1992,14.625,14.875,55900,15.0,14.875,2.527961015701294
11-11-1992,14.625,14.875,46900,14.875,14.625,2.4854729175567627
12-11-1992,14.75,14.75,34700,15.0,15.0,2.5492043495178223
13-11-1992,14.75,15.0,52500,15.0,14.875,2.527961015701294
16-11-1992,14.75,14.75,34900,14.875,14.875,2.527961015701294
17-11-1992,14.75,14.875,36700,15.0,14.75,2.506718158721924
18-11-1992,14.75,15.0,51000,15.0,14.75,2.506718158721924
19-11-1992,14.75,14.875,58000,15.0,14.75,2.506718158721924
20-11-1992,14.75,14.875,35100,14.875,14.875,2.527961015701294
23-11-1992,14.75,14.875,30800,15.0,14.875,2.527961015701294
24-11-1992,14.75,14.875,34600,15.0,14.875,2.527961015701294
25-11-1992,14.75,14.875,15800,14.875,14.875,2.527961015701294
27-11-1992,14.75,14.75,4900,14.875,14.875,2.527961015701294
30-11-1992,14.875,15.0,50100,15.0,15.0,2.5492043495178223
01-12-1992,14.875,15.125,28500,15.125,15.0,2.5492043495178223
02-12-1992,14.875,15.0,30500,15.125,15.0,2.5492043495178223
03-12-1992,14.875,15.125,59400,15.25,15.125,2.5704472064971924
04-12-1992,15.0,15.125,83800,15.125,15.0,2.5492043495178223
07-12-1992,15.0,15.125,63900,15.25,15.25,2.5916879177093506
08-12-1992,15.0,15.25,34300,15.25,15.125,2.5704472064971924
09-12-1992,15.0,15.125,48300,15.125,15.0,2.5492043495178223
10-12-1992,14.875,15.125,36700,15.125,15.125,2.5704472064971924
11-12-1992,14.875,15.125,41100,15.125,15.0,2.5492043495178223
14-12-1992,14.625,14.625,49900,14.875,14.625,2.5156619548797607
15-12-1992,14.625,14.625,43700,14.75,14.75,2.537163734436035
16-12-1992,14.625,14.75,34400,14.75,14.75,2.537163734436035
17-12-1992,14.5,14.625,102100,14.75,14.5,2.4941580295562744
18-12-1992,14.625,14.625,51200,14.75,14.625,2.5156619548797607
21-12-1992,14.5,14.75,37200,14.75,14.625,2.5156619548797607
22-12-1992,14.5,14.625,66200,14.75,14.5,2.4941580295562744
23-12-1992,14.375,14.5,50900,14.625,14.5,2.4941580295562744
24-12-1992,14.5,14.625,15300,14.625,14.625,2.5156619548797607
28-12-1992,14.5,14.625,12200,14.625,14.5,2.4941580295562744
29-12-1992,14.5,14.625,12500,14.625,14.5,2.4941580295562744
30-12-1992,14.5,14.625,30900,14.625,14.625,2.5156619548797607
31-12-1992,14.5,14.5,61300,14.75,14.625,2.5156619548797607
04-01-1993,14.5,14.5,102700,14.75,14.75,2.537163734436035
05-01-1993,14.75,14.75,60100,15.0,15.0,2.5801656246185303
06-01-1993,14.875,14.875,58700,15.0,15.0,2.5801656246185303
07-01-1993,14.875,15.0,45900,15.0,15.0,2.5801656246185303
08-01-1993,14.875,15.0,73300,15.125,15.0,2.5801656246185303
11-01-1993,14.875,15.0,37000,15.125,15.0,2.5801656246185303
12-01-1993,14.875,15.0,90600,15.25,15.125,2.616316795349121
13-01-1993,15.0,15.125,46700,15.25,15.25,2.637939691543579
14-01-1993,14.75,15.125,68900,15.25,14.75,2.5514514446258545
15-01-1993,14.875,14.875,54600,15.125,15.125,2.616316795349121
18-01-1993,15.0,15.0,68200,15.25,15.25,2.637939691543579
19-01-1993,15.0,15.125,42500,15.25,15.0,2.5946943759918213
20-01-1993,15.0,15.125,53400,15.25,15.125,2.616316795349121
21-01-1993,15.0,15.125,41100,15.25,15.25,2.637939691543579
22-01-1993,14.875,15.25,68900,15.25,15.0,2.5946943759918213
25-01-1993,15.0,15.0,47200,15.125,15.125,2.616316795349121
26-01-1993,15.0,15.25,43900,15.25,15.25,2.637939691543579
27-01-1993,15.125,15.125,34600,15.25,15.125,2.616316795349121
28-01-1993,15.125,15.25,25100,15.375,15.375,2.659562826156616
29-01-1993,15.125,15.25,36400,15.375,15.125,2.616316795349121
01-02-1993,15.125,15.25,29700,15.25,15.125,2.616316795349121
02-02-1993,15.125,15.25,63400,15.375,15.125,2.616316795349121
03-02-1993,15.125,15.25,60100,15.25,15.125,2.616316795349121
04-02-1993,15.0,15.125,70600,15.25,15.25,2.637939691543579
05-02-1993,15.0,15.25,28400,15.25,15.125,2.616316795349121
08-02-1993,15.0,15.125,50600,15.25,15.25,2.637939691543579
09-02-1993,15.0,15.25,32200,15.25,15.25,2.651851177215576
10-02-1993,15.125,15.25,47700,15.375,15.25,2.651851177215576
11-02-1993,15.125,15.375,44800,15.375,15.375,2.6735892295837402
12-02-1993,15.125,15.25,29400,15.375,15.25,2.651851177215576
16-02-1993,15.0,15.125,69500,15.25,15.125,2.630115270614624
17-02-1993,15.0,15.25,33000,15.25,15.0,2.6083791255950928
18-02-1993,15.125,15.125,80000,15.25,15.25,2.651851177215576
19-02-1993,15.125,15.125,75700,15.375,15.25,2.651851177215576
22-02-1993,15.25,15.25,62100,15.5,15.375,2.6735892295837402
23-02-1993,15.25,15.375,58000,15.5,15.5,2.6953277587890625
24-02-1993,15.375,15.5,36600,15.625,15.625,2.7170605659484863
25-02-1993,15.375,15.5,71600,15.625,15.5,2.6953277587890625
26-02-1993,15.375,15.5,96400,15.75,15.75,2.738799571990967
01-03-1993,15.625,15.625,80900,15.875,15.75,2.738799571990967
02-03-1993,15.625,15.875,78400,15.875,15.75,2.738799571990967
03-03-1993,15.625,15.75,65400,15.75,15.75,2.738799571990967
04-03-1993,15.625,15.75,46200,15.75,15.625,2.7170605659484863
05-03-1993,15.5,15.5,38200,15.75,15.625,2.7170605659484863
08-03-1993,15.5,15.625,47600,15.75,15.75,2.738799571990967
09-03-1993,15.5,15.625,91700,15.75,15.625,2.7170605659484863
10-03-1993,15.5,15.625,77900,15.75,15.75,2.738799571990967
11-03-1993,15.625,15.625,34900,15.75,15.625,2.7170605659484863
12-03-1993,15.375,15.625,91300,15.625,15.5,2.6953277587890625
15-03-1993,15.25,15.5,73100,15.625,15.625,2.731334686279297
16-03-1993,15.5,15.625,71600,15.625,15.625,2.731334686279297
17-03-1993,15.375,15.5,52500,15.5,15.375,2.687633752822876
18-03-1993,15.125,15.375,61200,15.375,15.25,2.665782928466797
19-03-1993,15.125,15.375,51600,15.375,15.25,2.665782928466797
22-03-1993,15.25,15.375,33800,15.375,15.25,2.665782928466797
23-03-1993,15.375,15.375,25400,15.5,15.375,2.687633752822876
24-03-1993,15.375,15.375,61500,15.5,15.5,2.7094855308532715
25-03-1993,15.375,15.5,41400,15.5,15.5,2.7094855308532715
26-03-1993,15.375,15.5,32900,15.625,15.625,2.731334686279297
29-03-1993,15.25,15.375,47000,15.5,15.25,2.665782928466797
30-03-1993,15.125,15.375,95000,15.5,15.25,2.665782928466797
31-03-1993,15.125,15.25,39900,15.25,15.25,2.665782928466797
01-04-1993,15.0,15.25,176300,15.375,15.375,2.687633752822876
02-04-1993,15.25,15.25,46200,15.375,15.375,2.687633752822876
05-04-1993,15.25,15.375,24900,15.5,15.375,2.687633752822876
06-04-1993,15.375,15.375,33500,15.5,15.5,2.7094855308532715
07-04-1993,15.25,15.5,59000,15.5,15.25,2.665782928466797
08-04-1993,15.125,15.375,34200,15.375,15.25,2.665782928466797
12-04-1993,15.25,15.25,62400,15.375,15.25,2.665782928466797
13-04-1993,15.125,15.25,68000,15.375,15.25,2.680194854736328
14-04-1993,15.125,15.25,52000,15.25,15.25,2.680194854736328
15-04-1993,15.25,15.25,33800,15.375,15.25,2.680194854736328
16-04-1993,15.25,15.375,52200,15.375,15.25,2.680194854736328
19-04-1993,15.25,15.375,42300,15.375,15.375,2.7021641731262207
20-04-1993,15.25,15.25,44600,15.375,15.25,2.680194854736328
21-04-1993,15.25,15.375,48800,15.375,15.25,2.680194854736328
22-04-1993,15.125,15.375,40100,15.375,15.125,2.658226728439331
23-04-1993,15.25,15.25,23200,15.375,15.25,2.680194854736328
26-04-1993,15.125,15.25,19900,15.375,15.25,2.680194854736328
27-04-1993,15.125,15.125,52100,15.375,15.375,2.7021641731262207
28-04-1993,15.0,15.125,116400,15.25,15.125,2.658226728439331
29-04-1993,15.125,15.25,68600,15.375,15.25,2.680194854736328
30-04-1993,15.25,15.25,80200,15.375,15.375,2.7021641731262207
03-05-1993,15.25,15.375,76100,15.5,15.5,2.7241334915161133
04-05-1993,15.375,15.375,104000,15.75,15.625,2.7460999488830566
05-05-1993,15.375,15.5,87200,15.625,15.5,2.7241334915161133
06-05-1993,15.25,15.5,66700,15.5,15.375,2.7021641731262207
07-05-1993,15.375,15.5,52400,15.5,15.375,2.7021641731262207
10-05-1993,15.25,15.5,58600,15.5,15.5,2.7241334915161133
11-05-1993,15.375,15.5,54200,15.5,15.375,2.7021641731262207
12-05-1993,15.25,15.25,72900,15.5,15.375,2.7164721488952637
13-05-1993,15.125,15.25,79700,15.375,15.375,2.7164721488952637
14-05-1993,15.25,15.375,42400,15.375,15.375,2.7164721488952637
17-05-1993,15.25,15.375,52900,15.375,15.375,2.7164721488952637
18-05-1993,15.25,15.375,56500,15.375,15.25,2.694390058517456
19-05-1993,15.125,15.375,73700,15.375,15.125,2.672304153442383
20-05-1993,15.125,15.125,88900,15.375,15.25,2.694390058517456
21-05-1993,15.125,15.25,59800,15.375,15.25,2.694390058517456
24-05-1993,15.125,15.125,48900,15.25,15.125,2.672304153442383
25-05-1993,15.125,15.125,38000,15.25,15.125,2.672304153442383
26-05-1993,15.125,15.125,84000,15.25,15.25,2.694390058517456
27-05-1993,15.125,15.25,47600,15.5,15.5,2.738558292388916
28-05-1993,15.375,15.375,29900,15.625,15.5,2.738558292388916
01-06-1993,15.375,15.5,26200,15.625,15.625,2.7606451511383057
02-06-1993,15.375,15.625,49000,15.75,15.625,2.7606451511383057
03-06-1993,15.5,15.625,81400,15.875,15.75,2.7827298641204834
04-06-1993,15.75,15.75,39800,15.875,15.75,2.7827298641204834
07-06-1993,15.5,15.625,67300,15.75,15.625,2.7606451511383057
08-06-1993,15.5,15.5,52000,15.75,15.5,2.738558292388916
09-06-1993,15.375,15.5,50900,15.625,15.5,2.738558292388916
10-06-1993,15.375,15.375,48600,15.5,15.5,2.738558292388916
11-06-1993,15.25,15.5,50900,15.5,15.25,2.694390058517456
14-06-1993,15.25,15.375,53500,15.375,15.375,2.7317004203796387
15-06-1993,15.25,15.375,63000,15.5,15.375,2.7317004203796387
16-06-1993,15.25,15.25,95300,15.5,15.375,2.7317004203796387
17-06-1993,15.375,15.5,64000,15.5,15.5,2.753911018371582
18-06-1993,15.375,15.5,58100,15.625,15.5,2.753911018371582
21-06-1993,15.375,15.375,42700,15.625,15.5,2.753911018371582
22-06-1993,15.375,15.5,28700,15.625,15.5,2.753911018371582
23-06-1993,15.375,15.5,35200,15.5,15.5,2.753911018371582
24-06-1993,15.25,15.5,166500,15.5,15.25,2.709491729736328
25-06-1993,15.25,15.25,72100,15.375,15.25,2.709491729736328
28-06-1993,15.25,15.375,58300,15.5,15.375,2.7317004203796387
29-06-1993,15.375,15.5,104900,15.625,15.625,2.7761197090148926
30-06-1993,15.625,15.625,139600,15.75,15.75,2.798326253890991
01-07-1993,15.625,15.75,106700,16.0,16.0,2.842745065689087
02-07-1993,15.75,15.875,102200,16.25,15.75,2.798326253890991
06-07-1993,15.75,15.875,87300,16.125,16.0,2.842745065689087
07-07-1993,15.75,16.0,76400,16.125,15.875,2.820537805557251
08-07-1993,15.75,15.875,42100,15.875,15.875,2.820537805557251
09-07-1993,15.75,15.875,35300,16.0,15.875,2.820537805557251
12-07-1993,15.75,15.875,37700,16.0,15.875,2.820537805557251
13-07-1993,15.75,15.875,51000,15.875,15.75,2.8128561973571777
14-07-1993,15.625,15.875,42100,15.875,15.625,2.790532112121582
15-07-1993,15.625,15.75,38400,15.75,15.625,2.790532112121582
16-07-1993,15.625,15.625,40500,15.75,15.75,2.8128561973571777
19-07-1993,15.625,15.625,37400,15.75,15.625,2.790532112121582
20-07-1993,15.5,15.625,64800,15.75,15.5,2.768209218978882
21-07-1993,15.5,15.5,51000,15.625,15.625,2.790532112121582
22-07-1993,15.5,15.625,69100,15.625,15.5,2.768209218978882
23-07-1993,15.375,15.5,98200,15.625,15.375,2.7458832263946533
26-07-1993,15.375,15.5,56400,15.5,15.5,2.768209218978882
27-07-1993,15.375,15.5,67500,15.5,15.375,2.7458832263946533
28-07-1993,15.375,15.375,29900,15.5,15.5,2.768209218978882
29-07-1993,15.375,15.5,63500,15.625,15.625,2.790532112121582
30-07-1993,15.5,15.625,101200,15.625,15.5,2.768209218978882
02-08-1993,15.5,15.5,90500,15.875,15.75,2.8128561973571777
03-08-1993,15.75,15.875,52200,16.0,15.875,2.8351831436157227
04-08-1993,15.625,15.875,41600,15.875,15.625,2.790532112121582
05-08-1993,15.625,15.625,61000,15.75,15.75,2.8128561973571777
06-08-1993,15.75,15.875,53000,15.875,15.75,2.8128561973571777
09-08-1993,15.75,15.875,58600,15.875,15.75,2.8128561973571777
10-08-1993,15.75,15.875,48500,16.0,16.0,2.8575055599212646
11-08-1993,15.75,15.875,46300,15.875,15.75,2.8128561973571777
12-08-1993,15.75,15.75,83200,15.875,15.875,2.8351831436157227
13-08-1993,15.625,15.875,57000,15.875,15.875,2.8351831436157227
16-08-1993,15.625,15.75,43700,15.875,15.625,2.805553436279297
17-08-1993,15.75,15.75,97200,16.0,16.0,2.8728890419006348
18-08-1993,15.75,16.0,174800,16.125,15.875,2.8504443168640137
19-08-1993,15.625,15.875,109000,15.875,15.75,2.8279972076416016
20-08-1993,15.625,15.75,95000,15.75,15.75,2.8279972076416016
23-08-1993,15.625,15.625,50200,15.875,15.875,2.8504443168640137
24-08-1993,15.75,15.75,111500,16.125,16.0,2.8728890419006348
25-08-1993,16.0,16.125,85600,16.125,16.0,2.8728890419006348
26-08-1993,16.0,16.0,160400,16.25,16.0,2.8728890419006348
27-08-1993,15.875,16.0,50600,16.0,16.0,2.8728890419006348
30-08-1993,15.75,16.0,62000,16.0,15.75,2.8279972076416016
31-08-1993,15.875,15.875,133700,16.25,16.25,2.917775869369507
01-09-1993,16.25,16.25,82300,16.625,16.5,2.9626646041870117
02-09-1993,16.375,16.5,77000,16.625,16.5,2.9626646041870117
03-09-1993,16.5,16.5,89000,16.625,16.5,2.9626646041870117
07-09-1993,16.25,16.625,70300,16.625,16.375,2.940220594406128
08-09-1993,16.125,16.375,85900,16.375,16.25,2.917775869369507
09-09-1993,16.0,16.125,58000,16.125,16.125,2.8953311443328857
10-09-1993,16.0,16.125,80500,16.125,16.125,2.8953311443328857
13-09-1993,16.0,16.125,72100,16.25,16.0,2.8728890419006348
14-09-1993,15.875,16.0,121100,16.125,16.125,2.910796880722046
15-09-1993,15.875,16.125,117400,16.125,16.0,2.888227939605713
16-09-1993,15.75,16.0,103700,16.0,15.75,2.8431015014648438
17-09-1993,15.625,15.875,108000,15.875,15.625,2.8205361366271973
20-09-1993,15.625,15.625,98900,15.875,15.875,2.865668535232544
21-09-1993,15.75,15.875,81300,16.0,15.875,2.865668535232544
22-09-1993,15.875,15.875,54900,16.0,16.0,2.888227939605713
23-09-1993,15.875,15.875,66000,16.125,16.125,2.910796880722046
24-09-1993,16.0,16.125,48700,16.125,16.0,2.888227939605713
27-09-1993,16.0,16.125,66300,16.25,16.25,2.933359146118164
28-09-1993,16.125,16.25,51200,16.375,16.375,2.9559261798858643
29-09-1993,16.125,16.375,71600,16.375,16.25,2.933359146118164
30-09-1993,16.125,16.25,80700,16.375,16.375,2.9559261798858643
01-10-1993,16.25,16.375,58100,16.5,16.5,2.9784884452819824
04-10-1993,16.375,16.375,51000,16.625,16.5,2.9784884452819824
05-10-1993,16.5,16.5,79900,16.75,16.5,2.9784884452819824
06-10-1993,16.5,16.625,78200,16.75,16.5,2.9784884452819824
07-10-1993,16.5,16.5,32800,16.75,16.5,2.9784884452819824
08-10-1993,16.5,16.75,46500,16.75,16.625,3.001053810119629
11-10-1993,16.5,16.625,41100,16.625,16.625,3.001053810119629
12-10-1993,16.375,16.375,39000,16.625,16.5,2.993434429168701
13-10-1993,16.375,16.5,56800,16.625,16.5,2.993434429168701
14-10-1993,16.25,16.5,85700,16.5,16.375,2.9707534313201904
15-10-1993,16.25,16.375,56400,16.5,16.25,2.9480786323547363
18-10-1993,15.875,16.125,75000,16.25,15.875,2.8800437450408936
19-10-1993,15.875,15.875,96800,16.125,15.875,2.8800437450408936
20-10-1993,15.875,16.0,49300,16.125,16.125,2.9254019260406494
21-10-1993,15.875,16.0,66200,16.125,16.125,2.9254019260406494
22-10-1993,16.0,16.0,66300,16.125,16.125,2.9254019260406494
25-10-1993,16.0,16.125,51800,16.125,16.125,2.9254019260406494
26-10-1993,16.0,16.125,73500,16.125,16.125,2.9254019260406494
27-10-1993,16.0,16.125,51900,16.125,16.125,2.9254019260406494
28-10-1993,16.0,16.125,39000,16.125,16.125,2.9254019260406494
29-10-1993,15.875,16.125,64500,16.125,15.875,2.8800437450408936
01-11-1993,15.875,16.0,137000,16.375,16.375,2.9707534313201904
02-11-1993,16.375,16.5,49400,16.5,16.375,2.9707534313201904
03-11-1993,16.375,16.375,42700,16.5,16.5,2.993434429168701
04-11-1993,15.875,16.25,75100,16.375,16.0,2.902723789215088
05-11-1993,15.875,16.0,74000,16.0,15.875,2.8800437450408936
08-11-1993,15.875,16.0,63800,16.125,16.0,2.902723789215088
09-11-1993,16.0,16.25,67200,16.25,16.25,2.9480786323547363
10-11-1993,16.0,16.25,45800,16.25,16.125,2.9254019260406494
11-11-1993,15.875,16.0,39700,16.125,15.875,2.8800437450408936
12-11-1993,15.625,15.875,63900,15.875,15.75,2.872748613357544
15-11-1993,15.5,15.625,72000,15.75,15.625,2.8499505519866943
16-11-1993,15.5,15.625,61900,15.75,15.625,2.8499505519866943
17-11-1993,15.5,15.625,56100,15.75,15.5,2.8271491527557373
18-11-1993,15.375,15.625,53200,15.75,15.625,2.8499505519866943
19-11-1993,15.5,15.5,42800,15.625,15.5,2.8271491527557373
22-11-1993,15.25,15.625,41000,15.625,15.25,2.781550884246826
23-11-1993,15.0,15.25,72000,15.5,15.25,2.781550884246826
24-11-1993,15.125,15.125,67000,15.375,15.375,2.804351806640625
26-11-1993,15.125,15.375,27400,15.375,15.25,2.781550884246826
29-11-1993,15.125,15.375,92600,15.5,15.25,2.781550884246826
30-11-1993,15.125,15.375,89900,15.375,15.25,2.781550884246826
01-12-1993,15.375,15.375,108100,15.75,15.625,2.8499505519866943
02-12-1993,15.75,15.75,110400,16.0,15.875,2.8955485820770264
03-12-1993,15.75,15.875,106900,16.125,15.875,2.8955485820770264
06-12-1993,15.875,16.0,53600,16.125,16.0,2.918348789215088
07-12-1993,15.625,16.125,81500,16.125,15.625,2.8499505519866943
08-12-1993,15.625,15.625,54100,15.75,15.625,2.8499505519866943
09-12-1993,15.5,15.625,44100,15.75,15.625,2.8499505519866943
10-12-1993,15.25,15.5,94900,15.625,15.375,2.804351806640625
13-12-1993,15.375,15.375,53300,15.5,15.5,2.8271491527557373
14-12-1993,15.0,15.25,78600,15.375,15.0,2.7965750694274902
15-12-1993,14.875,15.0,74100,15.125,15.125,2.8198776245117188
16-12-1993,15.0,15.125,51000,15.25,15.25,2.8431830406188965
17-12-1993,15.0,15.25,45700,15.25,15.125,2.8198776245117188
20-12-1993,14.875,15.0,37500,15.125,15.0,2.7965750694274902
21-12-1993,15.0,15.125,70000,15.375,15.375,2.866490602493286
22-12-1993,15.125,15.25,50100,15.375,15.25,2.8431830406188965
23-12-1993,15.25,15.25,59900,15.75,15.75,2.936405658721924
27-12-1993,15.625,15.625,29200,15.75,15.75,2.936405658721924
28-12-1993,15.75,15.875,38700,16.0,15.875,2.959709644317627
29-12-1993,15.75,16.0,28000,16.0,16.0,2.9830119609832764
30-12-1993,15.75,16.0,27300,16.0,15.875,2.959709644317627
31-12-1993,15.625,15.875,74700,16.0,15.875,2.959709644317627
03-01-1994,15.75,15.75,69400,16.0,15.875,2.959709644317627
04-01-1994,15.75,15.875,109200,16.125,16.125,3.0063183307647705
05-01-1994,16.0,16.0,156700,16.25,16.25,3.0296213626861572
06-01-1994,16.125,16.25,140600,16.375,16.375,3.0529253482818604
07-01-1994,16.25,16.25,68300,16.375,16.25,3.0296213626861572
10-01-1994,16.25,16.25,109300,16.5,16.25,3.0296213626861572
11-01-1994,16.25,16.25,41500,16.375,16.375,3.068791151046753
12-01-1994,16.25,16.5,33300,16.5,16.375,3.068791151046753
13-01-1994,16.25,16.375,43200,16.375,16.25,3.0453643798828125
14-01-1994,16.125,16.375,42600,16.375,16.125,3.021940231323242
17-01-1994,16.0,16.25,45300,16.25,16.0,2.9985134601593018
18-01-1994,16.0,16.125,30900,16.25,16.0,2.9985134601593018
19-01-1994,16.125,16.125,37300,16.25,16.25,3.0453643798828125
20-01-1994,16.125,16.125,23100,16.25,16.25,3.0453643798828125
21-01-1994,16.0,16.25,30300,16.25,16.125,3.021940231323242
24-01-1994,16.0,16.125,42100,16.125,16.0,2.9985134601593018
25-01-1994,16.0,16.0,30400,16.125,16.0,2.9985134601593018
26-01-1994,16.0,16.0,33200,16.125,16.0,2.9985134601593018
27-01-1994,16.0,16.0,36700,16.125,16.0,2.9985134601593018
28-01-1994,15.875,16.0,55100,16.125,15.875,2.975088357925415
31-01-1994,15.875,15.875,117200,16.125,16.0,2.9985134601593018
01-02-1994,16.0,16.0,103800,16.25,16.25,3.0453643798828125
02-02-1994,16.125,16.25,71900,16.25,16.125,3.021940231323242
03-02-1994,16.125,16.125,57400,16.25,16.125,3.021940231323242
04-02-1994,15.75,16.125,99000,16.25,15.875,2.975088357925415
07-02-1994,15.5,15.75,87000,15.75,15.75,2.95166277885437
08-02-1994,15.375,15.75,98300,15.75,15.5,2.904810667037964
09-02-1994,15.375,15.5,71800,15.5,15.5,2.920259475708008
10-02-1994,15.25,15.5,83600,15.5,15.375,2.8967089653015137
11-02-1994,15.25,15.375,49400,15.5,15.375,2.8967089653015137
14-02-1994,15.375,15.5,79300,15.5,15.375,2.8967089653015137
15-02-1994,15.25,15.375,72000,15.375,15.375,2.8967089653015137
16-02-1994,15.125,15.375,70200,15.375,15.375,2.8967089653015137
17-02-1994,14.875,15.375,73100,15.375,15.0,2.826056718826294
18-02-1994,14.625,15.0,107900,15.0,14.75,2.778956413269043
22-02-1994,14.25,14.75,106800,14.75,14.25,2.684752941131592
23-02-1994,14.375,14.5,146400,14.75,14.75,2.778956413269043
24-02-1994,14.5,14.75,124300,14.875,14.5,2.731853723526001
25-02-1994,14.5,14.625,78500,14.75,14.625,2.7554070949554443
28-02-1994,14.625,14.625,49600,14.75,14.75,2.778956413269043
01-03-1994,14.375,14.75,85700,14.875,14.5,2.731853723526001
02-03-1994,14.375,14.625,134000,15.0,14.875,2.8025050163269043
03-03-1994,14.75,14.875,127900,15.0,14.875,2.8025050163269043
04-03-1994,14.75,14.75,68900,15.0,15.0,2.826056718826294
07-03-1994,14.75,14.875,43500,15.0,14.875,2.8025050163269043
08-03-1994,14.875,15.0,76400,15.0,15.0,2.826056718826294
09-03-1994,14.75,14.875,91700,15.0,14.875,2.8025050163269043
10-03-1994,14.5,15.0,87400,15.0,14.5,2.731853723526001
11-03-1994,14.375,14.5,79800,14.625,14.625,2.7554070949554443
14-03-1994,14.375,14.625,37200,14.75,14.5,2.731853723526001
15-03-1994,14.375,14.5,58300,14.625,14.5,2.747199058532715
16-03-1994,14.25,14.5,62800,14.5,14.375,2.7235183715820312
17-03-1994,14.25,14.375,85900,14.5,14.375,2.7235183715820312
18-03-1994,14.125,14.375,42800,14.375,14.125,2.6761531829833984
21-03-1994,14.125,14.25,72100,14.375,14.25,2.6998348236083984
22-03-1994,14.125,14.125,78400,14.5,14.5,2.747199058532715
23-03-1994,14.375,14.5,94600,14.5,14.375,2.7235183715820312
24-03-1994,14.125,14.25,60800,14.375,14.125,2.6761531829833984
25-03-1994,14.125,14.25,42800,14.375,14.25,2.6998348236083984
28-03-1994,14.0,14.375,55900,14.375,14.125,2.6761531829833984
29-03-1994,13.75,14.0,74200,14.25,13.875,2.6287872791290283
30-03-1994,13.625,13.75,56400,13.75,13.75,2.6051032543182373
31-03-1994,13.5,13.75,82200,13.875,13.75,2.6051032543182373
04-04-1994,13.125,13.375,112200,13.5,13.375,2.534055709838867
05-04-1994,13.375,13.375,62500,13.875,13.875,2.6287872791290283
06-04-1994,13.625,13.875,88900,13.875,13.875,2.6287872791290283
07-04-1994,13.875,13.875,92600,14.125,14.125,2.6761531829833984
08-04-1994,14.0,14.0,77900,14.125,14.0,2.652468204498291
11-04-1994,13.875,14.0,75300,14.125,14.0,2.652468204498291
12-04-1994,13.75,13.875,55300,14.0,14.0,2.66752028465271
13-04-1994,13.75,14.0,34300,14.0,13.75,2.619886636734009
14-04-1994,13.75,13.75,53300,13.875,13.75,2.619886636734009
15-04-1994,13.625,13.75,47100,13.75,13.75,2.619886636734009
18-04-1994,13.375,13.75,54300,13.75,13.375,2.548436403274536
19-04-1994,13.375,13.375,73100,13.625,13.5,2.5722556114196777
20-04-1994,13.375,13.375,53500,13.625,13.5,2.5722556114196777
21-04-1994,13.5,13.5,67800,13.875,13.75,2.619886636734009
22-04-1994,13.5,13.75,65200,13.875,13.5,2.5722556114196777
25-04-1994,13.25,13.5,102300,13.5,13.5,2.5722556114196777
26-04-1994,13.375,13.375,56900,13.5,13.375,2.548436403274536
28-04-1994,13.25,13.5,74600,13.5,13.25,2.5246200561523438
29-04-1994,13.125,13.125,129200,13.5,13.5,2.5722556114196777
02-05-1994,13.5,13.5,109900,13.75,13.625,2.5960707664489746
03-05-1994,13.625,13.625,45400,13.75,13.625,2.5960707664489746
04-05-1994,13.5,13.625,44000,13.75,13.625,2.5960707664489746
05-05-1994,13.5,13.75,65000,13.75,13.5,2.5722556114196777
06-05-1994,13.25,13.5,58600,13.5,13.25,2.5246200561523438
09-05-1994,12.875,13.125,164200,13.125,13.0,2.476983070373535
10-05-1994,13.125,13.125,101500,13.25,13.125,2.500803232192993
11-05-1994,13.0,13.0,65400,13.25,13.125,2.5157549381256104
12-05-1994,13.125,13.125,66400,13.375,13.375,2.563673734664917
13-05-1994,13.25,13.375,33800,13.5,13.5,2.587632417678833
16-05-1994,13.25,13.375,40100,13.375,13.375,2.563673734664917
17-05-1994,13.25,13.25,57500,13.5,13.5,2.587632417678833
18-05-1994,13.5,13.5,81300,13.625,13.625,2.611591339111328
19-05-1994,13.5,13.5,53200,13.625,13.625,2.611591339111328
20-05-1994,13.5,13.625,49400,13.625,13.625,2.611591339111328
23-05-1994,13.375,13.5,35600,13.625,13.375,2.563673734664917
24-05-1994,13.375,13.5,40700,13.5,13.5,2.587632417678833
25-05-1994,13.25,13.5,66400,13.5,13.375,2.563673734664917
26-05-1994,13.125,13.375,95500,13.375,13.375,2.563673734664917
27-05-1994,13.125,13.25,50100,13.375,13.125,2.5157549381256104
31-05-1994,13.0,13.125,141200,13.375,13.375,2.563673734664917
01-06-1994,13.375,13.375,46900,13.5,13.5,2.587632417678833
02-06-1994,13.375,13.5,140500,13.625,13.625,2.611591339111328
03-06-1994,13.5,13.5,55900,13.625,13.625,2.611591339111328
06-06-1994,13.5,13.5,110400,13.75,13.5,2.587632417678833
07-06-1994,13.625,13.625,64900,13.75,13.75,2.6355490684509277
08-06-1994,13.625,13.625,70600,13.875,13.875,2.6595089435577393
09-06-1994,13.75,13.875,78900,13.875,13.875,2.6595089435577393
10-06-1994,13.75,13.75,33800,13.875,13.875,2.6595089435577393
13-06-1994,13.75,13.75,27400,13.875,13.875,2.6595089435577393
14-06-1994,13.625,13.75,81000,13.875,13.75,2.651217222213745
15-06-1994,13.625,13.625,86500,13.875,13.875,2.6753201484680176
16-06-1994,13.75,13.875,70600,14.0,13.875,2.6753201484680176
17-06-1994,13.75,13.875,23600,14.0,13.75,2.651217222213745
20-06-1994,13.625,13.875,81500,13.875,13.625,2.627117156982422
21-06-1994,13.5,13.625,74600,13.75,13.5,2.6030163764953613
22-06-1994,13.375,13.5,64400,13.625,13.5,2.6030163764953613
23-06-1994,13.375,13.5,61800,13.5,13.375,2.5789144039154053
24-06-1994,13.375,13.5,47400,13.625,13.5,2.6030163764953613
27-06-1994,13.375,13.625,37300,13.625,13.5,2.6030163764953613
28-06-1994,13.375,13.5,90500,13.625,13.5,2.6030163764953613
29-06-1994,13.5,13.625,50400,13.625,13.625,2.627117156982422
30-06-1994,13.5,13.625,94300,13.625,13.625,2.627117156982422
01-07-1994,13.625,13.75,88100,13.875,13.75,2.651217222213745
05-07-1994,13.625,13.75,67500,13.875,13.875,2.6753201484680176
06-07-1994,13.75,13.75,33400,13.875,13.75,2.651217222213745
07-07-1994,13.75,13.875,32800,14.0,14.0,2.69942307472229
08-07-1994,13.75,14.0,34000,14.0,13.75,2.651217222213745
11-07-1994,13.75,13.75,28400,13.875,13.75,2.651217222213745
12-07-1994,13.75,13.75,33400,13.875,13.875,2.690976619720459
13-07-1994,13.75,13.875,48400,13.875,13.75,2.6667325496673584
14-07-1994,13.75,13.875,23600,14.0,13.875,2.690976619720459
15-07-1994,13.875,14.0,17600,14.0,13.875,2.690976619720459
18-07-1994,13.75,13.875,36300,14.0,13.75,2.6667325496673584
19-07-1994,13.75,13.75,53200,13.875,13.875,2.690976619720459
20-07-1994,13.5,13.875,82600,13.875,13.5,2.6182501316070557
21-07-1994,13.25,13.625,47200,13.625,13.375,2.5940065383911133
22-07-1994,13.25,13.5,32200,13.5,13.25,2.569762706756592
25-07-1994,13.25,13.25,31700,13.375,13.375,2.5940065383911133
26-07-1994,13.25,13.25,28600,13.375,13.25,2.569762706756592
27-07-1994,13.25,13.25,68800,13.5,13.375,2.5940065383911133
28-07-1994,13.25,13.25,71100,13.5,13.25,2.569762706756592
29-07-1994,13.25,13.25,144800,13.75,13.625,2.642491579055786
01-08-1994,13.5,13.5,66700,13.75,13.75,2.6667325496673584
02-08-1994,13.625,13.75,41300,13.75,13.75,2.6667325496673584
03-08-1994,13.625,13.75,21700,13.75,13.75,2.6667325496673584
04-08-1994,13.625,13.75,35300,13.75,13.625,2.642491579055786
05-08-1994,13.5,13.625,30300,13.625,13.5,2.6182501316070557
08-08-1994,13.375,13.625,41100,13.625,13.625,2.642491579055786
09-08-1994,13.375,13.625,41100,13.625,13.5,2.6182501316070557
10-08-1994,13.25,13.5,106700,13.5,13.25,2.569762706756592
11-08-1994,13.125,13.25,67300,13.5,13.125,2.5455222129821777
12-08-1994,13.125,13.125,49100,13.375,13.375,2.5940065383911133
15-08-1994,13.125,13.125,51500,13.25,13.125,2.5612220764160156
16-08-1994,13.0,13.25,97600,13.25,13.0,2.5368282794952393
17-08-1994,13.125,13.125,60700,13.375,13.25,2.585615634918213
18-08-1994,13.125,13.25,117900,13.375,13.375,2.610008478164673
19-08-1994,13.125,13.125,69300,13.375,13.25,2.585615634918213
22-08-1994,13.125,13.25,76600,13.375,13.125,2.5612220764160156
23-08-1994,12.875,13.25,108600,13.25,12.875,2.512437343597412
24-08-1994,12.75,13.0,126600,13.0,12.875,2.512437343597412
25-08-1994,12.625,12.75,106100,12.875,12.75,2.488044023513794
26-08-1994,12.75,12.75,129500,13.0,13.0,2.5368282794952393
29-08-1994,12.875,13.0,61200,13.125,13.0,2.5368282794952393
30-08-1994,12.875,13.0,44600,13.125,13.125,2.5612220764160156
31-08-1994,13.0,13.125,240700,13.375,13.25,2.585615634918213
01-09-1994,13.125,13.125,178400,13.375,13.25,2.585615634918213
02-09-1994,13.125,13.125,103800,13.25,13.25,2.585615634918213
06-09-1994,13.125,13.25,44100,13.25,13.25,2.585615634918213
07-09-1994,13.0,13.25,80500,13.25,13.125,2.5612220764160156
08-09-1994,13.0,13.125,62700,13.25,13.0,2.5368282794952393
09-09-1994,12.875,13.0,94500,13.125,12.875,2.512437343597412
12-09-1994,12.5,12.875,80300,12.875,12.625,2.463651657104492
13-09-1994,12.375,12.625,153700,12.75,12.375,2.4306554794311523
14-09-1994,12.5,12.5,140800,12.625,12.5,2.4552063941955566
15-09-1994,12.375,12.5,82400,12.625,12.375,2.4306554794311523
16-09-1994,12.125,12.375,162100,12.5,12.25,2.4061028957366943
19-09-1994,12.125,12.125,122800,12.375,12.25,2.4061028957366943
20-09-1994,12.0,12.25,136300,12.375,12.25,2.4061028957366943
21-09-1994,12.0,12.125,188200,12.25,12.25,2.4061028957366943
22-09-1994,12.0,12.25,122300,12.25,12.125,2.3815486431121826
23-09-1994,12.0,12.0,136500,12.25,12.125,2.3815486431121826
26-09-1994,12.0,12.0,121000,12.25,12.25,2.4061028957366943
27-09-1994,12.125,12.125,63200,12.25,12.125,2.3815486431121826
28-09-1994,12.125,12.25,251800,12.625,12.625,2.4797589778900146
29-09-1994,12.375,12.625,118100,12.625,12.375,2.4306554794311523
30-09-1994,12.25,12.5,101200,12.5,12.375,2.4306554794311523
03-10-1994,12.25,12.25,186500,12.5,12.375,2.4306554794311523
04-10-1994,12.25,12.375,139300,12.5,12.375,2.4306554794311523
05-10-1994,11.875,12.375,173200,12.375,12.0,2.356997489929199
06-10-1994,12.0,12.125,162800,12.140625,12.0,2.356997489929199
07-10-1994,11.875,12.0,149000,12.125,12.125,2.3815486431121826
10-10-1994,12.125,12.125,147100,12.375,12.375,2.4306554794311523
11-10-1994,12.25,12.375,161700,12.625,12.625,2.4797589778900146
12-10-1994,12.25,12.375,100300,12.5,12.375,2.446157455444336
13-10-1994,12.25,12.25,126900,12.5,12.375,2.446157455444336
14-10-1994,12.125,12.25,145100,12.375,12.125,2.3967366218566895
17-10-1994,12.0,12.25,81900,12.25,12.0,2.3720271587371826
18-10-1994,12.0,12.0,88300,12.25,12.125,2.3967366218566895
19-10-1994,12.0,12.0,104400,12.125,12.125,2.3967366218566895
20-10-1994,11.875,12.0,160000,12.125,11.875,2.3473217487335205
21-10-1994,11.875,11.875,82600,12.0,12.0,2.3720271587371826
24-10-1994,11.75,11.875,135400,12.0,11.75,2.322613000869751
25-10-1994,11.5,11.75,121100,11.75,11.625,2.2979042530059814
26-10-1994,11.375,11.625,157000,11.625,11.5,2.2731943130493164
27-10-1994,11.375,11.625,193000,11.625,11.625,2.2979042530059814
28-10-1994,11.5,11.5,176200,11.75,11.625,2.2979042530059814
31-10-1994,11.625,11.625,213100,11.75,11.625,2.2979042530059814
01-11-1994,11.625,11.75,145000,11.875,11.625,2.2979042530059814
02-11-1994,11.5,11.625,165000,11.75,11.625,2.2979042530059814
03-11-1994,11.375,11.625,142500,11.625,11.5,2.2731943130493164
04-11-1994,11.25,11.5,170300,11.5,11.25,2.223778009414673
07-11-1994,10.75,11.25,225600,11.375,10.875,2.149650812149048
08-11-1994,10.75,10.75,180800,11.0,10.75,2.124943733215332
09-11-1994,10.875,10.875,176400,11.125,11.0,2.174358367919922
10-11-1994,11.0,11.125,208500,11.25,11.125,2.1990678310394287
11-11-1994,10.875,11.0,131300,11.125,11.0,2.174358367919922
14-11-1994,10.75,10.875,151300,11.125,11.125,2.2155845165252686
15-11-1994,10.875,10.875,215300,11.375,11.375,2.265373706817627
16-11-1994,11.25,11.375,242600,11.5,11.5,2.2902674674987793
17-11-1994,11.375,11.375,203300,11.625,11.625,2.3151612281799316
18-11-1994,11.5,11.5,201800,11.75,11.625,2.3151612281799316
21-11-1994,11.75,11.75,332800,12.0,11.875,2.364950656890869
22-11-1994,11.75,11.75,212700,12.0,11.875,2.364950656890869
23-11-1994,12.0,12.0,259200,12.375,12.25,2.4396328926086426
25-11-1994,12.125,12.25,129700,12.375,12.375,2.464527130126953
28-11-1994,12.125,12.375,184500,12.375,12.375,2.464527130126953
29-11-1994,12.125,12.375,172900,12.5,12.25,2.4396328926086426
30-11-1994,12.125,12.125,204800,12.25,12.25,2.4396328926086426
01-12-1994,12.125,12.125,324900,12.375,12.125,2.414736032485962
02-12-1994,12.125,12.25,257900,12.625,12.5,2.489419460296631
05-12-1994,12.5,12.5,159100,12.75,12.75,2.5392091274261475
06-12-1994,12.625,12.625,125200,12.75,12.75,2.5392091274261475
07-12-1994,12.25,12.625,140800,12.625,12.5,2.489419460296631
08-12-1994,12.25,12.5,240900,12.5,12.375,2.464527130126953
09-12-1994,12.0,12.375,112100,12.375,12.25,2.4396328926086426
12-12-1994,12.125,12.375,250100,12.5,12.25,2.4396328926086426
13-12-1994,12.0,12.25,254900,12.375,12.125,2.430410861968994
14-12-1994,12.0,12.0,290500,12.25,12.25,2.4554691314697266
15-12-1994,12.125,12.25,142100,12.25,12.25,2.4554691314697266
16-12-1994,12.125,12.125,322700,12.25,12.25,2.4554691314697266
19-12-1994,12.125,12.125,219100,12.5,12.25,2.4554691314697266
20-12-1994,12.125,12.25,116100,12.375,12.125,2.430410861968994
21-12-1994,11.875,12.125,363600,12.25,11.875,2.3802995681762695
22-12-1994,11.625,12.0,288400,12.0,11.75,2.3552465438842773
23-12-1994,11.625,11.625,123500,11.875,11.75,2.3552465438842773
27-12-1994,11.875,11.875,105600,12.125,12.0,2.4053549766540527
28-12-1994,11.75,11.875,102600,12.0,11.875,2.3802995681762695
29-12-1994,11.75,11.75,153100,11.875,11.75,2.3552465438842773
30-12-1994,11.75,11.75,209100,11.875,11.875,2.3802995681762695
03-01-1995,11.875,11.875,95400,12.25,12.25,2.4554691314697266
04-01-1995,12.25,12.25,139800,12.625,12.625,2.5306339263916016
05-01-1995,12.5,12.5,58900,12.625,12.625,2.5306339263916016
06-01-1995,12.5,12.5,29400,12.625,12.5,2.5055782794952393
09-01-1995,12.5,12.625,55700,12.625,12.625,2.5306339263916016
10-01-1995,12.5,12.5,33500,12.625,12.5,2.5055782794952393
11-01-1995,12.5,12.625,53600,12.625,12.625,2.5306339263916016
12-01-1995,12.5,12.5,36600,12.625,12.625,2.5306339263916016
13-01-1995,12.5,12.625,77000,12.75,12.75,2.5723965167999268
16-01-1995,12.625,12.75,40700,12.75,12.75,2.5723965167999268
17-01-1995,12.625,12.75,20700,12.75,12.625,2.547178268432617
18-01-1995,12.625,12.625,57100,12.875,12.75,2.5723965167999268
19-01-1995,12.75,12.875,44100,12.875,12.75,2.5723965167999268
20-01-1995,12.625,12.75,72100,12.875,12.625,2.547178268432617
23-01-1995,12.5,12.625,35700,12.75,12.75,2.5723965167999268
24-01-1995,12.625,12.625,38500,12.75,12.75,2.5723965167999268
25-01-1995,12.625,12.75,29000,12.75,12.75,2.5723965167999268
26-01-1995,12.625,12.75,54100,12.875,12.875,2.5976195335388184
27-01-1995,12.75,12.75,94300,12.875,12.75,2.5723965167999268
30-01-1995,12.625,12.625,29400,12.75,12.75,2.5723965167999268
31-01-1995,12.75,12.875,86300,13.125,13.125,2.6480581760406494
01-02-1995,13.0,13.0,149300,13.375,13.125,2.6480581760406494
02-02-1995,13.0,13.125,80700,13.25,13.25,2.6732773780822754
03-02-1995,13.25,13.25,113800,13.5,13.375,2.6984949111938477
06-02-1995,13.25,13.25,82200,13.375,13.375,2.6984949111938477
07-02-1995,13.125,13.375,95800,13.375,13.125,2.6480581760406494
08-02-1995,13.125,13.125,20300,13.25,13.125,2.6480581760406494
09-02-1995,13.125,13.125,69800,13.375,13.375,2.6984949111938477
10-02-1995,13.125,13.25,89900,13.375,13.25,2.6732773780822754
13-02-1995,13.0,13.125,23500,13.125,13.0,2.637768268585205
14-02-1995,13.0,13.0,45400,13.125,13.0,2.637768268585205
15-02-1995,12.875,13.0,53400,13.125,13.0,2.637768268585205
16-02-1995,12.875,13.0,45800,13.125,12.875,2.612405776977539
17-02-1995,12.875,13.0,79700,13.0,12.875,2.612405776977539
21-02-1995,12.875,13.0,37500,13.0,12.875,2.612405776977539
22-02-1995,12.75,12.875,98000,13.0,12.875,2.612405776977539
23-02-1995,12.875,12.875,181700,13.125,13.0,2.637768268585205
24-02-1995,12.875,13.0,50100,13.125,13.125,2.663130283355713
27-02-1995,13.0,13.0,37900,13.125,13.125,2.663130283355713
28-02-1995,13.0,13.0,65500,13.125,13.125,2.663130283355713
01-03-1995,13.0,13.125,130400,13.5,13.25,2.6884942054748535
02-03-1995,13.25,13.375,28700,13.375,13.25,2.6884942054748535
03-03-1995,13.125,13.25,52000,13.25,13.125,2.663130283355713
06-03-1995,12.875,13.25,63800,13.25,12.875,2.612405776977539
07-03-1995,12.875,12.875,71000,13.125,12.875,2.612405776977539
08-03-1995,12.875,13.0,46900,13.0,12.875,2.612405776977539
09-03-1995,12.875,12.875,66900,13.0,12.875,2.612405776977539
10-03-1995,12.875,12.875,54900,13.125,13.0,2.637768268585205
13-03-1995,13.0,13.125,66000,13.125,13.0,2.637768268585205
14-03-1995,13.0,13.0,85800,13.25,13.125,2.663130283355713
15-03-1995,13.0,13.125,40400,13.25,13.125,2.663130283355713
16-03-1995,13.125,13.125,84600,13.25,13.25,2.6884942054748535
17-03-1995,13.125,13.25,49300,13.25,13.25,2.6884942054748535
20-03-1995,13.0,13.0,73300,13.25,13.125,2.678901195526123
21-03-1995,13.125,13.25,53300,13.25,13.125,2.678901195526123
22-03-1995,13.125,13.125,99900,13.25,13.125,2.678901195526123
23-03-1995,13.0,13.25,57200,13.25,13.125,2.678901195526123
24-03-1995,13.0,13.0,87500,13.25,13.125,2.678901195526123
27-03-1995,13.0,13.25,45400,13.25,13.25,2.7044148445129395
28-03-1995,13.0,13.125,37300,13.25,13.125,2.678901195526123
29-03-1995,13.125,13.125,91000,13.375,13.125,2.678901195526123
30-03-1995,13.125,13.125,51100,13.375,13.25,2.7044148445129395
31-03-1995,13.125,13.125,69100,13.25,13.125,2.678901195526123
03-04-1995,13.125,13.25,134500,13.375,13.25,2.7044148445129395
04-04-1995,13.25,13.25,55100,13.375,13.375,2.729928731918335
05-04-1995,13.25,13.25,47400,13.375,13.25,2.7044148445129395
06-04-1995,13.25,13.25,58600,13.375,13.375,2.729928731918335
07-04-1995,13.125,13.25,36300,13.25,13.25,2.7044148445129395
10-04-1995,13.125,13.25,47300,13.25,13.25,2.7044148445129395
11-04-1995,13.125,13.125,29400,13.25,13.125,2.678901195526123
12-04-1995,13.125,13.125,46800,13.25,13.125,2.678901195526123
13-04-1995,13.125,13.25,32500,13.375,13.25,2.7044148445129395
17-04-1995,13.0,13.125,43400,13.25,13.0,2.668490171432495
18-04-1995,13.0,13.0,44600,13.125,13.0,2.668490171432495
19-04-1995,13.0,13.125,42200,13.125,13.125,2.6941511631011963
20-04-1995,13.0,13.0,63200,13.125,13.0,2.668490171432495
21-04-1995,13.0,13.125,57600,13.125,13.125,2.6941511631011963
24-04-1995,13.0,13.125,38100,13.125,13.125,2.6941511631011963
25-04-1995,13.0,13.125,29700,13.125,13.0,2.668490171432495
26-04-1995,12.875,13.125,62700,13.125,13.0,2.668490171432495
27-04-1995,12.875,13.0,48900,13.125,13.125,2.6941511631011963
28-04-1995,12.875,13.125,156200,13.125,13.125,2.6941511631011963
01-05-1995,12.875,13.0,79600,13.0,13.0,2.668490171432495
02-05-1995,12.75,12.875,41000,13.0,12.75,2.617176055908203
03-05-1995,12.75,12.875,49300,13.0,13.0,2.668490171432495
04-05-1995,12.75,13.0,62600,13.0,12.75,2.617176055908203
05-05-1995,12.875,12.875,42100,13.0,12.875,2.6428322792053223
08-05-1995,12.875,12.875,69300,13.0,12.875,2.6428322792053223
09-05-1995,12.875,12.875,143600,13.125,13.125,2.6941511631011963
10-05-1995,12.875,13.125,130400,13.125,13.0,2.668490171432495
11-05-1995,12.875,13.0,52000,13.0,13.0,2.668490171432495
12-05-1995,12.875,12.875,79600,13.0,13.0,2.668490171432495
15-05-1995,12.75,12.875,71800,13.0,13.0,2.6841845512390137
16-05-1995,12.875,13.0,117700,13.0,12.875,2.6583750247955322
17-05-1995,12.875,13.0,104400,13.125,13.0,2.6841845512390137
18-05-1995,13.0,13.0,65300,13.125,13.125,2.7099931240081787
19-05-1995,13.0,13.0,57800,13.125,13.0,2.6841845512390137
22-05-1995,12.875,13.0,83700,13.125,12.875,2.6583750247955322
23-05-1995,13.0,13.0,63000,13.125,13.125,2.7099931240081787
24-05-1995,13.0,13.0,46000,13.125,13.0,2.6841845512390137
25-05-1995,13.0,13.0,129400,13.125,13.0,2.6841845512390137
26-05-1995,13.0,13.0,25800,13.125,13.0,2.6841845512390137
30-05-1995,13.0,13.125,76300,13.25,13.25,2.7358062267303467
31-05-1995,13.125,13.125,175600,13.375,13.25,2.7358062267303467
01-06-1995,13.25,13.25,65600,13.375,13.375,2.7616126537323
02-06-1995,13.375,13.375,165400,13.625,13.625,2.8132309913635254
05-06-1995,13.5,13.5,84500,13.75,13.75,2.8390426635742188
06-06-1995,13.5,13.75,79100,13.75,13.5,2.7874224185943604
07-06-1995,13.5,13.5,47900,13.625,13.5,2.7874224185943604
08-06-1995,13.375,13.625,74800,13.625,13.375,2.7616126537323
09-06-1995,13.25,13.5,64100,13.5,13.5,2.7874224185943604
12-06-1995,13.25,13.375,51100,13.5,13.25,2.7358062267303467
13-06-1995,13.375,13.375,57700,13.5,13.5,2.7874224185943604
14-06-1995,13.375,13.375,59300,13.5,13.375,2.7616126537323
15-06-1995,13.25,13.375,78900,13.5,13.25,2.7358062267303467
16-06-1995,13.125,13.25,64000,13.375,13.125,2.7099931240081787
19-06-1995,13.25,13.25,45200,13.375,13.375,2.7616126537323
20-06-1995,13.125,13.375,32100,13.375,13.125,2.7099931240081787
21-06-1995,13.125,13.125,94600,13.25,13.25,2.751739740371704
22-06-1995,13.25,13.25,84000,13.5,13.375,2.7776973247528076
23-06-1995,13.25,13.25,36100,13.375,13.375,2.7776973247528076
26-06-1995,13.25,13.25,48600,13.375,13.25,2.751739740371704
27-06-1995,13.25,13.375,71000,13.375,13.25,2.751739740371704
28-06-1995,13.25,13.25,85000,13.5,13.25,2.751739740371704
29-06-1995,13.25,13.25,57300,13.375,13.375,2.7776973247528076
30-06-1995,13.25,13.25,93800,13.5,13.375,2.7776973247528076
03-07-1995,13.375,13.375,44400,13.625,13.5,2.803657054901123
05-07-1995,13.5,13.625,141500,13.75,13.5,2.803657054901123
06-07-1995,13.5,13.625,49500,13.75,13.625,2.8296170234680176
07-07-1995,13.5,13.625,41700,13.75,13.625,2.8296170234680176
10-07-1995,13.625,13.625,49300,13.75,13.75,2.855576992034912
11-07-1995,13.5,13.625,47300,13.625,13.625,2.8296170234680176
12-07-1995,13.5,13.625,34200,13.625,13.5,2.803657054901123
13-07-1995,13.5,13.625,52600,13.625,13.625,2.8296170234680176
14-07-1995,13.5,13.625,42800,13.625,13.5,2.803657054901123
17-07-1995,13.25,13.5,92500,13.625,13.5,2.803657054901123
18-07-1995,13.25,13.25,41400,13.5,13.375,2.7776973247528076
19-07-1995,13.0,13.125,62100,13.375,13.125,2.741147041320801
20-07-1995,13.0,13.25,72700,13.25,13.125,2.741147041320801
21-07-1995,13.125,13.125,51100,13.25,13.125,2.741147041320801
24-07-1995,13.125,13.125,55000,13.25,13.25,2.767256736755371
25-07-1995,13.125,13.125,27600,13.25,13.125,2.741147041320801
26-07-1995,13.0,13.25,84600,13.25,13.0,2.715041399002075
27-07-1995,13.0,13.0,53800,13.25,13.125,2.741147041320801
28-07-1995,13.125,13.125,59500,13.25,13.125,2.741147041320801
31-07-1995,13.125,13.25,95900,13.375,13.375,2.793360948562622
01-08-1995,13.25,13.375,166200,13.375,13.25,2.767256736755371
02-08-1995,13.25,13.375,103800,13.5,13.375,2.793360948562622
03-08-1995,13.25,13.375,57900,13.5,13.5,2.819467544555664
04-08-1995,13.375,13.375,32100,13.5,13.375,2.793360948562622
07-08-1995,13.375,13.375,27200,13.5,13.375,2.793360948562622
08-08-1995,13.25,13.375,36700,13.375,13.25,2.767256736755371
09-08-1995,13.25,13.25,26200,13.375,13.25,2.767256736755371
10-08-1995,13.25,13.25,35200,13.375,13.25,2.767256736755371
11-08-1995,13.25,13.25,49900,13.375,13.25,2.767256736755371
14-08-1995,13.125,13.125,39100,13.375,13.375,2.793360948562622
15-08-1995,13.25,13.375,72400,13.375,13.375,2.793360948562622
16-08-1995,13.25,13.375,42300,13.375,13.25,2.767256736755371
17-08-1995,13.25,13.25,62500,13.5,13.375,2.793360948562622
18-08-1995,13.25,13.25,55500,13.5,13.375,2.793360948562622
21-08-1995,13.25,13.25,67700,13.5,13.375,2.8097481727600098
22-08-1995,13.125,13.25,46000,13.375,13.25,2.783486843109131
23-08-1995,13.125,13.25,49400,13.375,13.25,2.783486843109131
24-08-1995,13.125,13.25,81200,13.375,13.375,2.8097481727600098
25-08-1995,13.25,13.25,41000,13.375,13.375,2.8097481727600098
28-08-1995,13.25,13.375,37500,13.375,13.25,2.783486843109131
29-08-1995,13.25,13.375,99500,13.375,13.375,2.8097481727600098
30-08-1995,13.375,13.5,35000,13.5,13.375,2.8097481727600098
31-08-1995,13.25,13.5,91300,13.5,13.375,2.8097481727600098
01-09-1995,13.375,13.375,145100,13.625,13.5,2.836005210876465
05-09-1995,13.5,13.5,70000,13.625,13.5,2.836005210876465
06-09-1995,13.5,13.5,41500,13.625,13.625,2.8622658252716064
07-09-1995,13.5,13.625,67200,13.625,13.5,2.836005210876465
08-09-1995,13.375,13.5,50000,13.625,13.375,2.8097481727600098
11-09-1995,13.375,13.5,63300,13.625,13.375,2.8097481727600098
12-09-1995,13.375,13.5,38900,13.5,13.5,2.836005210876465
13-09-1995,13.375,13.375,37100,13.5,13.375,2.8097481727600098
14-09-1995,13.375,13.5,46900,13.5,13.375,2.8097481727600098
15-09-1995,13.375,13.375,68300,13.5,13.375,2.8097481727600098
18-09-1995,13.25,13.375,45400,13.5,13.375,2.8097481727600098
19-09-1995,13.375,13.5,77500,13.5,13.5,2.836005210876465
20-09-1995,13.25,13.25,65700,13.5,13.5,2.8522751331329346
21-09-1995,13.25,13.5,134700,13.5,13.25,2.7994558811187744
22-09-1995,13.25,13.25,44500,13.375,13.375,2.825866460800171
25-09-1995,13.25,13.375,52400,13.375,13.25,2.7994558811187744
26-09-1995,13.25,13.25,47500,13.375,13.25,2.7994558811187744
27-09-1995,13.125,13.25,58500,13.375,13.375,2.825866460800171
28-09-1995,13.25,13.375,63000,13.375,13.25,2.7994558811187744
29-09-1995,13.125,13.375,124700,13.5,13.375,2.825866460800171
02-10-1995,13.375,13.375,117700,13.625,13.375,2.825866460800171
03-10-1995,13.375,13.375,47600,13.5,13.375,2.825866460800171
04-10-1995,13.375,13.375,34000,13.5,13.5,2.8522751331329346
05-10-1995,13.375,13.375,72200,13.5,13.375,2.825866460800171
06-10-1995,13.375,13.5,39300,13.5,13.375,2.825866460800171
09-10-1995,13.375,13.375,39900,13.5,13.375,2.825866460800171
10-10-1995,13.375,13.5,70400,13.625,13.625,2.8786864280700684
11-10-1995,13.5,13.5,46600,13.625,13.5,2.8522751331329346
12-10-1995,13.5,13.5,71200,13.625,13.5625,2.865480422973633
13-10-1995,13.5,13.5,86900,13.75,13.75,2.905095100402832
16-10-1995,13.625,13.75,48000,13.75,13.75,2.905095100402832
17-10-1995,13.75,13.75,67000,13.875,13.75,2.905095100402832
18-10-1995,13.625,13.75,56300,13.75,13.75,2.9208147525787354
19-10-1995,13.625,13.625,50400,13.75,13.75,2.9208147525787354
20-10-1995,13.625,13.625,72500,13.75,13.75,2.9208147525787354
23-10-1995,13.625,13.625,47500,13.75,13.625,2.8942627906799316
24-10-1995,13.5,13.625,41500,13.625,13.625,2.8942627906799316
25-10-1995,13.5,13.75,44100,13.75,13.625,2.8942627906799316
26-10-1995,13.625,13.625,25800,13.75,13.625,2.8942627906799316
27-10-1995,13.5,13.625,55900,13.75,13.625,2.8942627906799316
30-10-1995,13.5,13.625,61200,13.75,13.75,2.9208147525787354
31-10-1995,13.5,13.625,188700,13.75,13.625,2.8942627906799316
01-11-1995,13.5,13.5,134600,13.75,13.625,2.8942627906799316
02-11-1995,13.625,13.625,76200,13.75,13.625,2.8942627906799316
03-11-1995,13.625,13.625,43700,13.75,13.75,2.9208147525787354
06-11-1995,13.625,13.75,96600,13.875,13.875,2.9473652839660645
07-11-1995,13.625,13.875,68700,13.875,13.625,2.8942627906799316
08-11-1995,13.625,13.625,54000,13.75,13.625,2.8942627906799316
09-11-1995,13.625,13.75,176400,13.875,13.625,2.8942627906799316
10-11-1995,13.625,13.625,70300,13.75,13.75,2.9208147525787354
13-11-1995,13.625,13.625,99300,13.75,13.625,2.8942627906799316
14-11-1995,13.625,13.625,136600,13.75,13.671875,2.904219150543213
15-11-1995,13.625,13.75,78400,13.75,13.75,2.9208147525787354
16-11-1995,13.625,13.625,76000,13.75,13.75,2.9208147525787354
17-11-1995,13.625,13.75,77300,13.75,13.75,2.9208147525787354
20-11-1995,13.625,13.75,128800,13.75,13.75,2.9208147525787354
21-11-1995,13.5,13.625,104900,13.75,13.625,2.9107751846313477
22-11-1995,13.5,13.625,106400,13.75,13.5,2.8840689659118652
24-11-1995,13.5,13.625,45800,13.75,13.625,2.9107751846313477
27-11-1995,13.625,13.625,127600,13.75,13.75,2.9374775886535645
28-11-1995,13.75,13.75,134500,13.875,13.75,2.9374775886535645
29-11-1995,13.75,13.75,88900,13.875,13.875,2.9641809463500977
30-11-1995,13.75,13.875,299900,14.125,14.0,2.990887403488159
01-12-1995,14.0,14.0,136100,14.25,14.125,3.0175907611846924
04-12-1995,14.0,14.0,172700,14.375,14.25,3.0442965030670166
05-12-1995,14.125,14.125,101100,14.375,14.125,3.0175907611846924
06-12-1995,14.125,14.125,106900,14.25,14.25,3.0442965030670166
07-12-1995,14.125,14.125,80400,14.25,14.25,3.0442965030670166
08-12-1995,14.125,14.25,116900,14.25,14.125,3.0175907611846924
11-12-1995,14.0,14.25,70200,14.25,14.125,3.0175907611846924
12-12-1995,14.0,14.125,78900,14.125,14.0,2.990887403488159
13-12-1995,14.0,14.125,110600,14.125,14.0,2.990887403488159
14-12-1995,13.875,14.0,126800,14.125,13.875,2.9641809463500977
15-12-1995,13.875,14.0,198700,14.0,13.875,2.9641809463500977
18-12-1995,13.625,13.875,160100,14.0,13.625,2.9107751846313477
19-12-1995,13.625,13.625,104000,13.75,13.625,2.9107751846313477
20-12-1995,13.5,13.5,184000,13.625,13.625,2.9271023273468018
21-12-1995,13.375,13.625,134700,13.625,13.375,2.87339186668396
22-12-1995,13.5,13.5,114800,13.625,13.625,2.9271023273468018
26-12-1995,13.5,13.5,83300,13.625,13.5625,2.9136714935302734
27-12-1995,13.5,13.5,115900,13.75,13.625,2.9271023273468018
28-12-1995,13.5,13.625,135500,13.75,13.625,2.9271023273468018
29-12-1995,13.5,13.625,58700,13.75,13.75,2.953953504562378
02-01-1996,13.625,13.625,300100,14.125,14.0,3.0076634883880615
03-01-1996,14.0,14.0,53600,14.125,14.0,3.0076634883880615
04-01-1996,14.0,14.125,38200,14.125,14.0,3.0076634883880615
05-01-1996,13.875,14.0,83000,14.0,14.0,3.0076634883880615
08-01-1996,13.875,14.0,36100,14.0,13.875,2.9808082580566406
09-01-1996,13.875,14.0,154100,14.125,13.875,2.9808082580566406
10-01-1996,13.875,13.875,43300,14.0,14.0,3.0076634883880615
11-01-1996,13.875,14.0,133800,14.125,14.0625,3.0210912227630615
12-01-1996,14.0,14.125,162600,14.25,14.0,3.0076634883880615
15-01-1996,14.0,14.125,64800,14.25,14.125,3.034517526626587
16-01-1996,14.125,14.25,75200,14.25,14.125,3.034517526626587
17-01-1996,14.0,14.125,74200,14.25,14.25,3.0781519412994385
18-01-1996,14.125,14.125,49600,14.25,14.125,3.0511481761932373
19-01-1996,14.125,14.25,45400,14.25,14.125,3.0511481761932373
22-01-1996,14.125,14.25,60000,14.25,14.25,3.0781519412994385
23-01-1996,14.125,14.125,124000,14.375,14.375,3.105151891708374
24-01-1996,14.25,14.25,62100,14.5,14.375,3.105151891708374
25-01-1996,14.25,14.375,96400,14.5,14.375,3.105151891708374
26-01-1996,14.375,14.375,52600,14.5,14.5,3.132150650024414
29-01-1996,14.375,14.5,114200,14.625,14.5,3.132150650024414
30-01-1996,14.375,14.5,136900,14.5,14.375,3.105151891708374
31-01-1996,14.5,14.5,102300,14.625,14.625,3.1591544151306152
01-02-1996,14.5,14.625,140600,14.75,14.625,3.1591544151306152
02-02-1996,14.625,14.75,25600,14.75,14.625,3.1591544151306152
05-02-1996,14.5,14.625,79700,14.75,14.5,3.132150650024414
06-02-1996,14.5,14.625,49800,14.625,14.625,3.1591544151306152
07-02-1996,14.5,14.625,81200,14.75,14.75,3.1861586570739746
08-02-1996,14.625,14.75,67400,14.75,14.75,3.1861586570739746
09-02-1996,14.5,14.625,150600,14.75,14.625,3.1591544151306152
12-02-1996,14.5,14.625,43400,14.75,14.75,3.1861586570739746
13-02-1996,14.5,14.625,55700,14.75,14.6875,3.1726551055908203
14-02-1996,14.5,14.625,68100,14.75,14.625,3.1591544151306152
15-02-1996,14.5,14.625,53800,14.75,14.625,3.176095485687256
16-02-1996,14.5,14.625,66300,14.75,14.625,3.176095485687256
20-02-1996,14.375,14.5,118600,14.625,14.375,3.1218020915985107
21-02-1996,14.375,14.5,148500,14.625,14.5,3.14894700050354
22-02-1996,14.5,14.625,73600,14.625,14.5,3.14894700050354
23-02-1996,14.5,14.625,199200,14.75,14.75,3.203242301940918
26-02-1996,14.625,14.625,78400,14.75,14.625,3.176095485687256
27-02-1996,14.625,14.625,79100,14.75,14.75,3.203242301940918
28-02-1996,14.625,14.75,115900,14.875,14.8125,3.216810703277588
29-02-1996,14.625,14.625,68200,14.75,14.75,3.203242301940918
01-03-1996,14.75,14.875,114800,14.875,14.75,3.203242301940918
04-03-1996,14.625,14.75,139800,14.875,14.625,3.176095485687256
05-03-1996,14.625,14.625,51100,14.75,14.625,3.176095485687256
06-03-1996,14.625,14.625,81800,14.75,14.75,3.203242301940918
07-03-1996,14.625,14.75,69900,14.75,14.625,3.176095485687256
08-03-1996,13.875,14.5,387900,14.5,13.875,3.0132179260253906
11-03-1996,13.75,13.75,142000,14.25,14.25,3.094656467437744
12-03-1996,13.875,14.125,93400,14.125,14.125,3.067507266998291
13-03-1996,14.0,14.125,70100,14.125,14.0,3.0403635501861572
14-03-1996,14.0,14.125,41400,14.125,14.0,3.0403635501861572
15-03-1996,13.75,14.0,56100,14.0,13.75,3.0021557807922363
18-03-1996,13.75,13.875,53500,14.0,13.75,3.0021557807922363
19-03-1996,13.75,13.875,58900,14.0,13.875,3.0294477939605713
20-03-1996,13.875,13.875,47700,14.0,14.0,3.0567405223846436
21-03-1996,14.0,14.0,163700,14.125,14.0,3.0567405223846436
22-03-1996,14.0,14.125,41000,14.125,14.125,3.0840301513671875
25-03-1996,14.125,14.125,37500,14.25,14.25,3.1113245487213135
26-03-1996,14.0,14.125,35900,14.25,14.0,3.0567405223846436
27-03-1996,14.125,14.125,56600,14.25,14.125,3.0840301513671875
28-03-1996,13.875,14.0,61600,14.125,14.0,3.0567405223846436
29-03-1996,13.875,14.0,131300,14.25,14.25,3.1113245487213135
01-04-1996,14.125,14.25,35100,14.25,14.25,3.1113245487213135
02-04-1996,14.125,14.25,60600,14.25,14.125,3.0840301513671875
03-04-1996,14.125,14.125,27100,14.25,14.125,3.0840301513671875
04-04-1996,14.125,14.125,39800,14.25,14.125,3.0840301513671875
08-04-1996,13.75,13.875,210000,14.0,14.0,3.0567405223846436
09-04-1996,13.875,13.875,95100,14.0,13.875,3.0294477939605713
10-04-1996,13.75,13.875,72600,14.0,13.8125,3.0158004760742188
11-04-1996,13.5,13.75,74200,13.75,13.5,2.947572708129883
12-04-1996,13.5,13.5,32800,13.75,13.625,2.974862575531006
15-04-1996,13.625,13.625,41700,13.75,13.75,3.0021557807922363
16-04-1996,13.625,13.75,35300,13.75,13.625,2.974862575531006
17-04-1996,13.5,13.625,41200,13.625,13.625,2.9919912815093994
18-04-1996,13.625,13.75,44900,13.75,13.75,3.019441604614258
19-04-1996,13.75,13.875,166400,14.0,13.875,3.0468897819519043
22-04-1996,13.75,13.75,26900,13.875,13.875,3.0468897819519043
23-04-1996,13.75,13.75,29200,13.875,13.75,3.019441604614258
24-04-1996,13.75,13.75,41500,13.875,13.875,3.0468897819519043
25-04-1996,13.75,13.75,29800,13.875,13.8125,3.0331664085388184
26-04-1996,13.75,13.875,25000,13.875,13.875,3.0468897819519043
29-04-1996,13.75,13.75,28400,13.875,13.875,3.0468897819519043
30-04-1996,13.75,13.875,52100,13.875,13.75,3.019441604614258
01-05-1996,13.75,13.75,148300,14.0,13.875,3.0468897819519043
02-05-1996,13.5,13.875,93200,13.875,13.625,2.9919912815093994
03-05-1996,13.5,13.625,60100,13.625,13.625,2.9919912815093994
06-05-1996,13.5,13.625,26000,13.625,13.625,2.9919912815093994
07-05-1996,13.5,13.5,52800,13.75,13.5,2.9645442962646484
08-05-1996,13.5,13.625,46800,13.75,13.75,3.019441604614258
09-05-1996,13.625,13.625,56600,13.75,13.75,3.019441604614258
10-05-1996,13.75,13.75,48500,13.875,13.75,3.019441604614258
13-05-1996,13.625,13.875,86300,13.875,13.625,2.9919912815093994
14-05-1996,13.625,13.625,34100,13.75,13.625,2.9919912815093994
15-05-1996,13.625,13.625,28300,13.75,13.75,3.019441604614258
16-05-1996,13.625,13.625,39500,13.75,13.625,2.9919912815093994
17-05-1996,13.5,13.625,25900,13.625,13.5,2.9807322025299072
20-05-1996,13.5,13.5,51700,13.625,13.5,2.9807322025299072
21-05-1996,13.375,13.5,95100,13.625,13.5,2.9807322025299072
22-05-1996,13.375,13.375,58300,13.5,13.5,2.9807322025299072
23-05-1996,13.375,13.375,53000,13.625,13.5,2.9807322025299072
24-05-1996,13.375,13.375,29300,13.5,13.375,2.9531302452087402
28-05-1996,13.5,13.5,50300,13.625,13.625,3.0083303451538086
29-05-1996,13.375,13.625,41500,13.625,13.5,2.9807322025299072
30-05-1996,13.375,13.5,63200,13.625,13.5,2.9807322025299072
31-05-1996,13.375,13.625,158400,13.75,13.625,3.0083303451538086
03-06-1996,13.5,13.5,42800,13.625,13.625,3.0083303451538086
04-06-1996,13.5,13.625,44700,13.75,13.625,3.0083303451538086
05-06-1996,13.625,13.75,43200,13.75,13.625,3.0083303451538086
06-06-1996,13.625,13.625,133200,13.75,13.75,3.0359303951263428
07-06-1996,13.5,13.5,36000,13.625,13.5,2.9807322025299072
10-06-1996,13.5,13.5,40300,13.75,13.625,3.0083303451538086
11-06-1996,13.625,13.625,45100,13.75,13.625,3.0083303451538086
12-06-1996,13.5,13.625,27400,13.625,13.625,3.0083303451538086
13-06-1996,13.5,13.625,44000,13.625,13.625,3.0083303451538086
14-06-1996,13.5,13.5,25600,13.625,13.625,3.024982213973999
17-06-1996,13.5,13.5,39100,13.625,13.5,2.9972307682037354
18-06-1996,13.5,13.625,41600,13.625,13.625,3.024982213973999
19-06-1996,13.375,13.5,37600,13.5,13.375,2.9694759845733643
20-06-1996,13.375,13.375,25800,13.5,13.5,2.9972307682037354
21-06-1996,13.375,13.375,32300,13.625,13.5,2.9972307682037354
24-06-1996,13.5,13.5,31000,13.625,13.5,2.9972307682037354
25-06-1996,13.5,13.625,43700,13.625,13.625,3.024982213973999
26-06-1996,13.5,13.625,42300,13.625,13.5,2.9972307682037354
27-06-1996,13.5,13.5,26500,13.625,13.625,3.024982213973999
28-06-1996,13.625,13.625,206800,13.75,13.625,3.024982213973999
01-07-1996,13.625,13.625,33700,13.75,13.625,3.024982213973999
02-07-1996,13.625,13.625,82400,13.75,13.625,3.024982213973999
03-07-1996,13.625,13.625,62000,13.75,13.75,3.0527350902557373
05-07-1996,13.375,13.5,71000,13.625,13.5,2.9972307682037354
08-07-1996,13.375,13.625,38800,13.625,13.5,2.9972307682037354
09-07-1996,13.375,13.375,35500,13.625,13.5,2.9972307682037354
10-07-1996,13.5,13.5,62300,13.625,13.5,2.9972307682037354
11-07-1996,13.5,13.625,44500,13.625,13.5,2.9972307682037354
12-07-1996,13.375,13.625,70800,13.625,13.5,2.9972307682037354
15-07-1996,13.375,13.5,41200,13.625,13.5,2.9972307682037354
16-07-1996,13.375,13.375,25600,13.5,13.375,2.9694759845733643
17-07-1996,13.375,13.5,28800,13.5,13.375,2.9694759845733643
18-07-1996,13.375,13.375,70800,13.5,13.375,2.985548257827759
19-07-1996,13.375,13.5,41400,13.625,13.625,3.0413546562194824
22-07-1996,13.5,13.5,40400,13.625,13.625,3.0413546562194824
23-07-1996,13.5,13.625,77100,13.625,13.625,3.0413546562194824
24-07-1996,13.5,13.5,33400,13.625,13.5,3.013453483581543
25-07-1996,13.5,13.5,76500,13.75,13.625,3.0413546562194824
26-07-1996,13.625,13.625,33800,13.75,13.75,3.069257974624634
29-07-1996,13.625,13.75,32800,13.75,13.625,3.0413546562194824
30-07-1996,13.625,13.75,174900,13.875,13.625,3.0413546562194824
31-07-1996,13.625,13.625,60600,13.75,13.75,3.069257974624634
01-08-1996,13.75,13.75,214600,13.875,13.75,3.069257974624634
02-08-1996,13.75,13.75,206000,14.0,14.0,3.12506103515625
05-08-1996,13.875,13.875,54700,14.0,14.0,3.12506103515625
06-08-1996,13.875,13.875,34300,14.125,14.125,3.152963399887085
07-08-1996,13.875,14.0,75200,14.125,13.875,3.0971579551696777
08-08-1996,13.875,13.875,12400,14.0,13.875,3.0971579551696777
09-08-1996,14.0,14.0,62500,14.125,14.0,3.12506103515625
12-08-1996,14.0,14.125,42600,14.125,14.0,3.12506103515625
13-08-1996,14.0,14.125,95300,14.125,14.0,3.12506103515625
14-08-1996,14.0,14.0,51500,14.125,14.125,3.152963399887085
15-08-1996,13.875,14.0,75000,14.0,13.875,3.1139118671417236
16-08-1996,13.875,14.0,21300,14.125,14.0,3.141965866088867
19-08-1996,13.875,13.875,61300,14.0,14.0,3.141965866088867
20-08-1996,13.875,14.0,43000,14.125,14.0,3.141965866088867
21-08-1996,13.875,13.875,43300,14.125,14.0,3.141965866088867
22-08-1996,13.875,14.0,188800,14.125,14.0,3.141965866088867
23-08-1996,13.875,13.875,34700,14.0,13.875,3.1139118671417236
26-08-1996,13.875,13.875,92200,14.0,13.875,3.1139118671417236
27-08-1996,13.75,14.0,38400,14.0,13.75,3.085859775543213
28-08-1996,13.875,14.0,26700,14.0,14.0,3.141965866088867
29-08-1996,13.875,14.0,22100,14.0,13.875,3.1139118671417236
30-08-1996,13.75,14.0,119600,14.0,13.75,3.085859775543213
03-09-1996,13.75,13.75,122900,13.875,13.75,3.085859775543213
04-09-1996,13.75,13.75,25400,13.875,13.875,3.1139118671417236
05-09-1996,13.75,13.875,36600,13.875,13.75,3.085859775543213
06-09-1996,13.75,13.75,56800,13.875,13.75,3.085859775543213
09-09-1996,13.75,13.875,78300,13.875,13.75,3.085859775543213
10-09-1996,13.75,13.75,50100,13.875,13.875,3.1139118671417236
11-09-1996,13.75,13.75,84100,13.875,13.75,3.085859775543213
12-09-1996,13.75,13.75,71200,13.875,13.75,3.085859775543213
13-09-1996,13.875,13.875,93900,14.0,13.875,3.1316778659820557
16-09-1996,13.75,13.875,30100,14.0,13.875,3.1316778659820557
17-09-1996,13.875,14.0,63800,14.0,14.0,3.15989089012146
18-09-1996,13.875,13.875,60100,14.0,13.875,3.1316778659820557
19-09-1996,13.75,13.875,50300,13.875,13.875,3.1316778659820557
20-09-1996,13.75,13.875,17900,13.875,13.875,3.1316778659820557
23-09-1996,13.75,13.75,55300,13.875,13.75,3.1034655570983887
24-09-1996,13.75,13.875,46900,13.875,13.875,3.1316778659820557
25-09-1996,13.75,13.75,19500,13.875,13.875,3.1316778659820557
26-09-1996,13.875,13.875,31500,14.0,14.0,3.15989089012146
27-09-1996,13.875,14.0,125300,14.125,13.9375,3.1457839012145996
30-09-1996,13.875,14.0,84500,14.0,14.0,3.15989089012146
01-10-1996,14.0,14.0,73100,14.125,14.125,3.188103437423706
02-10-1996,14.0,14.125,45900,14.125,14.125,3.188103437423706
03-10-1996,14.0,14.125,43200,14.125,14.125,3.188103437423706
04-10-1996,14.0,14.125,91400,14.1875,14.0,3.15989089012146
07-10-1996,14.0,14.125,48400,14.125,14.0,3.15989089012146
08-10-1996,14.0,14.0,65500,14.125,14.125,3.188103437423706
09-10-1996,14.0,14.125,56500,14.125,14.125,3.188103437423706
10-10-1996,14.0,14.0,30500,14.125,14.125,3.188103437423706
11-10-1996,14.0,14.0,85900,14.125,14.125,3.188103437423706
14-10-1996,13.875,14.0,37300,14.125,13.875,3.1316778659820557
15-10-1996,13.875,14.0,69900,14.0,13.875,3.1316778659820557
16-10-1996,13.875,14.0,62700,14.0,14.0,3.15989089012146
17-10-1996,13.75,13.875,130300,14.0,13.875,3.148545503616333
18-10-1996,13.875,14.0,77500,14.0,13.875,3.148545503616333
21-10-1996,13.875,13.875,44800,14.0,13.875,3.148545503616333
22-10-1996,13.75,13.75,49600,13.875,13.875,3.148545503616333
23-10-1996,13.75,13.875,33300,13.875,13.75,3.120180368423462
24-10-1996,13.75,13.75,29200,13.875,13.75,3.120180368423462
25-10-1996,13.75,13.75,72300,13.875,13.75,3.120180368423462
28-10-1996,13.75,13.75,36900,13.875,13.75,3.120180368423462
29-10-1996,13.75,13.875,47600,13.875,13.75,3.120180368423462
30-10-1996,13.75,13.75,44600,13.875,13.875,3.148545503616333
31-10-1996,13.75,13.875,170000,14.0,13.9375,3.1627283096313477
01-11-1996,13.875,13.875,40100,14.0,13.875,3.148545503616333
04-11-1996,13.875,14.0,73600,14.0,13.875,3.148545503616333
05-11-1996,13.875,13.875,56200,14.0,13.875,3.148545503616333
06-11-1996,13.875,14.0,92400,14.0,14.0,3.1769087314605713
07-11-1996,13.875,14.0,58200,14.0,13.9375,3.1627283096313477
08-11-1996,13.875,14.0,28500,14.0,13.875,3.148545503616333
11-11-1996,13.875,14.0,77900,14.0,13.875,3.148545503616333
12-11-1996,13.875,14.0,215100,14.0,14.0,3.1769087314605713
13-11-1996,13.875,14.0,56700,14.125,14.125,3.2052741050720215
14-11-1996,13.875,14.0,46800,14.0,14.0,3.194549322128296
15-11-1996,13.875,14.0,44000,14.0,13.875,3.166029691696167
18-11-1996,13.875,13.875,122000,14.0,14.0,3.194549322128296
19-11-1996,13.875,14.0,106000,14.0,13.875,3.166029691696167
20-11-1996,13.875,13.875,106500,14.0,14.0,3.194549322128296
21-11-1996,13.875,14.0,59600,14.125,14.0,3.194549322128296
22-11-1996,14.0,14.0,71700,14.125,14.0,3.194549322128296
25-11-1996,14.0,14.0,108200,14.125,14.0,3.194549322128296
26-11-1996,14.0,14.125,78000,14.125,14.125,3.2230732440948486
27-11-1996,14.0,14.125,81100,14.125,14.125,3.2230732440948486
29-11-1996,14.0,14.0,16700,14.125,14.0,3.194549322128296
02-12-1996,14.0,14.125,147000,14.25,14.25,3.251596689224243
03-12-1996,14.125,14.25,89300,14.25,14.125,3.2230732440948486
04-12-1996,14.0,14.125,88900,14.25,14.25,3.251596689224243
05-12-1996,14.125,14.25,97600,14.25,14.125,3.2230732440948486
06-12-1996,14.125,14.125,121000,14.25,14.25,3.251596689224243
09-12-1996,14.125,14.125,95600,14.25,14.125,3.2230732440948486
10-12-1996,14.125,14.1875,104700,14.25,14.25,3.251596689224243
11-12-1996,14.0,14.125,80600,14.125,14.125,3.2230732440948486
12-12-1996,13.875,14.125,230500,14.25,13.875,3.166029691696167
13-12-1996,13.75,13.875,167400,14.0,13.875,3.166029691696167
16-12-1996,13.75,13.875,126800,14.0,13.75,3.137505531311035
17-12-1996,13.625,13.625,140500,13.75,13.75,3.137505531311035
18-12-1996,13.5,13.5,123800,13.75,13.625,3.1262614727020264
19-12-1996,13.625,13.75,211700,13.875,13.75,3.1549432277679443
20-12-1996,13.625,13.875,84700,13.875,13.625,3.1262614727020264
23-12-1996,13.625,13.625,100800,13.75,13.75,3.1549432277679443
24-12-1996,13.625,13.625,45300,13.75,13.625,3.1262614727020264
26-12-1996,13.625,13.625,66900,13.75,13.625,3.1262614727020264
27-12-1996,13.625,13.75,56000,13.875,13.75,3.1549432277679443
30-12-1996,13.75,13.75,140100,13.875,13.8125,3.1692845821380615
31-12-1996,13.625,13.75,298700,13.875,13.75,3.1549432277679443
02-01-1997,13.75,13.75,121400,13.875,13.875,3.1836228370666504
03-01-1997,13.75,13.75,132300,14.125,14.125,3.2409865856170654
06-01-1997,13.875,14.0,214900,14.125,13.875,3.1836228370666504
07-01-1997,13.875,13.875,45300,14.0,13.875,3.1836228370666504
08-01-1997,13.875,14.0,105600,14.0,14.0,3.2123055458068848
09-01-1997,13.875,13.875,80000,14.0,13.875,3.1836228370666504
10-01-1997,13.875,13.875,87300,14.0,13.875,3.1836228370666504
13-01-1997,13.875,14.0,48100,14.0,13.875,3.1836228370666504
14-01-1997,14.0,14.0,124100,14.125,14.0,3.2123055458068848
15-01-1997,14.0,14.125,36600,14.125,14.125,3.2409865856170654
16-01-1997,14.0,14.125,53800,14.125,14.125,3.2409865856170654
17-01-1997,14.0,14.0,35500,14.125,14.125,3.2409865856170654
20-01-1997,14.0,14.125,47300,14.125,14.125,3.2409865856170654
21-01-1997,14.0,14.0,88600,14.125,14.125,3.2409865856170654
22-01-1997,13.875,14.0,106000,14.0,14.0,3.245391368865967
23-01-1997,13.875,13.875,37400,14.0,13.875,3.2164132595062256
24-01-1997,13.875,14.0,19300,14.0,14.0,3.245391368865967
27-01-1997,13.875,14.0,28800,14.0,13.875,3.2164132595062256
28-01-1997,13.875,13.875,88700,14.125,14.0,3.245391368865967
29-01-1997,13.875,14.0,77100,14.0,13.875,3.2164132595062256
30-01-1997,13.875,13.875,48900,14.0,13.875,3.2164132595062256
31-01-1997,13.875,14.0,176800,14.125,14.0,3.245391368865967
03-02-1997,13.875,13.875,79400,14.0,14.0,3.245391368865967
04-02-1997,13.875,14.0,107900,14.125,14.0625,3.2598791122436523
05-02-1997,14.0,14.0,526500,14.375,14.25,3.3033440113067627
06-02-1997,14.125,14.25,47600,14.25,14.25,3.3033440113067627
07-02-1997,14.125,14.25,274000,14.375,14.25,3.3033440113067627
10-02-1997,14.125,14.25,55600,14.25,14.125,3.274366617202759
11-02-1997,14.125,14.125,30500,14.25,14.125,3.274366617202759
12-02-1997,14.125,14.125,55900,14.25,14.25,3.3033440113067627
13-02-1997,14.125,14.25,66200,14.25,14.125,3.274366617202759
14-02-1997,14.125,14.25,269000,14.375,14.25,3.3033440113067627
18-02-1997,14.125,14.25,76500,14.375,14.375,3.3323216438293457
19-02-1997,14.125,14.25,116700,14.375,14.125,3.274366617202759
20-02-1997,14.125,14.125,74300,14.25,14.25,3.3033440113067627
21-02-1997,14.125,14.125,548500,14.25,14.25,3.3033440113067627
24-02-1997,14.125,14.125,44100,14.375,14.375,3.3323216438293457
25-02-1997,14.25,14.375,138500,14.375,14.25,3.3033440113067627
26-02-1997,14.25,14.375,76700,14.375,14.375,3.3323216438293457
27-02-1997,14.25,14.25,72200,14.375,14.375,3.3323216438293457
28-02-1997,14.25,14.25,72700,14.375,14.25,3.3033440113067627
03-03-1997,14.25,14.25,55200,14.375,14.3125,3.3178343772888184
04-03-1997,14.25,14.375,80700,14.375,14.375,3.3323216438293457
05-03-1997,14.25,14.375,71300,14.375,14.25,3.3033440113067627
06-03-1997,14.125,14.375,67100,14.375,14.125,3.274366617202759
07-03-1997,14.125,14.125,119800,14.375,14.25,3.3033440113067627
10-03-1997,14.25,14.25,66200,14.375,14.25,3.3033440113067627
11-03-1997,14.1875,14.375,81700,14.375,14.375,3.3323216438293457
12-03-1997,14.25,14.25,65600,14.375,14.25,3.3033440113067627
13-03-1997,14.25,14.375,66700,14.375,14.375,3.3323216438293457
14-03-1997,14.125,14.25,124200,14.375,14.25,3.3033440113067627
17-03-1997,14.0,14.25,94900,14.25,14.125,3.274366617202759
18-03-1997,14.0,14.0,96900,14.125,14.125,3.294192314147949
19-03-1997,14.0,14.0,119800,14.125,14.125,3.294192314147949
20-03-1997,14.0,14.125,56400,14.25,14.125,3.294192314147949
21-03-1997,14.0,14.25,46700,14.25,14.25,3.3233449459075928
24-03-1997,14.125,14.125,174500,14.375,14.375,3.3524982929229736
25-03-1997,14.25,14.375,88900,14.375,14.375,3.3524982929229736
26-03-1997,14.25,14.375,52300,14.375,14.375,3.3524982929229736
27-03-1997,14.125,14.375,88800,14.375,14.375,3.3524982929229736
31-03-1997,14.0,14.25,200700,14.375,14.125,3.294192314147949
01-04-1997,14.125,14.25,89000,14.375,14.25,3.3233449459075928
02-04-1997,14.25,14.25,79700,14.375,14.375,3.3524982929229736
03-04-1997,14.125,14.25,92700,14.375,14.25,3.3233449459075928
04-04-1997,14.125,14.25,86300,14.25,14.25,3.3233449459075928
07-04-1997,14.125,14.25,187500,14.375,14.25,3.3233449459075928
08-04-1997,14.125,14.25,91000,14.375,14.25,3.3233449459075928
09-04-1997,14.125,14.25,101500,14.25,14.125,3.294192314147949
10-04-1997,14.125,14.125,45800,14.375,14.25,3.3233449459075928
11-04-1997,14.0,14.25,118600,14.25,14.0,3.2650396823883057
14-04-1997,14.0,14.0,83000,14.125,14.0,3.2650396823883057
15-04-1997,14.125,14.125,125700,14.25,14.1875,3.3087689876556396
16-04-1997,14.0,14.0,94400,14.125,14.125,3.3128693103790283
17-04-1997,14.0,14.125,69500,14.125,14.125,3.3128693103790283
18-04-1997,14.0,14.125,49700,14.25,14.0,3.2835533618927
21-04-1997,14.0,14.125,35300,14.25,14.25,3.342188596725464
22-04-1997,14.0,14.125,63900,14.25,14.125,3.3128693103790283
23-04-1997,14.125,14.125,32700,14.25,14.125,3.3128693103790283
24-04-1997,14.125,14.25,232600,14.375,14.25,3.342188596725464
25-04-1997,14.25,14.25,55900,14.375,14.25,3.342188596725464
28-04-1997,14.125,14.25,42900,14.25,14.25,3.342188596725464
29-04-1997,14.25,14.25,111400,14.375,14.25,3.342188596725464
30-04-1997,14.25,14.25,53700,14.375,14.375,3.3715076446533203
01-05-1997,14.375,14.375,194800,14.5,14.5,3.4008240699768066
02-05-1997,14.375,14.5,94200,14.5,14.5,3.4008240699768066
05-05-1997,14.375,14.5,105100,14.625,14.5,3.4008240699768066
06-05-1997,14.375,14.5,46400,14.5,14.375,3.3715076446533203
07-05-1997,14.375,14.375,28700,14.5,14.5,3.4008240699768066
08-05-1997,14.375,14.375,55300,14.5,14.5,3.4008240699768066
09-05-1997,14.375,14.5,54400,14.5,14.5,3.4008240699768066
12-05-1997,14.5,14.5,75300,14.625,14.5,3.4008240699768066
13-05-1997,14.375,14.375,61000,14.5,14.5,3.4008240699768066
14-05-1997,14.5,14.5,48100,14.625,14.5,3.4008240699768066
15-05-1997,14.375,14.5,54600,14.625,14.5,3.419214963912964
16-05-1997,14.375,14.375,59800,14.5,14.375,3.3897414207458496
19-05-1997,14.375,14.375,64400,14.5,14.375,3.3897414207458496
20-05-1997,14.375,14.375,68100,14.5,14.375,3.3897414207458496
21-05-1997,14.375,14.5,60800,14.5,14.5,3.419214963912964
22-05-1997,14.375,14.375,64200,14.5,14.375,3.3897414207458496
23-05-1997,14.375,14.5,37700,14.5,14.5,3.419214963912964
27-05-1997,14.375,14.5,64200,14.5,14.5,3.419214963912964
28-05-1997,14.375,14.375,83400,14.625,14.5,3.419214963912964
29-05-1997,14.5,14.625,16700,14.625,14.625,3.4486937522888184
30-05-1997,14.5,14.5,63100,14.625,14.5,3.419214963912964
02-06-1997,14.625,14.625,213900,14.75,14.75,3.478170156478882
03-06-1997,14.625,14.625,42100,14.75,14.625,3.4486937522888184
04-06-1997,14.625,14.625,215400,14.75,14.75,3.478170156478882
05-06-1997,14.625,14.625,110900,14.75,14.625,3.4486937522888184
06-06-1997,14.625,14.75,117200,14.875,14.875,3.507646083831787
09-06-1997,14.75,14.75,86800,14.875,14.875,3.507646083831787
10-06-1997,14.75,14.875,146200,15.0,14.875,3.507646083831787
11-06-1997,14.875,14.875,78800,15.0,15.0,3.5371217727661133
12-06-1997,14.875,15.0,85000,15.0,14.875,3.507646083831787
13-06-1997,14.875,14.875,55400,15.0,15.0,3.5371217727661133
16-06-1997,14.875,14.875,47300,15.0,15.0,3.5371217727661133
17-06-1997,14.75,14.875,88100,14.875,14.875,3.5269267559051514
18-06-1997,14.75,14.875,65200,14.875,14.75,3.49729061126709
19-06-1997,14.75,14.75,65800,14.875,14.75,3.49729061126709
20-06-1997,14.75,14.75,127300,14.875,14.75,3.49729061126709
23-06-1997,14.75,14.875,130900,14.875,14.875,3.5269267559051514
24-06-1997,14.75,14.75,109400,14.875,14.875,3.5269267559051514
25-06-1997,14.8125,14.875,64400,14.875,14.8125,3.5121076107025146
26-06-1997,14.8125,14.875,89000,14.875,14.875,3.5269267559051514
27-06-1997,14.8125,14.8125,74500,14.9375,14.9375,3.541745662689209
30-06-1997,14.9375,14.9375,264600,15.0625,15.0625,3.5713841915130615
01-07-1997,15.0,15.0625,77600,15.125,15.0625,3.5713841915130615
02-07-1997,15.0625,15.0625,215900,15.375,15.1875,3.6010172367095947
03-07-1997,15.125,15.25,39600,15.25,15.25,3.615839719772339
07-07-1997,15.125,15.125,68300,15.25,15.125,3.5862011909484863
08-07-1997,15.125,15.125,63800,15.25,15.125,3.5862011909484863
09-07-1997,15.125,15.25,89200,15.25,15.25,3.615839719772339
10-07-1997,15.125,15.1875,74300,15.25,15.125,3.5862011909484863
11-07-1997,15.125,15.1875,53100,15.25,15.125,3.5862011909484863
14-07-1997,15.125,15.125,51700,15.25,15.125,3.5862011909484863
15-07-1997,15.125,15.25,36000,15.25,15.125,3.5862011909484863
16-07-1997,15.1875,15.25,186400,15.375,15.375,3.645479679107666
17-07-1997,15.125,15.25,74600,15.25,15.1875,3.619380474090576
18-07-1997,14.9375,15.1875,194100,15.1875,15.0,3.574699640274048
21-07-1997,15.0,15.0,53700,15.125,15.125,3.604487895965576
22-07-1997,15.125,15.125,108100,15.25,15.1875,3.619380474090576
23-07-1997,15.1875,15.25,130400,15.3125,15.3125,3.649171829223633
24-07-1997,15.25,15.25,62900,15.375,15.3125,3.649171829223633
25-07-1997,15.25,15.25,79800,15.4375,15.4375,3.678964376449585
28-07-1997,15.4375,15.5,182900,15.625,15.5,3.693857192993164
29-07-1997,15.5,15.5,46900,15.625,15.5625,3.7087502479553223
30-07-1997,15.5,15.5,78400,15.6875,15.625,3.7236459255218506
31-07-1997,15.5,15.625,38300,15.625,15.5,3.693857192993164
01-08-1997,15.25,15.5625,127500,15.5625,15.3125,3.649171829223633
04-08-1997,15.125,15.25,162200,15.3125,15.25,3.6342787742614746
05-08-1997,15.3125,15.3125,67100,15.4375,15.3125,3.649171829223633
06-08-1997,15.3125,15.375,48100,15.5,15.4375,3.678964376449585
07-08-1997,15.375,15.4375,54000,15.5,15.375,3.6640677452087402
08-08-1997,15.125,15.3125,68600,15.3125,15.1875,3.619380474090576
11-08-1997,15.125,15.1875,56500,15.25,15.1875,3.619380474090576
12-08-1997,15.125,15.25,62300,15.25,15.125,3.604487895965576
13-08-1997,15.125,15.25,50500,15.3125,15.25,3.6342787742614746
14-08-1997,15.125,15.125,68100,15.3125,15.1875,3.637509346008301
15-08-1997,15.0625,15.25,61800,15.25,15.125,3.622541666030884
18-08-1997,14.875,15.0625,123500,15.0625,15.0,3.5926032066345215
19-08-1997,14.9375,14.9375,41600,15.0,15.0,3.5926032066345215
20-08-1997,15.0,15.125,71600,15.125,15.0625,3.6075756549835205
21-08-1997,14.9375,15.0625,156900,15.0625,14.9375,3.577636480331421
22-08-1997,14.75,14.875,146600,14.875,14.75,3.5327277183532715
25-08-1997,14.75,14.875,58100,14.875,14.75,3.5327277183532715
26-08-1997,14.75,14.75,67200,14.875,14.875,3.562664747238159
27-08-1997,14.875,14.9375,75000,15.0,14.9375,3.577636480331421
28-08-1997,14.9375,14.9375,124200,15.0625,15.0625,3.6075756549835205
29-08-1997,15.0,15.0625,62200,15.0625,15.0625,3.6075756549835205
02-09-1997,15.0,15.0625,171500,15.125,15.0,3.5926032066345215
03-09-1997,15.0,15.0625,61600,15.125,15.125,3.622541666030884
04-09-1997,14.9375,15.125,90600,15.125,14.9375,3.577636480331421
05-09-1997,14.9375,15.0,39200,15.0625,15.0,3.5926032066345215
08-09-1997,14.9375,14.9375,31400,15.0625,15.0,3.5926032066345215
09-09-1997,14.9375,15.0,34600,15.0625,14.9375,3.577636480331421
10-09-1997,14.9375,15.0625,139400,15.0625,15.0,3.5926032066345215
11-09-1997,15.0,15.0625,98500,15.0625,15.0625,3.6075756549835205
12-09-1997,15.0625,15.0625,98600,15.25,15.1875,3.637509346008301
15-09-1997,15.125,15.1875,121600,15.25,15.125,3.622541666030884
16-09-1997,15.0625,15.125,64700,15.1875,15.0625,3.6255526542663574
17-09-1997,15.0625,15.0625,86900,15.1875,15.1875,3.6556365489959717
18-09-1997,15.0625,15.0625,39000,15.1875,15.125,3.6405937671661377
19-09-1997,15.125,15.125,29200,15.1875,15.1875,3.6556365489959717
22-09-1997,15.0625,15.125,53900,15.1875,15.125,3.6405937671661377
23-09-1997,15.0625,15.125,40100,15.1875,15.125,3.6405937671661377
24-09-1997,15.0625,15.0625,198500,15.3125,15.3125,3.685725450515747
25-09-1997,15.25,15.25,59800,15.375,15.25,3.670682907104492
26-09-1997,15.25,15.3125,40700,15.375,15.25,3.670682907104492
29-09-1997,15.25,15.3125,47100,15.375,15.25,3.670682907104492
30-09-1997,15.25,15.3125,152600,15.375,15.3125,3.685725450515747
01-10-1997,15.3125,15.3125,65400,15.4375,15.3125,3.685725450515747
02-10-1997,15.25,15.3125,52800,15.375,15.25,3.670682907104492
03-10-1997,15.1875,15.3125,152700,15.4375,15.1875,3.6556365489959717
06-10-1997,15.1875,15.1875,58400,15.3125,15.1875,3.6556365489959717
07-10-1997,15.1875,15.25,89900,15.3125,15.3125,3.685725450515747
08-10-1997,15.1875,15.3125,52200,15.3125,15.25,3.670682907104492
09-10-1997,15.125,15.25,87500,15.25,15.125,3.6405937671661377
10-10-1997,15.0625,15.125,55200,15.1875,15.125,3.6405937671661377
13-10-1997,15.0,15.125,69100,15.125,15.0625,3.6255526542663574
14-10-1997,15.0625,15.125,81500,15.125,15.0625,3.6255526542663574
15-10-1997,15.0625,15.0625,45000,15.125,15.0625,3.6255526542663574
16-10-1997,14.875,15.0625,148800,15.0625,14.9375,3.6129720211029053
17-10-1997,14.6875,14.8125,117900,14.875,14.75,3.567622423171997
20-10-1997,14.6875,14.6875,57600,14.75,14.6875,3.5525076389312744
21-10-1997,14.6875,14.6875,71100,14.8125,14.75,3.567622423171997
22-10-1997,14.6875,14.75,70100,14.8125,14.75,3.567622423171997
23-10-1997,14.75,14.75,81900,14.8125,14.75,3.567622423171997
24-10-1997,14.75,14.75,19100,14.8125,14.75,3.567622423171997
27-10-1997,14.625,14.8125,100900,14.8125,14.625,3.5373904705047607
28-10-1997,14.25,14.5,95900,14.75,14.75,3.567622423171997
29-10-1997,14.75,14.75,39500,14.875,14.8125,3.582737445831299
30-10-1997,14.6875,14.75,45200,14.875,14.75,3.567622423171997
31-10-1997,14.75,14.8125,15500,14.8125,14.8125,3.582737445831299
03-11-1997,14.75,14.75,133600,14.9375,14.9375,3.6129720211029053
04-11-1997,14.8125,14.9375,43900,14.9375,14.8125,3.582737445831299
05-11-1997,14.8125,14.875,40800,14.9375,14.8125,3.582737445831299
06-11-1997,14.8125,14.875,75800,15.0,14.875,3.597858428955078
07-11-1997,14.8125,14.875,70500,14.9375,14.875,3.597858428955078
10-11-1997,14.875,14.875,58400,14.9375,14.875,3.597858428955078
11-11-1997,14.875,14.875,64500,15.0,15.0,3.6280901432037354
12-11-1997,14.875,14.9375,84900,14.9375,14.9375,3.6129720211029053
13-11-1997,14.8125,14.875,38100,14.9375,14.8125,3.6008195877075195
14-11-1997,14.875,14.9375,58200,15.0,14.9375,3.631207227706909
17-11-1997,14.875,14.9375,44700,15.0,14.875,3.6160144805908203
18-11-1997,14.8125,14.875,61600,14.9375,14.8125,3.6008195877075195
19-11-1997,14.8125,14.8125,48200,14.9375,14.9375,3.631207227706909
20-11-1997,14.875,14.875,62000,15.0,15.0,3.6463980674743652
21-11-1997,14.875,15.0,40100,15.0,14.9375,3.631207227706909
24-11-1997,14.875,14.9375,74900,15.0,15.0,3.6463980674743652
25-11-1997,14.9375,15.0,57400,15.0625,15.0625,3.6615922451019287
26-11-1997,15.0,15.0,33400,15.125,15.125,3.6767842769622803
28-11-1997,15.0,15.125,88000,15.125,15.125,3.6767842769622803
01-12-1997,15.0625,15.0625,277500,15.1875,15.1875,3.6919784545898438
02-12-1997,15.125,15.1875,59400,15.1875,15.1875,3.6919784545898438
03-12-1997,15.0625,15.1875,114900,15.1875,15.125,3.6767842769622803
04-12-1997,15.125,15.125,37000,15.25,15.1875,3.6919784545898438
05-12-1997,15.125,15.125,53900,15.25,15.125,3.6767842769622803
08-12-1997,15.125,15.125,69600,15.25,15.125,3.6767842769622803
09-12-1997,15.125,15.125,45100,15.1875,15.1875,3.6919784545898438
10-12-1997,15.0625,15.125,47700,15.1875,15.125,3.6767842769622803
11-12-1997,15.125,15.1875,105000,15.375,15.375,3.737553834915161
12-12-1997,15.25,15.25,88000,15.375,15.3125,3.7223644256591797
15-12-1997,15.25,15.3125,53400,15.375,15.375,3.737553834915161
16-12-1997,15.3125,15.3125,50800,15.375,15.3125,3.7223644256591797
17-12-1997,15.0625,15.1875,85200,15.1875,15.125,3.733347177505493
18-12-1997,15.125,15.125,52400,15.25,15.25,3.7642054557800293
19-12-1997,15.125,15.25,28200,15.25,15.25,3.7642054557800293
22-12-1997,15.1875,15.3125,34400,15.3125,15.3125,3.7796292304992676
23-12-1997,15.25,15.25,25900,15.375,15.3125,3.7796292304992676
24-12-1997,15.25,15.3125,11100,15.3125,15.25,3.7642054557800293
26-12-1997,15.25,15.25,6100,15.3125,15.25,3.7642054557800293
29-12-1997,15.25,15.3125,29300,15.3125,15.3125,3.7796292304992676
30-12-1997,15.25,15.3125,133800,15.375,15.375,3.795057773590088
31-12-1997,15.3125,15.375,243200,15.5625,15.5625,3.8413400650024414
02-01-1998,15.375,15.5,33600,15.5625,15.375,3.795057773590088
05-01-1998,15.3125,15.375,120300,15.4375,15.3125,3.7796292304992676
06-01-1998,15.3125,15.375,61700,15.5,15.4375,3.8104848861694336
07-01-1998,15.375,15.4375,116300,15.5,15.5,3.8259103298187256
08-01-1998,15.4375,15.5,81600,15.5625,15.5625,3.8413400650024414
09-01-1998,15.4375,15.5625,46500,15.5625,15.4375,3.8104848861694336
12-01-1998,15.5,15.5625,63000,15.625,15.625,3.8567662239074707
13-01-1998,15.5,15.5625,55400,15.625,15.625,3.8567662239074707
14-01-1998,15.5625,15.625,37000,15.6875,15.6875,3.8721938133239746
15-01-1998,15.5625,15.5625,83500,15.6875,15.625,3.8567662239074707
16-01-1998,15.625,15.625,70400,15.6875,15.6875,3.8721938133239746
20-01-1998,15.5,15.5,60500,15.6875,15.5,3.8445358276367188
21-01-1998,15.5,15.5,51300,15.5625,15.5625,3.8600399494171143
22-01-1998,15.4375,15.5,49900,15.625,15.5,3.8445358276367188
23-01-1998,15.375,15.4375,78700,15.5625,15.375,3.813532829284668
26-01-1998,15.375,15.4375,128200,15.5625,15.4375,3.8290348052978516
27-01-1998,15.4375,15.5,35400,15.5,15.4375,3.8290348052978516
28-01-1998,15.4375,15.4375,57600,15.5625,15.5625,3.8600399494171143
29-01-1998,15.5,15.5625,70800,15.625,15.625,3.8755414485931396
30-01-1998,15.5625,15.625,41400,15.625,15.625,3.8755414485931396
02-02-1998,15.5625,15.625,87000,15.6875,15.6875,3.891044855117798
03-02-1998,15.625,15.625,67500,15.6875,15.625,3.8755414485931396
04-02-1998,15.625,15.6875,56400,15.6875,15.625,3.8755414485931396
05-02-1998,15.5625,15.6875,55900,15.6875,15.5625,3.8600399494171143
06-02-1998,15.5625,15.5625,30000,15.625,15.625,3.8755414485931396
09-02-1998,15.5,15.625,51200,15.625,15.5,3.8445358276367188
10-02-1998,15.5,15.5625,51500,15.5625,15.5,3.8445358276367188
11-02-1998,15.5,15.625,38500,15.625,15.625,3.8755414485931396
12-02-1998,15.4375,15.625,71100,15.625,15.5,3.8445358276367188
13-02-1998,15.1875,15.375,110800,15.4375,15.3125,3.7980294227600098
17-02-1998,15.1875,15.3125,45900,15.3125,15.3125,3.8169755935668945
18-02-1998,15.1875,15.1875,41200,15.3125,15.3125,3.8169755935668945
19-02-1998,15.1875,15.25,55600,15.3125,15.3125,3.8169755935668945
20-02-1998,15.1875,15.25,52200,15.3125,15.25,3.801396131515503
23-02-1998,15.3125,15.3125,60600,15.4375,15.4375,3.848135232925415
24-02-1998,15.3125,15.4375,55200,15.4375,15.4375,3.848135232925415
25-02-1998,15.375,15.375,35800,15.5,15.5,3.863712787628174
26-02-1998,15.4375,15.5,53800,15.5,15.5,3.863712787628174
27-02-1998,15.4375,15.4375,138300,15.5625,15.5625,3.87929368019104
02-03-1998,15.4375,15.5,61700,15.5625,15.4375,3.848135232925415
03-03-1998,15.4375,15.4375,59500,15.5,15.5,3.863712787628174
04-03-1998,15.25,15.5,53800,15.5,15.25,3.801396131515503
05-03-1998,15.125,15.3125,58500,15.3125,15.1875,3.7858164310455322
06-03-1998,15.1875,15.1875,61100,15.375,15.25,3.801396131515503
09-03-1998,15.25,15.375,25100,15.4375,15.4375,3.848135232925415
10-03-1998,15.3125,15.375,59200,15.4375,15.375,3.8325531482696533
11-03-1998,15.25,15.3125,72200,15.375,15.25,3.801396131515503
12-03-1998,15.125,15.25,48600,15.25,15.1875,3.7858164310455322
13-03-1998,15.125,15.1875,54400,15.25,15.1875,3.7858164310455322
16-03-1998,15.125,15.1875,44400,15.25,15.125,3.7702348232269287
17-03-1998,15.125,15.125,83000,15.25,15.1875,3.7858164310455322
18-03-1998,15.0625,15.125,50000,15.1875,15.0625,3.75465726852417
19-03-1998,14.875,15.0,39300,15.0,14.9375,3.7403836250305176
20-03-1998,14.9375,14.9375,48400,15.0625,15.0,3.756033420562744
23-03-1998,14.875,15.0,35500,15.0,14.875,3.7247314453125
24-03-1998,14.75,14.875,47400,14.9375,14.875,3.7247314453125
25-03-1998,14.625,14.8125,69800,14.8125,14.75,3.6934306621551514
26-03-1998,14.5625,14.75,55900,14.75,14.625,3.6621346473693848
27-03-1998,14.5625,14.625,28700,14.75,14.75,3.6934306621551514
30-03-1998,14.5625,14.625,39500,14.6875,14.625,3.6621346473693848
31-03-1998,14.6875,14.6875,165500,14.8125,14.8125,3.7090823650360107
01-04-1998,14.75,14.75,29500,14.8125,14.75,3.6934306621551514
02-04-1998,14.75,14.8125,65900,14.875,14.75,3.6934306621551514
03-04-1998,14.875,14.875,79000,15.0,14.9375,3.7403836250305176
06-04-1998,14.8125,14.875,40200,14.9375,14.8125,3.7090823650360107
07-04-1998,14.8125,14.8125,52400,14.875,14.8125,3.7090823650360107
08-04-1998,14.6875,14.875,79900,14.875,14.6875,3.6777842044830322
09-04-1998,14.6875,14.6875,174400,14.9375,14.8125,3.7090823650360107
13-04-1998,14.75,14.8125,76800,14.8125,14.75,3.6934306621551514
14-04-1998,14.75,14.75,71200,14.875,14.875,3.7247314453125
15-04-1998,14.75,14.875,53900,14.875,14.75,3.6934306621551514
16-04-1998,14.6875,14.8125,64600,14.8125,14.75,3.6934306621551514
17-04-1998,14.75,14.75,72400,14.8125,14.8125,3.7090823650360107
20-04-1998,14.5625,14.75,61900,14.75,14.6875,3.696751356124878
21-04-1998,14.625,14.75,86400,14.75,14.6875,3.696751356124878
22-04-1998,14.625,14.625,79100,14.8125,14.6875,3.696751356124878
23-04-1998,14.625,14.8125,60700,14.8125,14.6875,3.696751356124878
24-04-1998,14.625,14.625,59200,14.8125,14.8125,3.7282121181488037
27-04-1998,14.375,14.6875,104200,14.75,14.5,3.6495585441589355
28-04-1998,14.5,14.5,107300,14.75,14.75,3.712479829788208
29-04-1998,14.625,14.6875,61700,14.75,14.75,3.712479829788208
30-04-1998,14.75,14.8125,189300,14.875,14.875,3.7439422607421875
01-05-1998,14.6875,14.75,51500,14.875,14.8125,3.7282121181488037
04-05-1998,14.8125,14.8125,83100,14.9375,14.8125,3.7282121181488037
05-05-1998,14.8125,14.8125,61000,14.9375,14.8125,3.7282121181488037
06-05-1998,14.875,14.9375,58300,15.0,14.875,3.7439422607421875
07-05-1998,14.8125,14.9375,45500,14.9375,14.8125,3.7282121181488037
08-05-1998,14.75,14.75,33300,14.875,14.875,3.7439422607421875
11-05-1998,14.5,14.8125,102500,14.8125,14.5,3.6495585441589355
12-05-1998,14.375,14.5,114000,14.625,14.5625,3.665288209915161
13-05-1998,14.375,14.5,54800,14.5625,14.5,3.6495585441589355
14-05-1998,14.375,14.5,55000,14.5625,14.4375,3.6338253021240234
15-05-1998,14.375,14.5625,40900,14.5625,14.4375,3.6338253021240234
18-05-1998,14.375,14.5,44100,14.5625,14.4375,3.6338253021240234
19-05-1998,14.375,14.5,34300,14.5625,14.5625,3.6831462383270264
20-05-1998,14.4375,14.5625,63800,14.625,14.5625,3.6831462383270264
21-05-1998,14.4375,14.4375,48400,14.5625,14.4375,3.651529550552368
22-05-1998,14.4375,14.4375,52500,14.5,14.5,3.667339563369751
26-05-1998,14.5,14.5,103500,14.625,14.625,3.6989567279815674
27-05-1998,14.5625,14.625,43400,14.625,14.625,3.6989567279815674
28-05-1998,14.5625,14.5625,116600,14.8125,14.8125,3.7463760375976562
29-05-1998,14.75,14.8125,141000,14.875,14.75,3.730567216873169
01-06-1998,14.75,14.75,50400,14.875,14.8125,3.7463760375976562
02-06-1998,14.75,14.8125,64500,14.875,14.8125,3.7463760375976562
03-06-1998,14.75,14.8125,30500,14.875,14.8125,3.7463760375976562
04-06-1998,14.75,14.8125,39100,14.8125,14.75,3.730567216873169
05-06-1998,14.8125,14.875,42900,14.875,14.875,3.76218318939209
08-06-1998,14.8125,14.875,72500,14.9375,14.9375,3.7779886722564697
09-06-1998,14.8125,14.875,63100,14.9375,14.8125,3.7463760375976562
10-06-1998,14.8125,14.875,42000,14.9375,14.9375,3.7779886722564697
11-06-1998,14.9375,14.9375,105100,15.1875,15.0625,3.8096063137054443
12-06-1998,15.0,15.0,50000,15.1875,15.0,3.793797492980957
15-06-1998,14.875,15.0,88100,15.0,14.9375,3.7779886722564697
16-06-1998,14.8125,14.875,55300,14.9375,14.9375,3.7779886722564697
17-06-1998,14.75,14.8125,39600,14.875,14.8125,3.7463760375976562
18-06-1998,14.6875,14.75,63300,14.75,14.75,3.7487895488739014
19-06-1998,14.6875,14.6875,30500,14.75,14.75,3.7487895488739014
22-06-1998,14.6875,14.6875,43100,14.8125,14.75,3.7487895488739014
23-06-1998,14.75,14.8125,101500,14.875,14.875,3.780559539794922
24-06-1998,14.75,14.8125,32500,14.875,14.8125,3.764674663543701
25-06-1998,14.75,14.875,45000,14.875,14.8125,3.764674663543701
26-06-1998,14.75,14.8125,26600,14.875,14.875,3.780559539794922
29-06-1998,14.8125,14.8125,63800,14.9375,14.9375,3.7964444160461426
30-06-1998,14.8125,14.875,167200,14.9375,14.875,3.780559539794922
01-07-1998,14.8125,14.875,33000,14.875,14.8125,3.764674663543701
02-07-1998,14.875,14.875,67200,15.0,15.0,3.812328815460205
06-07-1998,14.875,15.0,51600,15.0,15.0,3.812328815460205
07-07-1998,15.0,15.0,159400,15.1875,15.125,3.8440980911254883
08-07-1998,15.0625,15.125,105000,15.25,15.125,3.8440980911254883
09-07-1998,15.0625,15.0625,46600,15.1875,15.1875,3.859983444213867
10-07-1998,15.125,15.1875,58000,15.25,15.25,3.875868082046509
13-07-1998,15.0625,15.125,65100,15.1875,15.125,3.8440980911254883
14-07-1998,15.0625,15.0625,29500,15.1875,15.1875,3.859983444213867
15-07-1998,15.0625,15.0625,31200,15.1875,15.125,3.8440980911254883
16-07-1998,15.0,15.0625,45400,15.125,15.0625,3.8282155990600586
17-07-1998,15.0,15.0625,25100,15.0625,15.0625,3.8282155990600586
20-07-1998,14.9375,15.0,39800,15.0625,15.0,3.812328815460205
21-07-1998,14.875,14.9375,43300,15.0,15.0,3.8302040100097656
22-07-1998,14.875,14.9375,50500,15.0,15.0,3.8302040100097656
23-07-1998,14.9375,15.0,47900,15.0625,15.0,3.8302040100097656
24-07-1998,14.875,15.0,28400,15.0,14.9375,3.814242362976074
27-07-1998,14.875,15.0,39700,15.0,15.0,3.8302040100097656
28-07-1998,14.875,14.9375,30700,15.0,14.9375,3.814242362976074
29-07-1998,14.875,14.875,56700,15.0,15.0,3.8302040100097656
30-07-1998,14.875,14.875,46000,15.0,14.875,3.798283100128174
31-07-1998,14.875,14.875,77100,15.0,14.875,3.798283100128174
03-08-1998,14.8125,14.875,167400,14.9375,14.875,3.798283100128174
04-08-1998,14.75,14.8125,95000,14.875,14.8125,3.7823240756988525
05-08-1998,14.625,14.75,122000,14.75,14.6875,3.750408172607422
06-08-1998,14.5625,14.625,45600,14.6875,14.6875,3.750408172607422
07-08-1998,14.5625,14.5625,44800,14.75,14.75,3.766366720199585
10-08-1998,14.75,14.75,84500,14.875,14.875,3.798283100128174
11-08-1998,14.8125,14.9375,47400,14.9375,14.875,3.798283100128174
12-08-1998,14.75,14.75,43500,14.875,14.8125,3.7823240756988525
13-08-1998,14.8125,14.875,38100,14.9375,14.8125,3.7823240756988525
14-08-1998,14.75,14.8125,21900,14.875,14.875,3.798283100128174
17-08-1998,14.8125,14.875,69500,14.9375,14.875,3.798283100128174
18-08-1998,14.8125,14.8125,33300,14.9375,14.8125,3.7823240756988525
19-08-1998,14.6875,14.75,41000,14.8125,14.8125,3.8010568618774414
20-08-1998,14.75,14.8125,64700,14.875,14.8125,3.8010568618774414
21-08-1998,14.8125,14.875,71800,14.9375,14.9375,3.8331332206726074
24-08-1998,14.8125,14.9375,45600,14.9375,14.9375,3.8331332206726074
25-08-1998,14.875,14.9375,87900,15.0,15.0,3.8491735458374023
26-08-1998,14.9375,14.9375,97500,15.0625,14.9375,3.8331332206726074
27-08-1998,14.875,15.0,76600,15.0625,15.0,3.8491735458374023
28-08-1998,14.875,15.0,71200,15.0,14.9375,3.8331332206726074
31-08-1998,14.875,15.0,100600,15.0,15.0,3.8491735458374023
01-09-1998,14.875,14.9375,134500,15.0,14.9375,3.8331332206726074
02-09-1998,14.75,14.8125,136000,14.9375,14.8125,3.8010568618774414
03-09-1998,14.875,14.875,83300,15.0,15.0,3.8491735458374023
04-09-1998,14.875,15.0,52800,15.0,15.0,3.8491735458374023
08-09-1998,14.875,14.875,53800,15.0,15.0,3.8491735458374023
09-09-1998,14.875,15.0,49000,15.0,15.0,3.8491735458374023
10-09-1998,14.9375,14.9375,93100,15.0625,15.0625,3.865213632583618
11-09-1998,15.0,15.0,97100,15.125,15.0625,3.865213632583618
14-09-1998,15.0,15.0,39300,15.0625,15.0625,3.865213632583618
15-09-1998,15.0,15.0625,92300,15.125,15.0625,3.865213632583618
16-09-1998,15.0,15.0625,113200,15.25,15.125,3.881248950958252
17-09-1998,15.125,15.125,83900,15.25,15.1875,3.8972890377044678
18-09-1998,15.0625,15.0625,62000,15.1875,15.125,3.9005119800567627
21-09-1998,15.125,15.125,72000,15.25,15.1875,3.91662859916687
22-09-1998,15.125,15.25,64400,15.25,15.25,3.932748794555664
23-09-1998,15.125,15.25,46600,15.25,15.25,3.932748794555664
24-09-1998,15.125,15.25,61000,15.25,15.125,3.9005119800567627
25-09-1998,15.1875,15.25,54600,15.3125,15.1875,3.91662859916687
28-09-1998,15.25,15.3125,112000,15.4375,15.375,3.9649839401245117
29-09-1998,15.375,15.4375,141900,15.625,15.625,4.029454708099365
30-09-1998,15.5625,15.5625,191200,16.0625,15.8125,4.0778093338012695
01-10-1998,15.8125,15.9375,78300,16.125,16.0625,4.142285346984863
02-10-1998,15.8125,15.875,84100,16.125,15.875,4.093926906585693
05-10-1998,15.75,15.875,77500,16.0,15.9375,4.110042095184326
06-10-1998,15.75,15.875,102900,16.0,15.875,4.093926906585693
07-10-1998,15.5625,15.875,88500,15.875,15.8125,4.0778093338012695
08-10-1998,15.625,15.875,81600,15.875,15.625,4.029454708099365
09-10-1998,15.5625,15.75,39100,15.75,15.625,4.029454708099365
12-10-1998,15.4375,15.5625,34700,15.6875,15.5625,4.0133376121521
13-10-1998,15.375,15.4375,54900,15.5625,15.375,3.9649839401245117
14-10-1998,15.3125,15.4375,64200,15.6875,15.625,4.029454708099365
15-10-1998,15.375,15.625,96600,15.625,15.5,3.9972214698791504
16-10-1998,15.625,15.625,61800,15.75,15.75,4.0616912841796875
19-10-1998,15.4375,15.625,135100,15.6875,15.625,4.029454708099365
20-10-1998,15.5,15.625,107300,15.75,15.6875,4.064300537109375
21-10-1998,15.5625,15.6875,90100,15.8125,15.8125,4.0966877937316895
22-10-1998,15.5625,15.8125,140600,15.875,15.8125,4.0966877937316895
23-10-1998,15.625,15.6875,68900,15.8125,15.75,4.080491065979004
26-10-1998,15.625,15.625,76700,15.875,15.875,4.112876892089844
27-10-1998,15.6875,15.6875,170400,16.0,15.8125,4.0966877937316895
28-10-1998,15.8125,15.875,80400,16.0,15.875,4.112876892089844
29-10-1998,15.8125,15.875,77600,16.0,15.9375,4.12907075881958
30-10-1998,15.8125,15.9375,88600,16.0625,16.0,4.145261764526367
02-11-1998,15.75,15.9375,149000,16.0625,15.75,4.080491065979004
03-11-1998,15.75,15.75,39000,15.875,15.875,4.112876892089844
04-11-1998,15.6875,15.875,40600,15.875,15.875,4.112876892089844
05-11-1998,15.75,15.75,62600,16.0,15.8125,4.0966877937316895
06-11-1998,15.875,15.9375,131500,16.0625,16.0,4.145261764526367
09-11-1998,15.875,16.0,167300,16.125,16.0,4.145261764526367
10-11-1998,15.9375,16.0,79900,16.0625,16.0,4.145261764526367
11-11-1998,15.9375,15.9375,93300,16.0625,15.9375,4.12907075881958
12-11-1998,15.875,16.0,102000,16.0625,16.0,4.145261764526367
13-11-1998,16.0,16.0,45600,16.125,16.0,4.145261764526367
16-11-1998,16.0,16.0625,92800,16.25,16.125,4.177645683288574
17-11-1998,16.125,16.25,154300,16.4375,16.375,4.24241828918457
18-11-1998,16.0625,16.125,88100,16.25,16.25,4.231225967407227
19-11-1998,16.125,16.25,79800,16.3125,16.25,4.231225967407227
20-11-1998,16.1875,16.1875,81500,16.375,16.375,4.263769149780273
23-11-1998,16.25,16.25,98600,16.5625,16.5625,4.312588691711426
24-11-1998,16.375,16.625,44600,16.625,16.5,4.296318054199219
25-11-1998,16.4375,16.4375,71200,16.625,16.5,4.296318054199219
27-11-1998,16.4375,16.5,33800,16.6875,16.6875,4.345139503479004
30-11-1998,16.625,16.6875,101900,16.9375,16.75,4.361412048339844
01-12-1998,16.625,16.75,55700,16.8125,16.8125,4.377686023712158
02-12-1998,16.5625,16.6875,95500,16.6875,16.5625,4.312588691711426
03-12-1998,16.5,16.6875,59100,16.6875,16.625,4.3288655281066895
04-12-1998,16.5,16.6875,57600,16.75,16.6875,4.345139503479004
07-12-1998,16.625,16.625,46400,16.8125,16.75,4.361412048339844
08-12-1998,16.8125,16.875,85000,17.0,16.875,4.3939595222473145
09-12-1998,16.875,16.9375,62000,17.0625,16.9375,4.410234451293945
10-12-1998,16.8125,16.875,45700,17.0,16.875,4.3939595222473145
11-12-1998,16.8125,16.875,38400,16.875,16.875,4.3939595222473145
14-12-1998,16.6875,16.875,74400,16.875,16.75,4.361412048339844
15-12-1998,16.6875,16.75,37400,16.875,16.75,4.361412048339844
16-12-1998,16.8125,16.875,28000,16.9375,16.9375,4.410234451293945
17-12-1998,16.8125,16.9375,29400,17.0625,16.8125,4.377686023712158
18-12-1998,16.8125,16.9375,24800,17.0,16.9375,4.410234451293945
21-12-1998,16.375,16.375,48500,16.6875,16.5625,4.451353073120117
22-12-1998,16.4375,16.4375,34000,16.625,16.5,4.434557914733887
23-12-1998,16.4375,16.5625,17200,16.625,16.4375,4.417760372161865
24-12-1998,16.25,16.375,19500,16.5,16.5,4.434557914733887
28-12-1998,16.375,16.4375,13800,16.5,16.5,4.434557914733887
29-12-1998,16.375,16.5,45400,16.5625,16.5,4.434557914733887
30-12-1998,16.25,16.375,56300,16.4375,16.375,4.400961875915527
31-12-1998,16.25,16.25,17700,16.375,16.25,4.367372512817383
04-01-1999,15.9375,16.25,116400,16.3125,16.125,4.333770751953125
05-01-1999,16.0,16.0625,76400,16.125,16.0625,4.316970348358154
06-01-1999,16.0625,16.0625,66100,16.25,16.125,4.333770751953125
07-01-1999,16.125,16.125,49300,16.25,16.125,4.333770751953125
08-01-1999,16.0625,16.25,65200,16.25,16.1875,4.350570201873779
11-01-1999,16.125,16.125,43800,16.25,16.1875,4.350570201873779
12-01-1999,15.9375,16.0625,101800,16.1875,16.0625,4.316970348358154
13-01-1999,16.0,16.0625,47100,16.125,16.125,4.333770751953125
14-01-1999,15.875,16.125,70000,16.125,16.0,4.300176620483398
15-01-1999,15.875,16.0,46900,16.0625,16.0,4.300176620483398
19-01-1999,15.875,15.9375,33600,16.0625,16.0,4.300176620483398
20-01-1999,15.75,15.75,26300,16.0,15.875,4.288559436798096
21-01-1999,15.8125,16.0,59900,16.0,15.8125,4.2716779708862305
22-01-1999,15.75,15.9375,59900,16.0,15.875,4.288559436798096
25-01-1999,15.8125,15.9375,55900,16.0,15.9375,4.305445194244385
26-01-1999,15.75,15.8125,75000,15.9375,15.875,4.288559436798096
27-01-1999,15.6875,15.875,49300,15.9375,15.9375,4.305445194244385
28-01-1999,15.75,15.8125,46700,15.9375,15.8125,4.2716779708862305
29-01-1999,15.8125,15.8125,29200,16.0,15.875,4.288559436798096
01-02-1999,15.8125,16.0,39900,16.0,15.8125,4.2716779708862305
02-02-1999,15.75,15.875,52400,15.9375,15.875,4.288559436798096
03-02-1999,15.75,15.9375,60000,15.9375,15.75,4.254790782928467
04-02-1999,15.75,15.75,57300,15.875,15.875,4.288559436798096
05-02-1999,15.875,15.9375,35200,16.0,16.0,4.322328090667725
08-02-1999,15.5625,15.875,157400,15.875,15.625,4.22102165222168
09-02-1999,15.625,15.625,56800,15.75,15.6875,4.237909317016602
10-02-1999,15.6875,15.75,50400,15.8125,15.75,4.254790782928467
11-02-1999,15.6875,15.6875,29900,15.8125,15.6875,4.237909317016602
12-02-1999,15.5,15.75,39900,15.75,15.5625,4.204136848449707
16-02-1999,15.375,15.5625,85000,15.5625,15.375,4.153489589691162
17-02-1999,15.375,15.4375,69100,15.5,15.375,4.1738505363464355
18-02-1999,15.3125,15.5,121200,15.5,15.3125,4.156877517700195
19-02-1999,15.3125,15.375,45700,15.4375,15.375,4.1738505363464355
22-02-1999,15.3125,15.375,53000,15.4375,15.4375,4.1908135414123535
23-02-1999,15.3125,15.3125,38800,15.4375,15.3125,4.156877517700195
24-02-1999,15.375,15.4375,83100,15.5,15.4375,4.1908135414123535
25-02-1999,15.3125,15.4375,75400,15.4375,15.4375,4.1908135414123535
26-02-1999,15.375,15.4375,97700,15.5,15.375,4.1738505363464355
01-03-1999,15.3125,15.375,58200,15.5,15.4375,4.1908135414123535
02-03-1999,15.375,15.375,27300,15.4375,15.375,4.1738505363464355
03-03-1999,15.25,15.4375,49600,15.4375,15.375,4.1738505363464355
04-03-1999,15.25,15.25,55200,15.375,15.3125,4.156877517700195
05-03-1999,15.3125,15.3125,62800,15.4375,15.3125,4.156877517700195
08-03-1999,15.25,15.3125,53600,15.375,15.25,4.139912128448486
09-03-1999,15.25,15.3125,38200,15.375,15.25,4.139912128448486
10-03-1999,15.0625,15.25,114100,15.3125,15.125,4.105982303619385
11-03-1999,15.0625,15.1875,41100,15.1875,15.0625,4.089015483856201
12-03-1999,15.0625,15.1875,50800,15.1875,15.0625,4.089015483856201
15-03-1999,15.0625,15.1875,55000,15.1875,15.125,4.105982303619385
16-03-1999,15.125,15.125,24900,15.1875,15.1875,4.1229472160339355
17-03-1999,15.0625,15.125,55900,15.3125,15.1875,4.1229472160339355
18-03-1999,15.0625,15.1875,56900,15.3125,15.1875,4.1229472160339355
19-03-1999,15.125,15.25,43900,15.25,15.125,4.105982303619385
22-03-1999,15.0625,15.0625,43000,15.25,15.25,4.158609390258789
23-03-1999,15.0,15.125,49000,15.25,15.125,4.12452507019043
24-03-1999,15.0,15.0625,56000,15.125,15.0,4.090433120727539
25-03-1999,14.9375,15.0,73700,15.125,15.0,4.090433120727539
26-03-1999,15.0,15.125,34900,15.125,15.125,4.12452507019043
29-03-1999,15.0,15.125,56800,15.1875,15.125,4.12452507019043
30-03-1999,15.125,15.125,64400,15.3125,15.1875,4.141565799713135
31-03-1999,15.1875,15.1875,117600,15.3125,15.25,4.158609390258789
01-04-1999,15.1875,15.1875,25800,15.25,15.25,4.158609390258789
05-04-1999,15.125,15.1875,40200,15.3125,15.1875,4.141565799713135
06-04-1999,15.1875,15.1875,43300,15.3125,15.1875,4.141565799713135
07-04-1999,15.1875,15.1875,63900,15.3125,15.1875,4.141565799713135
08-04-1999,15.1875,15.1875,54100,15.3125,15.25,4.158609390258789
09-04-1999,15.3125,15.3125,279600,15.4375,15.375,4.192698955535889
12-04-1999,15.3125,15.3125,49600,15.375,15.375,4.192698955535889
13-04-1999,15.3125,15.3125,65200,15.4375,15.375,4.192698955535889
14-04-1999,15.25,15.3125,55900,15.375,15.3125,4.175650596618652
15-04-1999,15.1875,15.3125,58800,15.375,15.25,4.158609390258789
16-04-1999,15.125,15.1875,78400,15.3125,15.25,4.158609390258789
19-04-1999,15.0625,15.25,52800,15.25,15.25,4.158609390258789
20-04-1999,14.9375,15.0,60900,15.0625,15.0625,4.126965522766113
21-04-1999,15.0,15.0625,84100,15.1875,15.0,4.109836101531982
22-04-1999,14.9375,15.125,118300,15.1875,15.0,4.109836101531982
23-04-1999,15.0,15.1875,58300,15.25,15.125,4.14409065246582
26-04-1999,14.9375,15.0,67000,15.1875,15.125,4.14409065246582
27-04-1999,14.9375,15.0625,83100,15.125,15.125,4.14409065246582
28-04-1999,15.0,15.0,44300,15.1875,15.1875,4.16121244430542
29-04-1999,15.125,15.1875,21900,15.25,15.25,4.178335666656494
30-04-1999,15.125,15.25,115400,15.3125,15.125,4.14409065246582
03-05-1999,15.0625,15.1875,27800,15.1875,15.0625,4.126965522766113
04-05-1999,14.9375,15.125,97700,15.125,15.0625,4.126965522766113
05-05-1999,14.875,15.0625,53900,15.0625,15.0,4.109836101531982
06-05-1999,14.875,15.0625,43000,15.0625,15.0,4.109836101531982
07-05-1999,14.8125,14.9375,53600,15.0,14.875,4.075588226318359
10-05-1999,14.6875,14.8125,48300,14.875,14.875,4.075588226318359
11-05-1999,14.75,14.875,43900,14.875,14.875,4.075588226318359
12-05-1999,14.6875,14.75,64900,14.875,14.6875,4.0242204666137695
13-05-1999,14.5625,14.625,44200,14.8125,14.5625,3.989969253540039
14-05-1999,14.25,14.3125,88900,14.5,14.375,3.9385969638824463
17-05-1999,14.3125,14.3125,53500,14.5,14.5,3.9728472232818604
18-05-1999,14.25,14.375,132600,14.625,14.3125,3.921476125717163
19-05-1999,14.125,14.1875,99700,14.375,14.375,3.9579546451568604
20-05-1999,14.25,14.375,60900,14.375,14.3125,3.9407477378845215
21-05-1999,14.25,14.25,69300,14.375,14.375,3.9579546451568604
24-05-1999,14.3125,14.375,38100,14.5,14.375,3.9579546451568604
25-05-1999,14.3125,14.4375,42300,14.4375,14.4375,3.975163698196411
26-05-1999,14.25,14.3125,73100,14.4375,14.375,3.9579546451568604
27-05-1999,14.375,14.375,28000,14.4375,14.4375,3.975163698196411
28-05-1999,14.3125,14.4375,94600,14.4375,14.375,3.9579546451568604
01-06-1999,14.1875,14.3125,43400,14.375,14.1875,3.9063308238983154
02-06-1999,14.125,14.25,91100,14.3125,14.125,3.8891189098358154
03-06-1999,14.0,14.0,51300,14.1875,14.1875,3.9063308238983154
04-06-1999,14.0,14.125,49600,14.1875,14.125,3.8891189098358154
07-06-1999,14.0,14.0625,140000,14.3125,14.0,3.854701519012451
08-06-1999,13.8125,14.0,92400,14.125,13.875,3.820286750793457
09-06-1999,13.75,13.8125,122200,13.9375,13.875,3.820286750793457
10-06-1999,13.625,13.875,147700,13.875,13.875,3.820286750793457
11-06-1999,13.625,13.8125,62300,13.8125,13.75,3.785869598388672
14-06-1999,13.5625,13.6875,95500,13.75,13.75,3.785869598388672
15-06-1999,13.6875,13.8125,89100,13.875,13.875,3.820286750793457
16-06-1999,13.875,13.9375,106400,14.0,14.0,3.854701519012451
17-06-1999,14.0,14.0,149400,14.3125,14.1875,3.9063308238983154
18-06-1999,14.1875,14.25,33100,14.3125,14.25,3.923537254333496
21-06-1999,14.0625,14.125,45500,14.1875,14.1875,3.9258880615234375
22-06-1999,14.0625,14.125,114700,14.1875,14.125,3.9085967540740967
23-06-1999,13.8125,14.0,85100,14.0625,13.9375,3.8567118644714355
24-06-1999,13.6875,13.8125,111000,13.9375,13.875,3.8394181728363037
25-06-1999,13.75,13.875,46600,13.9375,13.875,3.8394181728363037
28-06-1999,13.6875,13.75,54300,13.875,13.8125,3.8221242427825928
29-06-1999,13.75,13.875,44800,13.875,13.875,3.8394181728363037
30-06-1999,13.75,13.875,193600,14.125,14.0625,3.891303777694702
01-07-1999,13.8125,14.125,78100,14.125,14.0,3.874005079269409
02-07-1999,14.0,14.0625,38500,14.125,14.0625,3.891303777694702
06-07-1999,14.0,14.0625,43800,14.0625,14.0625,3.891303777694702
07-07-1999,13.9375,14.0625,50100,14.0625,14.0,3.874005079269409
08-07-1999,13.8125,13.9375,71500,13.9375,13.9375,3.8567118644714355
09-07-1999,13.875,13.875,33100,14.0,13.875,3.8394181728363037
12-07-1999,13.9375,13.9375,54000,14.0625,13.9375,3.8567118644714355
13-07-1999,13.9375,13.9375,56400,14.0625,14.0,3.874005079269409
14-07-1999,13.9375,13.9375,43400,14.0,14.0,3.874005079269409
15-07-1999,13.875,13.9375,67600,14.0,14.0,3.874005079269409
16-07-1999,13.9375,14.0,52000,14.0,13.9375,3.8567118644714355
19-07-1999,13.875,14.0,52900,14.0,13.875,3.8394181728363037
20-07-1999,13.875,13.875,34700,14.0,13.9375,3.8567118644714355
21-07-1999,13.75,13.8125,62200,13.875,13.8125,3.841970443725586
22-07-1999,13.625,13.8125,60200,13.875,13.625,3.789816379547119
23-07-1999,13.625,13.75,46200,13.75,13.625,3.789816379547119
26-07-1999,13.5625,13.625,61700,13.6875,13.625,3.789816379547119
27-07-1999,13.5,13.625,91900,13.6875,13.625,3.789816379547119
28-07-1999,13.5625,13.625,67600,13.75,13.625,3.789816379547119
29-07-1999,13.5,13.625,75300,13.6875,13.625,3.789816379547119
30-07-1999,13.5625,13.5625,121800,13.8125,13.75,3.824585199356079
02-08-1999,13.6875,13.6875,43800,13.75,13.75,3.824585199356079
03-08-1999,13.625,13.6875,70900,13.8125,13.75,3.824585199356079
04-08-1999,13.625,13.75,43500,13.8125,13.75,3.824585199356079
05-08-1999,13.625,13.6875,34900,13.75,13.75,3.824585199356079
06-08-1999,13.5625,13.75,52300,13.75,13.5625,3.7724318504333496
09-08-1999,13.5,13.5625,69400,13.6875,13.5625,3.7724318504333496
10-08-1999,13.125,13.4375,100300,13.5,13.25,3.6855106353759766
11-08-1999,13.125,13.1875,79900,13.25,13.1875,3.6681270599365234
12-08-1999,13.0625,13.1875,84400,13.25,13.125,3.6507391929626465
13-08-1999,13.125,13.125,61700,13.375,13.375,3.720277786254883
16-08-1999,12.9375,13.375,267900,13.4375,13.0625,3.6333541870117188
17-08-1999,13.125,13.125,98600,13.3125,13.25,3.6855106353759766
18-08-1999,13.125,13.375,78500,13.375,13.25,3.6855106353759766
19-08-1999,13.0625,13.0625,61000,13.1875,13.125,3.670687437057495
20-08-1999,13.0625,13.125,91000,13.25,13.25,3.705646276473999
23-08-1999,13.125,13.1875,69800,13.3125,13.1875,3.6881680488586426
24-08-1999,13.0625,13.25,89100,13.25,13.0625,3.6532068252563477
25-08-1999,13.0625,13.125,101800,13.25,13.25,3.705646276473999
26-08-1999,13.0625,13.125,81700,13.25,13.125,3.670687437057495
27-08-1999,13.125,13.1875,55400,13.25,13.25,3.705646276473999
30-08-1999,13.125,13.125,56300,13.25,13.25,3.705646276473999
31-08-1999,13.1875,13.25,195000,13.375,13.3125,3.7231247425079346
01-09-1999,13.1875,13.25,51500,13.3125,13.3125,3.7231247425079346
02-09-1999,13.125,13.25,81900,13.3125,13.25,3.705646276473999
03-09-1999,13.25,13.3125,53800,13.375,13.3125,3.7231247425079346
07-09-1999,13.1875,13.3125,93600,13.375,13.25,3.705646276473999
08-09-1999,13.125,13.125,105200,13.25,13.125,3.670687437057495
09-09-1999,13.125,13.1875,91900,13.25,13.1875,3.6881680488586426
10-09-1999,13.125,13.25,76600,13.3125,13.3125,3.7231247425079346
13-09-1999,13.125,13.1875,78600,13.25,13.1875,3.6881680488586426
14-09-1999,13.125,13.1875,59400,13.1875,13.1875,3.6881680488586426
15-09-1999,13.0,13.1875,112700,13.1875,13.125,3.670687437057495
16-09-1999,13.0,13.125,93800,13.1875,13.125,3.670687437057495
17-09-1999,13.125,13.1875,140700,13.25,13.125,3.670687437057495
20-09-1999,12.6875,13.0,195500,13.0625,12.9375,3.6182456016540527
21-09-1999,12.5625,12.9375,136500,12.9375,12.6875,3.5483291149139404
22-09-1999,12.625,12.625,147400,12.875,12.6875,3.5483291149139404
23-09-1999,12.6875,12.75,125500,12.9375,12.875,3.600769281387329
24-09-1999,12.8125,12.9375,163100,13.0,13.0,3.6357271671295166
27-09-1999,12.875,13.0,101000,13.0625,13.0,3.6357271671295166
28-09-1999,13.0,13.125,106700,13.1875,13.0,3.6357271671295166
29-09-1999,13.0,13.125,74400,13.125,13.0625,3.6532068252563477
30-09-1999,13.0,13.0625,167400,13.1875,13.1875,3.6881680488586426
01-10-1999,13.125,13.125,53100,13.25,13.1875,3.6881680488586426
04-10-1999,13.125,13.125,97300,13.25,13.1875,3.6881680488586426
05-10-1999,13.0,13.1875,132100,13.25,13.03125,3.6444664001464844
06-10-1999,12.9375,12.9375,107000,13.125,13.125,3.670687437057495
07-10-1999,12.9375,13.0,96400,13.125,13.0625,3.6532068252563477
08-10-1999,12.8125,13.0,97900,13.0625,12.9375,3.6182456016540527
11-10-1999,12.875,12.9375,63800,12.9375,12.9375,3.6182456016540527
12-10-1999,12.6875,12.8125,106400,12.9375,12.75,3.565809965133667
13-10-1999,12.5625,12.875,106000,12.9375,12.5625,3.5133726596832275
14-10-1999,12.3125,12.625,150900,12.625,12.5625,3.5133726596832275
15-10-1999,12.5,12.5625,127000,12.6875,12.6875,3.5483291149139404
18-10-1999,12.4375,12.5625,62700,12.6875,12.5625,3.5133726596832275
19-10-1999,12.4375,12.5,161700,12.8125,12.6875,3.5483291149139404
20-10-1999,12.5625,12.5625,102100,12.75,12.6875,3.5688655376434326
21-10-1999,12.5,12.5625,143500,12.6875,12.5,3.5161218643188477
22-10-1999,12.25,12.5,107600,12.625,12.4375,3.498539447784424
25-10-1999,12.1875,12.375,214800,12.4375,12.4375,3.498539447784424
26-10-1999,12.375,12.375,184600,12.5,12.421875,3.4941461086273193
27-10-1999,12.375,12.375,97900,12.5,12.375,3.480963706970215
28-10-1999,12.5,12.5,114900,12.75,12.6875,3.5688655376434326
29-10-1999,12.5625,12.625,233500,12.9375,12.875,3.6216068267822266
01-11-1999,12.8125,12.875,75200,12.875,12.875,3.6216068267822266
02-11-1999,12.75,12.875,97600,12.9375,12.8125,3.604025363922119
03-11-1999,12.625,12.75,86400,12.8125,12.6875,3.5688655376434326
04-11-1999,12.5625,12.75,138800,12.75,12.625,3.5512874126434326
05-11-1999,12.75,12.75,143400,12.9375,12.9375,3.639185667037964
08-11-1999,12.8125,12.9375,138900,13.0,12.8125,3.604025363922119
09-11-1999,12.6875,12.875,98100,12.9375,12.6875,3.5688655376434326
10-11-1999,12.5,12.625,115700,12.75,12.625,3.5512874126434326
11-11-1999,12.375,12.5,138300,12.5625,12.5,3.5161218643188477
12-11-1999,12.5,12.5,119400,12.75,12.75,3.5864429473876953
15-11-1999,12.5,12.75,134000,12.8125,12.75,3.5864429473876953
16-11-1999,12.5,12.6875,335900,12.875,12.75,3.5864429473876953
17-11-1999,12.4375,12.75,175400,12.75,12.5,3.5161218643188477
18-11-1999,12.3125,12.5,265700,12.625,12.5625,3.554459571838379
19-11-1999,12.3125,12.5,267800,12.5625,12.5,3.536778211593628
22-11-1999,12.25,12.4375,330600,12.5,12.25,3.466041088104248
23-11-1999,12.1875,12.375,301000,12.4375,12.25,3.466041088104248
24-11-1999,12.125,12.25,225300,12.3125,12.25,3.466041088104248
26-11-1999,12.25,12.25,54000,12.375,12.375,3.5014078617095947
29-11-1999,12.1875,12.3125,250800,12.375,12.375,3.5014078617095947
30-11-1999,12.1875,12.375,281600,12.375,12.1875,3.448357582092285
01-12-1999,12.0,12.25,360000,12.375,12.15625,3.439518690109253
02-12-1999,12.1875,12.1875,307900,12.5,12.5,3.536778211593628
03-12-1999,12.375,12.4375,501800,12.75,12.6875,3.5898289680480957
06-12-1999,12.5,12.75,240200,12.75,12.5625,3.554459571838379
07-12-1999,12.25,12.625,280600,12.625,12.375,3.5014078617095947
08-12-1999,12.25,12.3125,209100,12.375,12.25,3.466041088104248
09-12-1999,12.125,12.25,287400,12.375,12.25,3.466041088104248
10-12-1999,12.1875,12.1875,359600,12.5,12.4375,3.519094228744507
13-12-1999,12.125,12.25,351900,12.375,12.125,3.4306750297546387
14-12-1999,11.875,12.125,402300,12.25,11.9375,3.37762188911438
15-12-1999,11.9375,12.0625,546200,12.3125,12.125,3.4306750297546387
16-12-1999,11.9375,12.0625,346600,12.125,12.125,3.4306750297546387
17-12-1999,12.0625,12.0625,414500,12.3125,12.3125,3.483726978302002
20-12-1999,12.125,12.125,350900,12.4375,12.3125,3.483726978302002
21-12-1999,11.9375,12.125,334400,12.125,12.125,3.450853109359741
22-12-1999,11.8125,12.0,301900,12.0,11.9375,3.397488832473755
23-12-1999,11.625,11.875,571100,12.125,12.0,3.4152796268463135
27-12-1999,11.75,12.0,417600,12.0625,12.0625,3.4330663681030273
28-12-1999,11.625,12.0,420300,12.0625,11.8125,3.3619165420532227
29-12-1999,11.5,11.5625,504400,11.8125,11.6875,3.326338291168213
30-12-1999,11.5625,11.5625,665900,11.875,11.6875,3.326338291168213
31-12-1999,11.5,11.625,477200,11.875,11.8125,3.3619165420532227
03-01-2000,11.875,11.9375,137700,12.125,12.0,3.4152796268463135
04-01-2000,11.875,11.9375,139000,12.0625,12.0,3.4152796268463135
05-01-2000,11.3125,11.9375,130300,12.125,12.125,3.450853109359741
06-01-2000,12.0,12.125,98700,12.125,12.125,3.450853109359741
07-01-2000,12.0625,12.1875,87300,12.1875,12.1875,3.4686410427093506
10-01-2000,12.0,12.0625,87400,12.1875,12.125,3.450853109359741
11-01-2000,12.0,12.0625,81900,12.125,12.0,3.4152796268463135
12-01-2000,11.625,11.8125,132000,11.8125,11.75,3.3441269397735596
13-01-2000,11.5,11.5,95400,11.75,11.6875,3.346846342086792
14-01-2000,11.6875,11.75,134200,11.8125,11.6875,3.346846342086792
18-01-2000,11.5625,11.6875,135800,11.75,11.625,3.328948497772217
19-01-2000,11.6875,11.6875,232700,12.0,11.875,3.400536060333252
20-01-2000,11.8125,11.8125,159600,11.9375,11.9375,3.4184374809265137
21-01-2000,11.8125,11.875,74000,11.9375,11.8125,3.382643938064575
24-01-2000,11.6875,11.8125,156900,11.875,11.8125,3.382643938064575
25-01-2000,11.8125,11.8125,219000,12.1875,12.125,3.4721295833587646
26-01-2000,12.0625,12.125,133000,12.1875,12.125,3.4721295833587646
27-01-2000,12.125,12.125,114700,12.25,12.25,3.5079257488250732
28-01-2000,12.125,12.1875,88800,12.25,12.25,3.5079257488250732
31-01-2000,12.125,12.1875,227400,12.3125,12.28125,3.516873598098755
01-02-2000,12.3125,12.3125,133700,12.375,12.3125,3.5258212089538574
02-02-2000,12.4375,12.5,188900,12.5625,12.4375,3.5616180896759033
03-02-2000,12.4375,12.4375,107600,12.5625,12.5,3.5795140266418457
04-02-2000,12.4375,12.5,79800,12.625,12.5625,3.5974130630493164
07-02-2000,12.4375,12.5,85400,12.5625,12.5,3.5795140266418457
08-02-2000,12.4375,12.5625,121600,12.625,12.5625,3.5974130630493164
09-02-2000,12.4375,12.5,58500,12.625,12.4375,3.5616180896759033
10-02-2000,12.375,12.5625,85500,12.5625,12.375,3.5437207221984863
11-02-2000,12.3125,12.375,48800,12.4375,12.4375,3.5616180896759033
14-02-2000,12.3125,12.3125,65900,12.4375,12.375,3.5437207221984863
15-02-2000,12.25,12.25,85600,12.375,12.3125,3.5458803176879883
16-02-2000,12.25,12.3125,59300,12.375,12.25,3.5278823375701904
17-02-2000,12.1875,12.25,77400,12.375,12.1875,3.5098814964294434
18-02-2000,12.1875,12.25,90100,12.3125,12.25,3.5278823375701904
22-02-2000,12.1875,12.1875,96100,12.3125,12.3125,3.5458803176879883
23-02-2000,12.1875,12.3125,60800,12.3125,12.25,3.5278823375701904
24-02-2000,12.1875,12.25,145500,12.3125,12.1875,3.5098814964294434
25-02-2000,12.125,12.125,81700,12.3125,12.3125,3.5458803176879883
28-02-2000,12.125,12.1875,32100,12.3125,12.25,3.5278823375701904
29-02-2000,12.125,12.125,154300,12.375,12.25,3.5278823375701904
01-03-2000,12.1875,12.25,50100,12.3125,12.1875,3.5098814964294434
02-03-2000,12.0625,12.1875,50300,12.25,12.0625,3.4738831520080566
03-03-2000,12.0625,12.125,61600,12.1875,12.125,3.4918811321258545
06-03-2000,12.0625,12.1875,87900,12.1875,12.1875,3.5098814964294434
07-03-2000,12.0625,12.1875,74200,12.1875,12.0625,3.4738831520080566
08-03-2000,12.0,12.125,67000,12.125,12.0,3.4558844566345215
09-03-2000,12.0,12.0,43200,12.0625,12.0,3.4558844566345215
10-03-2000,11.875,12.0,41100,12.0625,11.875,3.41988205909729
13-03-2000,11.6875,11.875,34700,11.9375,11.8125,3.401885986328125
14-03-2000,11.4375,11.6875,129100,11.75,11.5,3.311887264251709
15-03-2000,11.4375,11.4375,102100,11.6875,11.5,3.3321707248687744
16-03-2000,11.4375,11.5,67500,11.625,11.5,3.3321707248687744
17-03-2000,11.5625,11.625,87500,11.75,11.75,3.4046108722686768
20-03-2000,11.625,11.625,98200,11.8125,11.8125,3.4227211475372314
21-03-2000,11.75,11.75,90500,11.875,11.8125,3.4227211475372314
22-03-2000,11.8125,11.875,124500,12.0,11.9375,3.4589388370513916
23-03-2000,11.875,11.9375,89400,12.0,12.0,3.4770472049713135
24-03-2000,11.875,12.0,66700,12.0,11.9375,3.4589388370513916
27-03-2000,11.875,11.875,87700,12.0,11.875,3.440826654434204
28-03-2000,11.875,11.9375,107800,11.9375,11.875,3.440826654434204
29-03-2000,11.875,11.875,46000,12.0,11.9375,3.4589388370513916
30-03-2000,11.9375,11.9375,44000,12.0625,12.0625,3.4951586723327637
31-03-2000,12.0,12.125,162000,12.375,12.25,3.549483299255371
03-04-2000,12.0,12.25,79700,12.25,12.125,3.513265609741211
04-04-2000,12.0625,12.125,152300,12.25,12.125,3.513265609741211
05-04-2000,12.125,12.1875,87100,12.3125,12.25,3.549483299255371
06-04-2000,12.125,12.125,74600,12.25,12.25,3.549483299255371
07-04-2000,12.1875,12.1875,90100,12.3125,12.25,3.549483299255371
10-04-2000,12.1875,12.25,71300,12.25,12.1875,3.5313751697540283
11-04-2000,12.1875,12.25,132300,12.3125,12.3125,3.5675952434539795
12-04-2000,12.1875,12.1875,113800,12.3125,12.25,3.549483299255371
13-04-2000,12.0625,12.1875,39900,12.1875,12.1875,3.5516715049743652
14-04-2000,12.0625,12.1875,83100,12.1875,12.125,3.5334577560424805
17-04-2000,12.0,12.1875,101700,12.1875,12.0,3.49703049659729
18-04-2000,11.875,12.0,130800,12.0,12.0,3.49703049659729
19-04-2000,11.8125,12.0,60400,12.0,11.9375,3.4788174629211426
20-04-2000,11.75,11.9375,66300,11.9375,11.875,3.4606032371520996
24-04-2000,11.875,11.9375,54600,12.0,11.9375,3.4788174629211426
25-04-2000,11.8125,11.9375,98400,12.0,11.9375,3.4788174629211426
26-04-2000,11.875,11.9375,63800,12.0,11.9375,3.4788174629211426
27-04-2000,11.8125,11.875,63400,12.0,12.0,3.49703049659729
28-04-2000,11.875,12.0,152500,12.0,12.0,3.49703049659729
01-05-2000,11.8125,11.9375,101600,12.0,11.9375,3.4788174629211426
02-05-2000,11.8125,11.9375,78600,12.0,11.9375,3.4788174629211426
03-05-2000,11.5625,11.875,136500,11.875,11.75,3.424178123474121
04-05-2000,11.75,11.75,64800,11.8125,11.8125,3.4423913955688477
05-05-2000,11.625,11.75,74900,11.75,11.75,3.424178123474121
08-05-2000,11.6875,11.6875,63000,11.8125,11.8125,3.4423913955688477
09-05-2000,11.75,11.75,54500,11.875,11.8125,3.4423913955688477
10-05-2000,11.75,11.875,58800,11.9375,11.8125,3.4423913955688477
11-05-2000,11.75,11.9375,77400,11.9375,11.9375,3.4788174629211426
12-05-2000,11.625,11.75,100300,11.75,11.6875,3.4260499477386475
15-05-2000,11.625,11.625,98600,11.75,11.6875,3.4260499477386475
16-05-2000,11.625,11.625,81700,11.75,11.75,3.4443764686584473
17-05-2000,11.625,11.625,124000,11.8125,11.8125,3.462695598602295
18-05-2000,11.6875,11.75,128000,11.875,11.8125,3.462695598602295
19-05-2000,11.625,11.8125,94500,11.875,11.75,3.4443764686584473
22-05-2000,11.5625,11.625,84400,11.75,11.625,3.4077308177948
23-05-2000,11.625,11.6875,49400,11.75,11.6875,3.4260499477386475
24-05-2000,11.5625,11.6875,89300,11.6875,11.625,3.4077308177948
25-05-2000,11.5625,11.6875,133000,11.6875,11.6875,3.4260499477386475
26-05-2000,11.6875,11.6875,57200,11.8125,11.8125,3.462695598602295
30-05-2000,11.8125,11.8125,162100,12.0,12.0,3.517655849456787
31-05-2000,11.9375,11.9375,217200,12.25,12.1875,3.5726208686828613
01-06-2000,12.1875,12.1875,142300,12.4375,12.375,3.6275851726531982
02-06-2000,12.4375,12.5,46700,12.625,12.5,3.664227247238159
05-06-2000,12.3125,12.4375,141400,12.625,12.5625,3.6825499534606934
06-06-2000,12.4375,12.5625,64700,12.5625,12.4375,3.6459038257598877
07-06-2000,12.375,12.5,84400,12.5625,12.375,3.6275851726531982
08-06-2000,12.3125,12.375,42400,12.5,12.375,3.6275851726531982
09-06-2000,12.3125,12.3125,61400,12.5625,12.5625,3.6825499534606934
12-06-2000,12.4375,12.5625,64600,12.625,12.4375,3.6459038257598877
13-06-2000,12.375,12.4375,61000,12.5,12.375,3.6275851726531982
14-06-2000,12.375,12.375,83800,12.5,12.5,3.664227247238159
15-06-2000,12.3125,12.3125,72700,12.5,12.5,3.684861660003662
16-06-2000,12.4375,12.625,87200,12.625,12.5,3.684861660003662
19-06-2000,12.375,12.5625,63300,12.5625,12.5,3.684861660003662
20-06-2000,12.4375,12.5625,45700,12.5625,12.5,3.684861660003662
21-06-2000,12.3125,12.4375,60200,12.5,12.3125,3.6295902729034424
22-06-2000,12.25,12.375,109900,12.4375,12.25,3.611163854598999
23-06-2000,12.0625,12.25,99800,12.25,12.1875,3.592741012573242
26-06-2000,12.0,12.125,111800,12.1875,12.125,3.57431697845459
27-06-2000,12.125,12.1875,77400,12.25,12.1875,3.592741012573242
28-06-2000,12.0625,12.125,112300,12.25,12.1875,3.592741012573242
29-06-2000,12.125,12.25,54900,12.3125,12.25,3.611163854598999
30-06-2000,12.25,12.25,139400,12.5,12.4375,3.666438579559326
03-07-2000,12.375,12.375,14500,12.5,12.5,3.684861660003662
05-07-2000,12.375,12.4375,87300,12.5625,12.375,3.6480159759521484
06-07-2000,12.5,12.5,98600,12.625,12.5,3.684861660003662
07-07-2000,12.5,12.5,87900,12.625,12.5625,3.7032864093780518
10-07-2000,12.5,12.5,68500,12.75,12.75,3.7585580348968506
11-07-2000,12.6875,12.75,50200,12.875,12.6875,3.7401340007781982
12-07-2000,12.625,12.6875,73800,12.8125,12.75,3.7585580348968506
13-07-2000,12.5625,12.625,59000,12.8125,12.75,3.7793056964874268
14-07-2000,12.625,12.8125,49100,12.8125,12.75,3.7793056964874268
17-07-2000,12.75,12.75,50000,12.875,12.75,3.7793056964874268
18-07-2000,12.625,12.75,68900,12.875,12.8125,3.7978322505950928
19-07-2000,12.6875,12.75,90100,12.8125,12.75,3.7793056964874268
20-07-2000,12.6875,12.6875,73200,12.875,12.75,3.7793056964874268
21-07-2000,12.75,12.75,52200,12.8125,12.8125,3.7978322505950928
24-07-2000,12.6875,12.75,50100,12.8125,12.6875,3.76078200340271
25-07-2000,12.625,12.75,74000,12.8125,12.6875,3.76078200340271
26-07-2000,12.625,12.6875,110200,12.75,12.75,3.7793056964874268
27-07-2000,12.625,12.75,55700,12.75,12.75,3.7793056964874268
28-07-2000,12.6875,12.6875,40100,12.875,12.875,3.816361427307129
31-07-2000,12.8125,12.875,161600,13.0,12.8125,3.7978322505950928
01-08-2000,12.75,12.875,59700,12.875,12.8125,3.7978322505950928
02-08-2000,12.75,12.75,46700,12.875,12.8125,3.7978322505950928
03-08-2000,12.75,12.8125,24300,12.9375,12.8125,3.7978322505950928
04-08-2000,12.6875,12.8125,66600,12.875,12.875,3.816361427307129
07-08-2000,12.75,12.8125,88800,12.9375,12.75,3.7793056964874268
08-08-2000,12.8125,12.875,61100,12.9375,12.9375,3.834885358810425
09-08-2000,12.875,13.0,80200,13.0,12.875,3.816361427307129
10-08-2000,12.8125,12.9375,139400,13.0625,12.9375,3.834885358810425
11-08-2000,12.9375,13.0,61300,13.1875,13.1875,3.9089951515197754
14-08-2000,12.875,13.125,172800,13.25,12.875,3.816361427307129
15-08-2000,12.8125,13.0,126500,13.125,13.125,3.8904645442962646
16-08-2000,12.875,12.875,126900,13.1875,13.125,3.911325216293335
17-08-2000,13.0625,13.125,80700,13.1875,13.0625,3.8926985263824463
18-08-2000,13.0,13.125,113800,13.1875,13.0625,3.8926985263824463
21-08-2000,13.0,13.0,42900,13.125,13.0625,3.8926985263824463
22-08-2000,13.0,13.0,131900,13.125,13.125,3.911325216293335
23-08-2000,13.0625,13.125,87100,13.3125,13.3125,3.9671993255615234
24-08-2000,13.1875,13.1875,75000,13.375,13.3125,3.9671993255615234
25-08-2000,13.125,13.25,57800,13.3125,13.1875,3.929955005645752
28-08-2000,13.125,13.1875,59000,13.25,13.125,3.911325216293335
29-08-2000,13.0,13.1875,96900,13.1875,13.1875,3.929955005645752
30-08-2000,13.0625,13.1875,54200,13.1875,13.1875,3.929955005645752
31-08-2000,13.0625,13.125,159400,13.1875,13.125,3.911325216293335
01-09-2000,13.0625,13.125,36200,13.1875,13.0625,3.8926985263824463
05-09-2000,13.0,13.125,89000,13.1875,13.1875,3.929955005645752
06-09-2000,13.125,13.125,109400,13.25,13.1875,3.929955005645752
07-09-2000,13.125,13.1875,80700,13.25,13.25,3.948575973510742
08-09-2000,13.125,13.1875,84400,13.3125,13.3125,3.9671993255615234
11-09-2000,13.25,13.25,61000,13.375,13.375,3.985823631286621
12-09-2000,13.3125,13.3125,112000,13.5,13.5,4.0230793952941895
13-09-2000,13.375,13.5625,84100,13.5625,13.4375,4.004448890686035
14-09-2000,13.125,13.3125,59000,13.3125,13.3125,3.987974166870117
15-09-2000,13.0,13.25,134200,13.25,13.125,3.93180775642395
18-09-2000,12.875,13.0625,107800,13.0625,12.9375,3.875636577606201
19-09-2000,12.8125,13.0,50400,13.0,12.875,3.856917142868042
20-09-2000,12.875,12.9375,125400,13.0,12.9375,3.875636577606201
21-09-2000,12.9375,13.0625,43900,13.0625,13.0,3.8943588733673096
22-09-2000,12.875,13.0625,84500,13.125,13.0,3.8943588733673096
25-09-2000,12.9375,13.0625,115300,13.1875,13.0625,3.9130825996398926
26-09-2000,13.0,13.0625,51400,13.125,13.125,3.93180775642395
27-09-2000,13.0625,13.125,61600,13.125,13.0625,3.9130825996398926
28-09-2000,12.9375,13.0625,72400,13.125,13.0625,3.9130825996398926
29-09-2000,13.0,13.0625,107200,13.125,13.0,3.8943588733673096
02-10-2000,12.9375,13.0625,65800,13.125,13.0,3.8943588733673096
03-10-2000,12.9375,13.0625,32900,13.125,12.9375,3.875636577606201
04-10-2000,12.75,12.9375,91000,12.9375,12.9375,3.875636577606201
05-10-2000,12.875,12.9375,32600,12.9375,12.875,3.856917142868042
06-10-2000,12.75,12.8125,77000,12.875,12.875,3.856917142868042
09-10-2000,12.75,12.875,52600,12.9375,12.875,3.856917142868042
10-10-2000,12.8125,12.8125,68700,13.0,12.875,3.856917142868042
11-10-2000,12.75,12.875,42700,12.9375,12.875,3.856917142868042
12-10-2000,12.75,12.75,70900,12.8125,12.75,3.8194661140441895
13-10-2000,12.5625,12.6875,64500,12.6875,12.625,3.802902936935425
16-10-2000,12.625,12.6875,113100,12.9375,12.75,3.840555429458618
17-10-2000,12.6875,12.75,51900,12.875,12.75,3.840555429458618
18-10-2000,12.6875,12.6875,62100,12.8125,12.75,3.840555429458618
19-10-2000,12.6875,12.8125,45400,12.8125,12.6875,3.821728229522705
20-10-2000,12.6875,12.6875,95100,12.84375,12.75,3.840555429458618
23-10-2000,12.5625,12.6875,100400,12.75,12.625,3.802902936935425
24-10-2000,12.375,12.5,110100,12.5625,12.375,3.7275986671447754
25-10-2000,12.4375,12.5,100600,12.625,12.4375,3.7464232444763184
26-10-2000,12.375,12.375,53600,12.5,12.4375,3.7464232444763184
27-10-2000,12.4375,12.5,45600,12.625,12.625,3.802902936935425
30-10-2000,12.5,12.625,78300,12.6875,12.6875,3.821728229522705
31-10-2000,12.625,12.625,132000,12.8125,12.75,3.840555429458618
01-11-2000,12.75,12.75,63200,12.9375,12.9375,3.8970329761505127
02-11-2000,12.8125,12.875,58300,12.9375,12.8125,3.859379768371582
03-11-2000,12.75,12.8125,88400,12.9375,12.875,3.878209114074707
06-11-2000,12.8125,12.8125,92800,13.0,12.875,3.878209114074707
07-11-2000,12.75,13.0,91400,13.0,12.875,3.878209114074707
08-11-2000,12.6875,12.75,105200,12.9375,12.9375,3.8970329761505127
09-11-2000,12.6875,12.9375,105800,13.0,12.6875,3.821728229522705
10-11-2000,12.6875,12.75,112900,12.9375,12.84375,3.8687944412231445
13-11-2000,12.75,12.875,59200,12.9375,12.8125,3.859379768371582
14-11-2000,12.75,12.8125,61800,12.875,12.8125,3.859379768371582
15-11-2000,12.6875,12.8125,124300,12.9375,12.75,3.840555429458618
16-11-2000,12.4375,12.5625,119000,12.625,12.5625,3.804967164993286
17-11-2000,12.5,12.5,85500,12.8125,12.8125,3.8806841373443604
20-11-2000,12.75,12.8125,76400,12.875,12.75,3.861757278442383
21-11-2000,12.75,12.75,134000,12.875,12.875,3.8996176719665527
22-11-2000,12.8125,12.8125,90200,12.9375,12.9375,3.9185471534729004
24-11-2000,12.875,13.0,23700,13.0,12.875,3.8996176719665527
27-11-2000,12.8125,12.875,108400,13.0,12.9375,3.9185471534729004
28-11-2000,12.875,13.0,103200,13.0,12.875,3.8996176719665527
29-11-2000,12.875,12.9375,167900,13.0625,13.0,3.937476873397827
30-11-2000,12.875,13.0,157400,13.0625,12.9375,3.9185471534729004
01-12-2000,13.0,13.0,94000,13.1875,13.125,3.9753332138061523
04-12-2000,12.9375,13.1875,114100,13.1875,13.0,3.937476873397827
05-12-2000,12.9375,13.0,81600,13.0625,12.9375,3.9185471534729004
06-12-2000,12.9375,12.9375,142000,13.25,13.125,3.9753332138061523
07-12-2000,13.0625,13.125,98100,13.1875,13.125,3.9753332138061523
08-12-2000,13.0625,13.125,147000,13.25,13.0625,3.9564054012298584
11-12-2000,12.9375,13.125,125500,13.125,13.0625,3.9564054012298584
12-12-2000,12.875,13.0,154100,13.125,13.125,3.9753332138061523
13-12-2000,13.0,13.125,141300,13.3125,13.3125,4.03212833404541
14-12-2000,13.125,13.1875,174300,13.5,13.4375,4.069990158081055
15-12-2000,13.375,13.375,185100,13.75,13.625,4.126780986785889
18-12-2000,13.625,13.625,148900,13.9375,13.8125,4.205174922943115
19-12-2000,13.6875,13.75,210100,13.875,13.75,4.1861443519592285
20-12-2000,13.6875,13.6875,192200,13.875,13.875,4.224200248718262
21-12-2000,13.625,13.875,138000,13.875,13.625,4.148092746734619
22-12-2000,13.4375,13.625,115900,13.6875,13.5625,4.129062175750732
26-12-2000,13.3125,13.4375,138900,13.5625,13.5,4.110037326812744
27-12-2000,13.4375,13.5,167700,13.6875,13.6875,4.167118072509766
28-12-2000,13.5,13.5625,117500,13.6875,13.5,4.110037326812744
29-12-2000,13.5,13.5,195100,13.8125,13.6875,4.167118072509766
02-01-2001,13.6875,13.75,73100,14.0,14.0,4.262258529663086
03-01-2001,13.875,14.0,337000,14.4375,14.0,4.262258529663086
04-01-2001,14.0625,14.125,62000,14.1875,14.125,4.300316333770752
05-01-2001,14.0625,14.1875,67100,14.1875,14.125,4.300316333770752
08-01-2001,14.0625,14.1875,139900,14.4375,14.4375,4.395452499389648
09-01-2001,14.3125,14.4375,94700,14.5,14.5,4.414479732513428
10-01-2001,14.3125,14.375,89000,14.4375,14.375,4.3764238357543945
11-01-2001,14.1875,14.25,106500,14.375,14.3125,4.378720283508301
12-01-2001,14.0625,14.1875,72400,14.25,14.1875,4.340475559234619
16-01-2001,14.0625,14.125,131600,14.375,14.375,4.397839546203613
17-01-2001,14.125,14.375,114200,14.4375,14.1875,4.340475559234619
18-01-2001,14.1875,14.1875,51400,14.3125,14.1875,4.340475559234619
19-01-2001,14.1875,14.1875,82600,14.375,14.3125,4.378720283508301
22-01-2001,14.1875,14.3125,46100,14.3125,14.3125,4.378720283508301
23-01-2001,14.1875,14.25,101800,14.3125,14.1875,4.340475559234619
24-01-2001,14.0,14.1875,107200,14.25,14.0,4.283114433288574
25-01-2001,14.0,14.0625,176100,14.125,14.125,4.321356773376465
26-01-2001,14.125,14.125,97800,14.375,14.3125,4.378720283508301
29-01-2001,14.270000457763672,14.369999885559082,116900,14.5,14.329999923706055,4.384077072143555
30-01-2001,14.319999694824219,14.390000343322754,183200,14.470000267028809,14.390000343322754,4.402430534362793
31-01-2001,14.470000267028809,14.470000267028809,156200,14.729999542236328,14.670000076293945,4.488094806671143
01-02-2001,14.460000038146973,14.649999618530273,179500,14.720000267028809,14.5,4.436083793640137
02-02-2001,14.199999809265137,14.5,131900,14.5,14.210000038146973,4.347362518310547
05-02-2001,14.029999732971191,14.1899995803833,110900,14.210000038146973,14.100000381469727,4.313706874847412
06-02-2001,14.050000190734863,14.130000114440918,81300,14.140000343322754,14.109999656677246,4.316769123077393
07-02-2001,14.109999656677246,14.140000343322754,63100,14.34000015258789,14.34000015258789,4.387136936187744
08-02-2001,14.210000038146973,14.239999771118164,176400,14.5,14.289999961853027,4.371837615966797
09-02-2001,14.260000228881836,14.289999961853027,40000,14.319999694824219,14.289999961853027,4.371837615966797
12-02-2001,14.279999732971191,14.319999694824219,128900,14.470000267028809,14.399999618530273,4.405491828918457
13-02-2001,14.229999542236328,14.399999618530273,140300,14.470000267028809,14.300000190734863,4.374896049499512
14-02-2001,14.15999984741211,14.170000076293945,84200,14.34000015258789,14.260000228881836,4.38473653793335
15-02-2001,14.229999542236328,14.229999542236328,40400,14.359999656677246,14.350000381469727,4.41240930557251
16-02-2001,14.279999732971191,14.329999923706055,75100,14.449999809265137,14.449999809265137,4.4431586265563965
20-02-2001,14.270000457763672,14.449999809265137,73700,14.460000038146973,14.34000015258789,4.409334659576416
21-02-2001,14.25,14.279999732971191,102000,14.350000381469727,14.300000190734863,4.397035121917725
22-02-2001,14.239999771118164,14.260000228881836,84700,14.3100004196167,14.270000457763672,4.387810707092285
23-02-2001,14.270000457763672,14.270000457763672,19500,14.34000015258789,14.34000015258789,4.409334659576416
26-02-2001,14.3100004196167,14.369999885559082,81600,14.420000076293945,14.369999885559082,4.4185590744018555
27-02-2001,14.09000015258789,14.40999984741211,114600,14.550000190734863,14.5,4.458530902862549
28-02-2001,14.510000228881836,14.510000228881836,167100,14.670000076293945,14.5600004196167,4.476980209350586
01-03-2001,14.5,14.539999961853027,67400,14.649999618530273,14.640000343322754,4.501579284667969
02-03-2001,14.510000228881836,14.640000343322754,57000,14.640000343322754,14.640000343322754,4.501579284667969
05-03-2001,14.430000305175781,14.640000343322754,83500,14.649999618530273,14.550000190734863,4.473907470703125
06-03-2001,14.449999809265137,14.5,69500,14.550000190734863,14.510000228881836,4.461608409881592
07-03-2001,14.430000305175781,14.539999961853027,92300,14.600000381469727,14.4399995803833,4.440081596374512
08-03-2001,14.449999809265137,14.5,92200,14.529999732971191,14.529999732971191,4.467757701873779
09-03-2001,14.380000114440918,14.510000228881836,74600,14.510000228881836,14.399999618530273,4.427785396575928
12-03-2001,14.289999961853027,14.350000381469727,85700,14.479999542236328,14.359999656677246,4.41548490524292
13-03-2001,14.329999923706055,14.329999923706055,101100,14.510000228881836,14.420000076293945,4.433932304382324
14-03-2001,14.300000190734863,14.329999923706055,65600,14.479999542236328,14.479999542236328,4.452380657196045
15-03-2001,14.300000190734863,14.399999618530273,78500,14.430000305175781,14.399999618530273,4.44990873336792
16-03-2001,14.399999618530273,14.430000305175781,57300,14.489999771118164,14.489999771118164,4.477719783782959
19-03-2001,14.399999618530273,14.479999542236328,61000,14.5,14.40999984741211,4.452999114990234
20-03-2001,14.319999694824219,14.420000076293945,49000,14.449999809265137,14.350000381469727,4.434459686279297
21-03-2001,14.229999542236328,14.319999694824219,52600,14.380000114440918,14.279999732971191,4.4128289222717285
22-03-2001,14.140000343322754,14.25,84500,14.369999885559082,14.300000190734863,4.41900634765625
23-03-2001,14.180000305175781,14.300000190734863,76800,14.380000114440918,14.180000305175781,4.381925582885742
26-03-2001,14.069999694824219,14.25,82100,14.270000457763672,14.140000343322754,4.369565010070801
27-03-2001,14.079999923706055,14.149999618530273,72100,14.15999984741211,14.140000343322754,4.369565010070801
28-03-2001,14.0600004196167,14.15999984741211,53800,14.199999809265137,14.170000076293945,4.378836631774902
29-03-2001,14.170000076293945,14.180000305175781,55100,14.25,14.210000038146973,4.391197681427002
30-03-2001,14.170000076293945,14.199999809265137,161500,14.399999618530273,14.359999656677246,4.437552452087402
02-04-2001,14.300000190734863,14.350000381469727,55500,14.369999885559082,14.3100004196167,4.422097682952881
03-04-2001,14.300000190734863,14.3100004196167,30900,14.399999618530273,14.399999618530273,4.44990873336792
04-04-2001,14.279999732971191,14.300000190734863,82300,14.420000076293945,14.350000381469727,4.434459686279297
05-04-2001,14.329999923706055,14.34000015258789,60200,14.449999809265137,14.449999809265137,4.465362071990967
06-04-2001,14.350000381469727,14.449999809265137,42600,14.449999809265137,14.369999885559082,4.440638542175293
09-04-2001,14.289999961853027,14.359999656677246,59800,14.399999618530273,14.359999656677246,4.437552452087402
10-04-2001,14.3100004196167,14.380000114440918,94300,14.430000305175781,14.350000381469727,4.434459686279297
11-04-2001,14.270000457763672,14.270000457763672,59400,14.34000015258789,14.300000190734863,4.441294193267822
12-04-2001,14.239999771118164,14.279999732971191,17500,14.289999961853027,14.239999771118164,4.422656059265137
16-04-2001,14.119999885559082,14.210000038146973,29500,14.25,14.149999618530273,4.3947038650512695
17-04-2001,14.140000343322754,14.199999809265137,31700,14.260000228881836,14.229999542236328,4.419555187225342
18-04-2001,14.1899995803833,14.1899995803833,40700,14.350000381469727,14.300000190734863,4.441294193267822
19-04-2001,14.149999618530273,14.25,39100,14.289999961853027,14.149999618530273,4.3947038650512695
20-04-2001,14.0,14.199999809265137,79100,14.239999771118164,14.0600004196167,4.366752624511719
23-04-2001,13.979999542236328,14.069999694824219,45600,14.109999656677246,14.109999656677246,4.382280349731445
24-04-2001,14.100000381469727,14.100000381469727,80700,14.34000015258789,14.210000038146973,4.413341522216797
25-04-2001,14.15999984741211,14.239999771118164,60300,14.329999923706055,14.1899995803833,4.407130241394043
26-04-2001,14.210000038146973,14.229999542236328,42900,14.279999732971191,14.239999771118164,4.422656059265137
27-04-2001,14.25,14.270000457763672,34400,14.34000015258789,14.25,4.425765514373779
30-04-2001,14.260000228881836,14.300000190734863,104300,14.350000381469727,14.279999732971191,4.435080528259277
01-05-2001,14.260000228881836,14.329999923706055,39100,14.350000381469727,14.260000228881836,4.428867340087891
02-05-2001,14.229999542236328,14.25,54400,14.329999923706055,14.229999542236328,4.419555187225342
03-05-2001,14.119999885559082,14.25,67000,14.25,14.1899995803833,4.407130241394043
04-05-2001,14.140000343322754,14.199999809265137,83500,14.199999809265137,14.180000305175781,4.404021263122559
07-05-2001,14.119999885559082,14.1899995803833,55800,14.199999809265137,14.15999984741211,4.397810459136963
08-05-2001,14.130000114440918,14.199999809265137,87100,14.210000038146973,14.170000076293945,4.4009175300598145
09-05-2001,14.15999984741211,14.1899995803833,68300,14.199999809265137,14.199999809265137,4.410233974456787
10-05-2001,14.15999984741211,14.199999809265137,89600,14.25,14.199999809265137,4.410233974456787
11-05-2001,14.109999656677246,14.15999984741211,121500,14.199999809265137,14.180000305175781,4.404021263122559
14-05-2001,14.100000381469727,14.170000076293945,52800,14.210000038146973,14.210000038146973,4.4368085861206055
15-05-2001,14.140000343322754,14.15999984741211,101200,14.329999923706055,14.329999923706055,4.474275588989258
16-05-2001,14.260000228881836,14.289999961853027,90200,14.479999542236328,14.40999984741211,4.499252796173096
17-05-2001,14.350000381469727,14.399999618530273,68400,14.460000038146973,14.460000038146973,4.514861106872559
18-05-2001,14.350000381469727,14.449999809265137,55200,14.460000038146973,14.449999809265137,4.511744976043701
21-05-2001,14.300000190734863,14.449999809265137,84900,14.479999542236328,14.390000343322754,4.493009090423584
22-05-2001,14.34000015258789,14.420000076293945,42400,14.449999809265137,14.399999618530273,4.49613094329834
23-05-2001,14.350000381469727,14.359999656677246,81100,14.5,14.5,4.527353286743164
24-05-2001,14.380000114440918,14.5,79800,14.5,14.430000305175781,4.505499839782715
25-05-2001,14.399999618530273,14.430000305175781,106700,14.5,14.449999809265137,4.511744976043701
29-05-2001,14.420000076293945,14.460000038146973,64600,14.5,14.449999809265137,4.511744976043701
30-05-2001,14.420000076293945,14.430000305175781,69100,14.5,14.449999809265137,4.511744976043701
31-05-2001,14.4399995803833,14.479999542236328,148600,14.489999771118164,14.449999809265137,4.511744976043701
01-06-2001,14.449999809265137,14.460000038146973,62200,14.529999732971191,14.5,4.527353286743164
04-06-2001,14.449999809265137,14.449999809265137,89800,14.569999694824219,14.520000457763672,4.533596992492676
05-06-2001,14.520000457763672,14.520000457763672,81200,14.649999618530273,14.609999656677246,4.5616960525512695
06-06-2001,14.569999694824219,14.609999656677246,36100,14.649999618530273,14.569999694824219,4.549211502075195
07-06-2001,14.5,14.550000190734863,88400,14.640000343322754,14.510000228881836,4.530476093292236
08-06-2001,14.489999771118164,14.489999771118164,67200,14.600000381469727,14.5600004196167,4.546083450317383
11-06-2001,14.5,14.5600004196167,90300,14.619999885559082,14.550000190734863,4.542965888977051
12-06-2001,14.5,14.520000457763672,96800,14.550000190734863,14.510000228881836,4.530476093292236
13-06-2001,14.5,14.520000457763672,57400,14.550000190734863,14.520000457763672,4.533596992492676
14-06-2001,14.510000228881836,14.529999732971191,51100,14.600000381469727,14.539999961853027,4.539844512939453
15-06-2001,14.460000038146973,14.5,64200,14.539999961853027,14.539999961853027,4.563382148742676
18-06-2001,14.4399995803833,14.460000038146973,64600,14.529999732971191,14.5,4.5508270263671875
19-06-2001,14.399999618530273,14.470000267028809,74100,14.479999542236328,14.430000305175781,4.528861045837402
20-06-2001,14.390000343322754,14.399999618530273,61400,14.550000190734863,14.520000457763672,4.557103633880615
21-06-2001,14.460000038146973,14.520000457763672,54300,14.550000190734863,14.539999961853027,4.563382148742676
22-06-2001,14.449999809265137,14.489999771118164,57100,14.5600004196167,14.550000190734863,4.566521167755127
25-06-2001,14.5,14.5600004196167,82400,14.59000015258789,14.5600004196167,4.5696563720703125
26-06-2001,14.520000457763672,14.520000457763672,50600,14.619999885559082,14.550000190734863,4.566521167755127
27-06-2001,14.550000190734863,14.550000190734863,67200,14.670000076293945,14.640000343322754,4.594767093658447
28-06-2001,14.449999809265137,14.65999984741211,77300,14.670000076293945,14.489999771118164,4.547688007354736
29-06-2001,14.460000038146973,14.529999732971191,154300,14.579999923706055,14.5,4.5508270263671875
02-07-2001,14.5,14.520000457763672,50500,14.609999656677246,14.550000190734863,4.566521167755127
03-07-2001,14.529999732971191,14.5600004196167,28400,14.65999984741211,14.600000381469727,4.582213401794434
05-07-2001,14.5,14.640000343322754,58200,14.649999618530273,14.569999694824219,4.572799205780029
06-07-2001,14.539999961853027,14.59000015258789,76000,14.630000114440918,14.539999961853027,4.563382148742676
09-07-2001,14.510000228881836,14.539999961853027,45800,14.600000381469727,14.600000381469727,4.582213401794434
10-07-2001,14.550000190734863,14.550000190734863,38200,14.649999618530273,14.609999656677246,4.585348129272461
11-07-2001,14.630000114440918,14.84000015258789,119500,14.84000015258789,14.779999732971191,4.638705730438232
12-07-2001,14.670000076293945,14.829999923706055,107700,14.84000015258789,14.680000305175781,4.6073222160339355
13-07-2001,14.479999542236328,14.699999809265137,99000,14.739999771118164,14.5600004196167,4.593122959136963
16-07-2001,14.5,14.569999694824219,64100,14.640000343322754,14.630000114440918,4.615208148956299
17-07-2001,14.600000381469727,14.619999885559082,57000,14.649999618530273,14.619999885559082,4.612054347991943
18-07-2001,14.579999923706055,14.600000381469727,67200,14.670000076293945,14.609999656677246,4.6088948249816895
19-07-2001,14.609999656677246,14.640000343322754,45300,14.739999771118164,14.729999542236328,4.646754264831543
20-07-2001,14.680000305175781,14.6899995803833,29100,14.739999771118164,14.710000038146973,4.640446186065674
23-07-2001,14.699999809265137,14.699999809265137,71400,14.829999923706055,14.779999732971191,4.662526607513428
24-07-2001,14.739999771118164,14.75,35100,14.819999694824219,14.739999771118164,4.649908065795898
25-07-2001,14.649999618530273,14.739999771118164,65700,14.75,14.680000305175781,4.6309814453125
26-07-2001,14.510000228881836,14.649999618530273,118700,14.6899995803833,14.5600004196167,4.593122959136963
27-07-2001,14.510000228881836,14.5600004196167,39000,14.59000015258789,14.5600004196167,4.593122959136963
30-07-2001,14.510000228881836,14.5600004196167,62000,14.680000305175781,14.680000305175781,4.6309814453125
31-07-2001,14.699999809265137,14.699999809265137,156500,14.829999923706055,14.789999961853027,4.665682792663574
01-08-2001,14.710000038146973,14.819999694824219,118900,14.850000381469727,14.770000457763672,4.659368515014648
02-08-2001,14.800000190734863,14.829999923706055,55000,14.890000343322754,14.8100004196167,4.671988010406494
03-08-2001,14.710000038146973,14.800000190734863,72900,14.800000190734863,14.770000457763672,4.659368515014648
06-08-2001,14.720000267028809,14.779999732971191,56700,14.8100004196167,14.760000228881836,4.656215667724609
07-08-2001,14.779999732971191,14.8100004196167,74900,14.880000114440918,14.829999923706055,4.678298473358154
08-08-2001,14.829999923706055,14.859999656677246,74100,15.0,14.949999809265137,4.716151714324951
09-08-2001,14.779999732971191,14.9399995803833,82300,15.069999694824219,14.859999656677246,4.687763690948486
10-08-2001,14.800000190734863,14.8100004196167,72100,14.880000114440918,14.829999923706055,4.678298473358154
13-08-2001,14.829999923706055,14.829999923706055,55800,14.960000038146973,14.829999923706055,4.678298473358154
14-08-2001,14.789999961853027,14.829999923706055,115200,14.949999809265137,14.899999618530273,4.700382709503174
15-08-2001,14.779999732971191,14.949999809265137,138100,14.949999809265137,14.829999923706055,4.678298473358154
16-08-2001,14.710000038146973,14.720000267028809,97900,14.819999694824219,14.8100004196167,4.695734977722168
17-08-2001,14.770000457763672,14.819999694824219,47900,14.84000015258789,14.800000190734863,4.692566394805908
20-08-2001,14.800000190734863,14.819999694824219,69800,14.899999618530273,14.890000343322754,4.721100807189941
21-08-2001,14.850000381469727,14.890000343322754,78800,14.90999984741211,14.880000114440918,4.717933177947998
22-08-2001,14.75,14.880000114440918,91800,14.899999618530273,14.819999694824219,4.698911666870117
23-08-2001,14.829999923706055,14.829999923706055,65500,14.869999885559082,14.850000381469727,4.7084221839904785
24-08-2001,14.84000015258789,14.850000381469727,63200,14.890000343322754,14.890000343322754,4.721100807189941
27-08-2001,14.859999656677246,14.890000343322754,63700,14.920000076293945,14.880000114440918,4.717933177947998
28-08-2001,14.880000114440918,14.880000114440918,56600,14.949999809265137,14.9399995803833,4.7369561195373535
29-08-2001,14.930000305175781,15.0,121000,15.029999732971191,15.0,4.755980014801025
30-08-2001,14.970000267028809,15.020000457763672,73300,15.039999961853027,15.020000457763672,4.762328624725342
31-08-2001,15.020000457763672,15.020000457763672,127200,15.130000114440918,15.09000015258789,4.784516334533691
04-09-2001,15.010000228881836,15.100000381469727,62300,15.100000381469727,15.069999694824219,4.778170585632324
05-09-2001,15.050000190734863,15.069999694824219,60600,15.100000381469727,15.069999694824219,4.778170585632324
06-09-2001,15.039999961853027,15.079999923706055,20300,15.09000015258789,15.0600004196167,4.7750043869018555
07-09-2001,15.0600004196167,15.079999923706055,74200,15.149999618530273,15.149999618530273,4.803542137145996
10-09-2001,15.100000381469727,15.109999656677246,65300,15.15999984741211,15.119999885559082,4.794031143188477
17-09-2001,14.920000076293945,15.199999809265137,100900,15.199999809265137,14.9399995803833,4.7369561195373535
18-09-2001,14.779999732971191,14.9399995803833,103300,15.140000343322754,14.800000190734863,4.692566394805908
19-09-2001,14.699999809265137,14.800000190734863,120800,14.869999885559082,14.699999809265137,4.660860538482666
20-09-2001,13.859999656677246,14.699999809265137,179000,14.8100004196167,13.9399995803833,4.4198899269104
21-09-2001,13.649999618530273,13.899999618530273,171100,14.0,13.899999618530273,4.407208442687988
24-09-2001,13.800000190734863,13.800000190734863,329400,16.0,14.800000190734863,4.692566394805908
25-09-2001,14.210000038146973,14.649999618530273,212500,14.649999618530273,14.210000038146973,4.505500793457031
26-09-2001,14.25,14.260000228881836,82800,14.680000305175781,14.569999694824219,4.619644641876221
27-09-2001,14.470000267028809,14.670000076293945,101600,14.789999961853027,14.739999771118164,4.673542499542236
28-09-2001,14.5600004196167,14.720000267028809,139200,14.850000381469727,14.5600004196167,4.6164703369140625
01-10-2001,14.5600004196167,14.5600004196167,42500,14.699999809265137,14.680000305175781,4.654519557952881
02-10-2001,14.630000114440918,14.699999809265137,83400,14.9399995803833,14.829999923706055,4.702078342437744
03-10-2001,14.829999923706055,14.829999923706055,95700,15.050000190734863,15.0,4.755980014801025
04-10-2001,14.800000190734863,14.9399995803833,54300,14.989999771118164,14.899999618530273,4.724274635314941
05-10-2001,14.829999923706055,14.869999885559082,78600,15.0,14.869999885559082,4.714763164520264
08-10-2001,14.869999885559082,14.9399995803833,44500,15.039999961853027,14.869999885559082,4.714763164520264
09-10-2001,14.9399995803833,14.9399995803833,94300,15.09000015258789,15.050000190734863,4.771836280822754
10-10-2001,14.979999542236328,15.079999923706055,136700,15.390000343322754,15.210000038146973,4.822566032409668
11-10-2001,15.020000457763672,15.020000457763672,73100,15.210000038146973,15.149999618530273,4.803542137145996
12-10-2001,15.0,15.119999885559082,51500,15.119999885559082,15.039999961853027,4.792388916015625
15-10-2001,14.899999618530273,15.039999961853027,65600,15.039999961853027,14.949999809265137,4.76370906829834
16-10-2001,14.90999984741211,14.90999984741211,80600,14.970000267028809,14.949999809265137,4.76370906829834
17-10-2001,14.949999809265137,14.949999809265137,96900,15.100000381469727,15.0600004196167,4.798763275146484
18-10-2001,14.960000038146973,15.0600004196167,78100,15.09000015258789,15.029999732971191,4.789200305938721
19-10-2001,14.9399995803833,14.970000267028809,60500,15.020000457763672,14.970000267028809,4.77008056640625
22-10-2001,14.90999984741211,15.0,89400,15.039999961853027,14.930000305175781,4.7573347091674805
23-10-2001,14.899999618530273,14.920000076293945,76400,14.960000038146973,14.90999984741211,4.750964641571045
24-10-2001,14.899999618530273,14.930000305175781,85600,14.989999771118164,14.949999809265137,4.76370906829834
25-10-2001,14.899999618530273,14.930000305175781,63700,14.989999771118164,14.899999618530273,4.74777889251709
26-10-2001,14.880000114440918,14.920000076293945,77400,14.979999542236328,14.979999542236328,4.77327299118042
29-10-2001,14.949999809265137,14.979999542236328,66100,15.050000190734863,15.029999732971191,4.789200305938721
30-10-2001,14.90999984741211,15.0,135100,15.100000381469727,14.949999809265137,4.76370906829834
31-10-2001,14.920000076293945,14.920000076293945,130500,15.100000381469727,15.0600004196167,4.798763275146484
01-11-2001,15.0600004196167,15.0600004196167,63500,15.300000190734863,15.199999809265137,4.843371391296387
02-11-2001,15.1899995803833,15.239999771118164,71600,15.319999694824219,15.199999809265137,4.843371391296387
05-11-2001,15.170000076293945,15.210000038146973,144200,15.350000381469727,15.270000457763672,4.865675449371338
06-11-2001,15.119999885559082,15.270000457763672,143300,15.270000457763672,15.170000076293945,4.833811283111572
07-11-2001,15.140000343322754,15.1899995803833,140100,15.329999923706055,15.199999809265137,4.843371391296387
08-11-2001,15.130000114440918,15.149999618530273,107100,15.289999961853027,15.239999771118164,4.856116771697998
09-11-2001,15.210000038146973,15.239999771118164,63100,15.3100004196167,15.229999542236328,4.852929592132568
12-11-2001,15.140000343322754,15.140000343322754,92700,15.479999542236328,15.479999542236328,4.932591915130615
13-11-2001,15.380000114440918,15.380000114440918,128000,15.569999694824219,15.569999694824219,4.961268424987793
14-11-2001,15.300000190734863,15.489999771118164,148100,15.6899995803833,15.390000343322754,4.9039154052734375
15-11-2001,15.100000381469727,15.390000343322754,141400,15.390000343322754,15.170000076293945,4.833811283111572
16-11-2001,14.979999542236328,15.050000190734863,126100,15.149999618530273,15.0600004196167,4.824204444885254
19-11-2001,14.960000038146973,15.069999694824219,78400,15.069999694824219,15.0,4.804982662200928
20-11-2001,14.880000114440918,14.979999542236328,69200,15.029999732971191,15.029999732971191,4.814591407775879
21-11-2001,14.869999885559082,15.0,69400,15.039999961853027,14.9399995803833,4.785760402679443
23-11-2001,14.84000015258789,14.899999618530273,14600,14.949999809265137,14.899999618530273,4.772949695587158
26-11-2001,14.850000381469727,14.920000076293945,74800,14.960000038146973,14.930000305175781,4.782556533813477
27-11-2001,14.859999656677246,14.920000076293945,96800,15.0,14.920000076293945,4.779351711273193
28-11-2001,14.850000381469727,14.890000343322754,82500,14.979999542236328,14.859999656677246,4.760135650634766
29-11-2001,14.859999656677246,14.869999885559082,35400,14.90999984741211,14.869999885559082,4.763336658477783
30-11-2001,14.8100004196167,14.890000343322754,59800,14.899999618530273,14.829999923706055,4.750528335571289
03-12-2001,14.770000457763672,14.84000015258789,109600,14.880000114440918,14.869999885559082,4.763336658477783
04-12-2001,14.800000190734863,14.8100004196167,64900,14.930000305175781,14.930000305175781,4.782556533813477
05-12-2001,14.760000228881836,14.9399995803833,72400,14.949999809265137,14.8100004196167,4.744118690490723
06-12-2001,14.40999984741211,14.819999694824219,140100,14.819999694824219,14.630000114440918,4.686462879180908
07-12-2001,14.460000038146973,14.460000038146973,99500,14.550000190734863,14.539999961853027,4.657628536224365
10-12-2001,14.470000267028809,14.539999961853027,105100,14.649999618530273,14.649999618530273,4.692868709564209
11-12-2001,14.5600004196167,14.609999656677246,82600,14.649999618530273,14.649999618530273,4.692868709564209
12-12-2001,14.4399995803833,14.649999618530273,143900,14.649999618530273,14.460000038146973,4.6320061683654785
13-12-2001,14.399999618530273,14.4399995803833,59400,14.550000190734863,14.4399995803833,4.625598430633545
14-12-2001,14.359999656677246,14.359999656677246,91000,14.449999809265137,14.399999618530273,4.612782955169678
17-12-2001,14.359999656677246,14.380000114440918,41900,14.4399995803833,14.40999984741211,4.615984916687012
18-12-2001,14.180000305175781,14.260000228881836,119700,14.359999656677246,14.25,4.591177940368652
19-12-2001,14.1899995803833,14.1899995803833,90500,14.289999961853027,14.279999732971191,4.600844860076904
20-12-2001,14.239999771118164,14.239999771118164,87500,14.489999771118164,14.489999771118164,4.668502330780029
21-12-2001,14.399999618530273,14.449999809265137,77400,14.579999923706055,14.4399995803833,4.6523942947387695
24-12-2001,14.4399995803833,14.449999809265137,34700,14.529999732971191,14.529999732971191,4.681390762329102
26-12-2001,14.460000038146973,14.529999732971191,35800,14.550000190734863,14.529999732971191,4.681390762329102
27-12-2001,14.350000381469727,14.550000190734863,83800,14.550000190734863,14.390000343322754,4.636282444000244
28-12-2001,14.25,14.4399995803833,89100,14.460000038146973,14.449999809265137,4.6556172370910645
31-12-2001,14.40999984741211,14.460000038146973,113700,14.5,14.5,4.671724319458008
02-01-2002,14.449999809265137,14.470000267028809,61400,14.630000114440918,14.630000114440918,4.713609218597412
03-01-2002,14.539999961853027,14.579999923706055,71200,14.670000076293945,14.670000076293945,4.726501941680908
04-01-2002,14.649999618530273,14.699999809265137,45400,14.760000228881836,14.710000038146973,4.739382266998291
07-01-2002,14.710000038146973,14.800000190734863,80400,14.829999923706055,14.8100004196167,4.771606922149658
08-01-2002,14.699999809265137,14.800000190734863,116700,14.899999618530273,14.869999885559082,4.790935516357422
09-01-2002,14.859999656677246,14.890000343322754,62200,14.970000267028809,14.9399995803833,4.813486576080322
10-01-2002,14.890000343322754,14.920000076293945,66900,14.979999542236328,14.970000267028809,4.823152542114258
11-01-2002,14.779999732971191,14.890000343322754,73900,14.9399995803833,14.869999885559082,4.816674709320068
14-01-2002,14.819999694824219,14.9399995803833,52200,14.9399995803833,14.899999618530273,4.8263936042785645
15-01-2002,14.779999732971191,14.819999694824219,83400,14.880000114440918,14.789999961853027,4.790761470794678
16-01-2002,14.699999809265137,14.760000228881836,91500,14.819999694824219,14.779999732971191,4.787520408630371
17-01-2002,14.680000305175781,14.720000267028809,82500,14.9399995803833,14.84000015258789,4.8069562911987305
18-01-2002,14.829999923706055,14.869999885559082,32400,14.9399995803833,14.9399995803833,4.839348316192627
22-01-2002,14.859999656677246,14.869999885559082,69900,14.930000305175781,14.869999885559082,4.816674709320068
23-01-2002,14.859999656677246,14.899999618530273,85500,14.9399995803833,14.90999984741211,4.829629898071289
24-01-2002,14.890000343322754,14.90999984741211,63800,14.949999809265137,14.949999809265137,4.842588901519775
25-01-2002,14.899999618530273,14.949999809265137,54800,14.960000038146973,14.920000076293945,4.8328704833984375
28-01-2002,14.859999656677246,14.899999618530273,79200,14.970000267028809,14.90999984741211,4.829629898071289
29-01-2002,14.90999984741211,14.90999984741211,60500,15.0,14.930000305175781,4.836106777191162
30-01-2002,14.949999809265137,14.949999809265137,83500,15.039999961853027,14.979999542236328,4.852308750152588
31-01-2002,14.960000038146973,15.0,50800,15.079999923706055,15.020000457763672,4.865262508392334
01-02-2002,14.979999542236328,15.010000228881836,47500,15.069999694824219,15.0,4.85878324508667
04-02-2002,14.90999984741211,14.970000267028809,67700,15.0,14.970000267028809,4.84906530380249
05-02-2002,14.9399995803833,14.9399995803833,71600,15.020000457763672,14.970000267028809,4.84906530380249
06-02-2002,14.930000305175781,14.9399995803833,43700,14.970000267028809,14.9399995803833,4.839348316192627
07-02-2002,14.920000076293945,14.960000038146973,57800,14.970000267028809,14.970000267028809,4.84906530380249
08-02-2002,14.9399995803833,15.0,56400,15.029999732971191,15.010000228881836,4.862025260925293
11-02-2002,14.979999542236328,15.010000228881836,65400,15.050000190734863,15.020000457763672,4.865262508392334
12-02-2002,14.970000267028809,15.0,50400,15.079999923706055,14.979999542236328,4.852308750152588
13-02-2002,14.899999618530273,14.90999984741211,93300,15.0,14.989999771118164,4.881288528442383
14-02-2002,14.930000305175781,15.0,56000,15.020000457763672,14.989999771118164,4.881288528442383
15-02-2002,14.90999984741211,14.989999771118164,42000,14.989999771118164,14.930000305175781,4.861745357513428
19-02-2002,14.850000381469727,14.920000076293945,63800,14.949999809265137,14.90999984741211,4.855234146118164
20-02-2002,14.850000381469727,14.90999984741211,39700,14.9399995803833,14.930000305175781,4.861745357513428
21-02-2002,14.869999885559082,14.930000305175781,55600,14.979999542236328,14.899999618530273,4.8519816398620605
22-02-2002,14.880000114440918,14.90999984741211,49800,14.9399995803833,14.9399995803833,4.865004539489746
25-02-2002,14.90999984741211,14.90999984741211,37800,14.970000267028809,14.9399995803833,4.865004539489746
26-02-2002,14.899999618530273,14.960000038146973,51100,14.979999542236328,14.949999809265137,4.868264198303223
27-02-2002,14.930000305175781,14.960000038146973,50800,14.989999771118164,14.979999542236328,4.878034591674805
28-02-2002,14.949999809265137,14.979999542236328,47100,15.039999961853027,15.0,4.884541988372803
01-03-2002,14.949999809265137,15.039999961853027,49300,15.050000190734863,15.0,4.884541988372803
04-03-2002,14.90999984741211,14.960000038146973,65500,15.010000228881836,14.949999809265137,4.868264198303223
05-03-2002,14.880000114440918,14.949999809265137,51300,14.979999542236328,14.880000114440918,4.8454670906066895
06-03-2002,14.800000190734863,14.880000114440918,55400,14.890000343322754,14.890000343322754,4.848726749420166
07-03-2002,14.649999618530273,14.819999694824219,113500,14.859999656677246,14.680000305175781,4.7803425788879395
08-03-2002,14.420000076293945,14.619999885559082,143000,14.680000305175781,14.460000038146973,4.708699703216553
11-03-2002,14.279999732971191,14.420000076293945,84600,14.420000076293945,14.350000381469727,4.672876358032227
12-03-2002,14.260000228881836,14.329999923706055,109300,14.420000076293945,14.399999618530273,4.689163684844971
13-03-2002,14.270000457763672,14.380000114440918,84400,14.40999984741211,14.270000457763672,4.646831035614014
14-03-2002,13.979999542236328,14.1899995803833,202200,14.1899995803833,14.130000114440918,4.626855373382568
15-03-2002,13.880000114440918,14.029999732971191,207200,14.119999885559082,13.9399995803833,4.564639568328857
18-03-2002,13.829999923706055,13.949999809265137,136400,14.020000457763672,13.859999656677246,4.538443565368652
19-03-2002,13.8100004196167,13.84000015258789,162800,13.970000267028809,13.84000015258789,4.531893253326416
20-03-2002,13.6899995803833,13.800000190734863,126700,13.869999885559082,13.789999961853027,4.515520095825195
21-03-2002,13.5,13.5,171300,13.6899995803833,13.640000343322754,4.46640157699585
22-03-2002,13.609999656677246,13.649999618530273,116900,13.800000190734863,13.640000343322754,4.46640157699585
25-03-2002,13.5,13.65999984741211,158500,13.670000076293945,13.539999961853027,4.433660507202148
26-03-2002,13.510000228881836,13.510000228881836,103600,13.600000381469727,13.569999694824219,4.4434814453125
27-03-2002,13.520000457763672,13.59000015258789,74600,13.600000381469727,13.569999694824219,4.4434814453125
28-03-2002,13.5,13.539999961853027,79900,13.569999694824219,13.539999961853027,4.433660507202148
01-04-2002,13.539999961853027,13.539999961853027,161500,13.779999732971191,13.579999923706055,4.446756362915039
02-04-2002,13.5600004196167,13.59000015258789,82900,13.739999771118164,13.6899995803833,4.482777118682861
03-04-2002,13.5600004196167,13.65999984741211,154600,13.670000076293945,13.65999984741211,4.4729533195495605
04-04-2002,13.630000114440918,13.640000343322754,54500,13.6899995803833,13.65999984741211,4.4729533195495605
05-04-2002,13.640000343322754,13.680000305175781,113100,13.770000457763672,13.670000076293945,4.476226806640625
08-04-2002,13.640000343322754,13.670000076293945,73900,13.770000457763672,13.760000228881836,4.505698204040527
09-04-2002,13.65999984741211,13.720000267028809,136100,13.850000381469727,13.819999694824219,4.5253448486328125
10-04-2002,13.739999771118164,13.819999694824219,61400,13.819999694824219,13.8100004196167,4.522070407867432
11-04-2002,13.75,13.779999732971191,96900,13.930000305175781,13.899999618530273,4.551539897918701
12-04-2002,13.880000114440918,13.899999618530273,136300,14.020000457763672,14.0,4.584288597106934
15-04-2002,13.779999732971191,13.90999984741211,46700,13.90999984741211,13.800000190734863,4.544117450714111
16-04-2002,13.630000114440918,13.8100004196167,73500,13.8100004196167,13.699999809265137,4.511185169219971
17-04-2002,13.630000114440918,13.699999809265137,52100,13.739999771118164,13.720000267028809,4.517773151397705
18-04-2002,13.649999618530273,13.6899995803833,105500,13.760000228881836,13.649999618530273,4.494719982147217
19-04-2002,13.59000015258789,13.640000343322754,61000,13.720000267028809,13.699999809265137,4.511185169219971
22-04-2002,13.6899995803833,13.699999809265137,44500,13.75,13.75,4.527649402618408
23-04-2002,13.680000305175781,13.75,42300,13.760000228881836,13.720000267028809,4.517773151397705
24-04-2002,13.710000038146973,13.720000267028809,67000,13.84000015258789,13.819999694824219,4.5506978034973145
25-04-2002,13.760000228881836,13.770000457763672,113300,13.880000114440918,13.819999694824219,4.5506978034973145
26-04-2002,13.770000457763672,13.770000457763672,61200,13.890000343322754,13.890000343322754,4.57374906539917
29-04-2002,13.869999885559082,13.90999984741211,86300,13.979999542236328,13.960000038146973,4.596798896789551
30-04-2002,13.899999618530273,13.960000038146973,112200,14.100000381469727,14.0600004196167,4.629726409912109
01-05-2002,14.039999961853027,14.069999694824219,44400,14.149999618530273,14.149999618530273,4.659361362457275
02-05-2002,14.010000228881836,14.109999656677246,96700,14.130000114440918,14.119999885559082,4.6494855880737305
03-05-2002,14.079999923706055,14.140000343322754,67300,14.149999618530273,14.100000381469727,4.642899513244629
06-05-2002,14.100000381469727,14.100000381469727,48300,14.220000267028809,14.170000076293945,4.665950298309326
07-05-2002,14.140000343322754,14.170000076293945,48900,14.210000038146973,14.199999809265137,4.6758270263671875
08-05-2002,13.979999542236328,14.199999809265137,75500,14.199999809265137,14.039999961853027,4.623143196105957
09-05-2002,13.970000267028809,14.010000228881836,116200,14.09000015258789,14.010000228881836,4.613261699676514
10-05-2002,14.010000228881836,14.010000228881836,57200,14.069999694824219,14.020000457763672,4.616554260253906
13-05-2002,14.0,14.069999694824219,72700,14.079999923706055,14.0600004196167,4.629726409912109
14-05-2002,14.0,14.010000228881836,55000,14.069999694824219,14.020000457763672,4.616554260253906
15-05-2002,14.020000457763672,14.039999961853027,81600,14.170000076293945,14.140000343322754,4.656069755554199
16-05-2002,13.970000267028809,14.100000381469727,76000,14.149999618530273,14.0600004196167,4.655407428741455
17-05-2002,14.039999961853027,14.0600004196167,45700,14.109999656677246,14.079999923706055,4.662031173706055
20-05-2002,14.069999694824219,14.109999656677246,51000,14.170000076293945,14.149999618530273,4.685206413269043
21-05-2002,14.100000381469727,14.130000114440918,52000,14.15999984741211,14.15999984741211,4.6885199546813965
22-05-2002,14.140000343322754,14.149999618530273,89300,14.239999771118164,14.239999771118164,4.71500825881958
23-05-2002,14.170000076293945,14.199999809265137,45100,14.239999771118164,14.1899995803833,4.698450565338135
24-05-2002,14.180000305175781,14.220000267028809,51900,14.25,14.210000038146973,4.705073356628418
28-05-2002,14.220000267028809,14.229999542236328,37700,14.300000190734863,14.300000190734863,4.734872341156006
29-05-2002,14.25,14.319999694824219,54500,14.34000015258789,14.289999961853027,4.731567859649658
30-05-2002,14.300000190734863,14.350000381469727,55000,14.399999618530273,14.369999885559082,4.758054733276367
31-05-2002,14.319999694824219,14.350000381469727,61200,14.489999771118164,14.489999771118164,4.797786235809326
03-06-2002,14.449999809265137,14.460000038146973,63900,14.529999732971191,14.529999732971191,4.811029434204102
04-06-2002,14.25,14.539999961853027,171700,14.539999961853027,14.319999694824219,4.741497993469238
05-06-2002,14.239999771118164,14.350000381469727,61300,14.350000381469727,14.350000381469727,4.751429080963135
06-06-2002,14.260000228881836,14.350000381469727,63300,14.390000343322754,14.359999656677246,4.7547383308410645
07-06-2002,14.3100004196167,14.390000343322754,53400,14.40999984741211,14.350000381469727,4.751429080963135
10-06-2002,14.3100004196167,14.350000381469727,52400,14.489999771118164,14.4399995803833,4.781231880187988
11-06-2002,14.420000076293945,14.489999771118164,74600,14.5,14.5,4.801095485687256
12-06-2002,14.430000305175781,14.460000038146973,49500,14.5,14.5,4.801095485687256
13-06-2002,14.399999618530273,14.399999618530273,63900,14.529999732971191,14.470000267028809,4.817076206207275
14-06-2002,14.25,14.479999542236328,59800,14.529999732971191,14.300000190734863,4.76047945022583
17-06-2002,14.3100004196167,14.350000381469727,40900,14.390000343322754,14.3100004196167,4.763810634613037
18-06-2002,14.300000190734863,14.359999656677246,52200,14.40999984741211,14.40999984741211,4.79710054397583
19-06-2002,14.329999923706055,14.420000076293945,51100,14.449999809265137,14.369999885559082,4.783786773681641
20-06-2002,14.329999923706055,14.34000015258789,99500,14.4399995803833,14.420000076293945,4.800432205200195
21-06-2002,14.329999923706055,14.369999885559082,72700,14.4399995803833,14.399999618530273,4.793771743774414
24-06-2002,14.369999885559082,14.399999618530273,53700,14.449999809265137,14.449999809265137,4.810415744781494
25-06-2002,14.329999923706055,14.420000076293945,82300,14.420000076293945,14.380000114440918,4.787111759185791
26-06-2002,14.369999885559082,14.399999618530273,36000,14.420000076293945,14.390000343322754,4.790445327758789
27-06-2002,14.390000343322754,14.40999984741211,53300,14.479999542236328,14.4399995803833,4.807089805603027
28-06-2002,14.4399995803833,14.4399995803833,94500,14.529999732971191,14.510000228881836,4.830390930175781
01-07-2002,14.520000457763672,14.539999961853027,69900,14.710000038146973,14.680000305175781,4.886983871459961
02-07-2002,14.640000343322754,14.640000343322754,77100,14.779999732971191,14.710000038146973,4.896972179412842
03-07-2002,14.699999809265137,14.75,52600,14.779999732971191,14.75,4.9102888107299805
05-07-2002,14.75,14.770000457763672,31900,14.960000038146973,14.960000038146973,4.980193614959717
08-07-2002,14.600000381469727,14.949999809265137,182200,14.949999809265137,14.609999656677246,4.863682746887207
09-07-2002,14.619999885559082,14.670000076293945,63400,14.739999771118164,14.699999809265137,4.893642902374268
10-07-2002,14.649999618530273,14.720000267028809,65600,14.859999656677246,14.8100004196167,4.93026065826416
11-07-2002,14.789999961853027,14.8100004196167,56100,14.859999656677246,14.8100004196167,4.93026065826416
12-07-2002,14.789999961853027,14.800000190734863,68800,14.880000114440918,14.880000114440918,4.953566074371338
15-07-2002,14.800000190734863,14.890000343322754,77300,14.90999984741211,14.859999656677246,4.946909427642822
16-07-2002,14.720000267028809,14.84000015258789,83600,14.859999656677246,14.75,4.936533451080322
17-07-2002,14.699999809265137,14.710000038146973,68500,14.84000015258789,14.84000015258789,4.96665096282959
18-07-2002,14.739999771118164,14.84000015258789,52700,14.850000381469727,14.829999923706055,4.963305473327637
19-07-2002,14.770000457763672,14.770000457763672,83500,14.90999984741211,14.90999984741211,4.990079879760742
22-07-2002,14.859999656677246,14.90999984741211,67200,14.920000076293945,14.890000343322754,4.983384132385254
23-07-2002,14.699999809265137,14.899999618530273,114800,14.90999984741211,14.699999809265137,4.919802188873291
24-07-2002,14.539999961853027,14.819999694824219,118500,14.819999694824219,14.600000381469727,4.886327266693115
25-07-2002,14.569999694824219,14.680000305175781,62100,14.739999771118164,14.649999618530273,4.903063774108887
26-07-2002,14.619999885559082,14.699999809265137,45300,14.770000457763672,14.720000267028809,4.926492214202881
29-07-2002,14.649999618530273,14.670000076293945,76600,14.779999732971191,14.710000038146973,4.923147201538086
30-07-2002,14.550000190734863,14.75,102300,14.760000228881836,14.600000381469727,4.886327266693115
31-07-2002,14.5600004196167,14.600000381469727,62200,14.65999984741211,14.649999618530273,4.903063774108887
01-08-2002,14.59000015258789,14.600000381469727,118500,14.779999732971191,14.779999732971191,4.946571350097656
02-08-2002,14.75,14.760000228881836,92600,14.9399995803833,14.920000076293945,4.993426322937012
05-08-2002,14.880000114440918,14.949999809265137,48800,14.970000267028809,14.880000114440918,4.980042457580566
06-08-2002,14.75,14.850000381469727,64000,14.949999809265137,14.789999961853027,4.949921131134033
07-08-2002,14.760000228881836,14.760000228881836,73200,14.930000305175781,14.899999618530273,4.986734867095947
08-08-2002,14.869999885559082,14.869999885559082,105200,14.989999771118164,14.90999984741211,4.990079879760742
09-08-2002,14.869999885559082,14.930000305175781,58900,14.979999542236328,14.960000038146973,5.00681209564209
12-08-2002,14.949999809265137,14.960000038146973,74900,15.0,14.949999809265137,5.003471374511719
13-08-2002,14.880000114440918,14.960000038146973,59500,15.0,15.0,5.020200729370117
14-08-2002,14.899999618530273,14.899999618530273,85800,15.100000381469727,15.100000381469727,5.053670883178711
15-08-2002,14.880000114440918,15.079999923706055,42100,15.079999923706055,14.960000038146973,5.032810211181641
16-08-2002,14.850000381469727,14.899999618530273,58700,14.960000038146973,14.9399995803833,5.026086330413818
19-08-2002,14.869999885559082,14.960000038146973,49700,14.970000267028809,14.920000076293945,5.019352436065674
20-08-2002,14.890000343322754,14.930000305175781,44800,14.979999542236328,14.949999809265137,5.029448509216309
21-08-2002,14.890000343322754,14.899999618530273,50100,14.989999771118164,14.970000267028809,5.036178112030029
22-08-2002,14.899999618530273,14.970000267028809,45100,14.989999771118164,14.949999809265137,5.029448509216309
23-08-2002,14.890000343322754,14.949999809265137,22000,14.949999809265137,14.920000076293945,5.019352436065674
26-08-2002,14.850000381469727,14.920000076293945,40900,14.9399995803833,14.850000381469727,4.995810508728027
27-08-2002,14.8100004196167,14.880000114440918,115400,14.9399995803833,14.819999694824219,4.98571252822876
28-08-2002,14.819999694824219,14.819999694824219,50900,14.869999885559082,14.819999694824219,4.98571252822876
29-08-2002,14.850000381469727,14.850000381469727,99500,14.930000305175781,14.859999656677246,4.999171733856201
30-08-2002,14.859999656677246,14.859999656677246,80300,14.960000038146973,14.949999809265137,5.029448509216309
03-09-2002,14.90999984741211,14.960000038146973,105500,15.0,15.0,5.046268463134766
04-09-2002,14.949999809265137,15.0,65600,15.079999923706055,15.039999961853027,5.059723854064941
05-09-2002,15.029999732971191,15.039999961853027,41100,15.100000381469727,15.09000015258789,5.076546669006348
06-09-2002,15.029999732971191,15.09000015258789,50100,15.09000015258789,15.029999732971191,5.056361675262451
09-09-2002,15.020000457763672,15.069999694824219,44800,15.079999923706055,15.050000190734863,5.063090801239014
10-09-2002,15.029999732971191,15.050000190734863,45400,15.149999618530273,15.079999923706055,5.073183059692383
11-09-2002,15.039999961853027,15.069999694824219,42300,15.109999656677246,15.050000190734863,5.063090801239014
12-09-2002,15.029999732971191,15.029999732971191,60900,15.239999771118164,15.119999885559082,5.086639881134033
13-09-2002,15.0,15.050000190734863,62900,15.100000381469727,15.079999923706055,5.099488735198975
16-09-2002,14.979999542236328,14.979999542236328,60900,15.180000305175781,15.180000305175781,5.133304119110107
17-09-2002,15.010000228881836,15.119999885559082,82700,15.149999618530273,15.050000190734863,5.089344501495361
18-09-2002,14.989999771118164,15.010000228881836,77800,15.130000114440918,15.130000114440918,5.116396903991699
19-09-2002,15.069999694824219,15.069999694824219,77200,15.199999809265137,15.170000076293945,5.1299262046813965
20-09-2002,15.029999732971191,15.130000114440918,31400,15.140000343322754,15.069999694824219,5.096109390258789
23-09-2002,15.020000457763672,15.0600004196167,93500,15.09000015258789,15.020000457763672,5.079199314117432
24-09-2002,14.979999542236328,15.020000457763672,85400,15.069999694824219,15.0,5.072434425354004
25-09-2002,15.010000228881836,15.039999961853027,66300,15.100000381469727,15.079999923706055,5.099488735198975
26-09-2002,15.0,15.09000015258789,73000,15.09000015258789,15.029999732971191,5.082581996917725
27-09-2002,15.029999732971191,15.029999732971191,41700,15.140000343322754,15.09000015258789,5.102871417999268
30-09-2002,15.09000015258789,15.09000015258789,156800,15.300000190734863,15.210000038146973,5.143448352813721
01-10-2002,15.170000076293945,15.199999809265137,64500,15.300000190734863,15.170000076293945,5.1299262046813965
02-10-2002,15.149999618530273,15.199999809265137,47700,15.25,15.25,5.156975269317627
03-10-2002,15.199999809265137,15.210000038146973,60900,15.279999732971191,15.25,5.156975269317627
04-10-2002,15.15999984741211,15.270000457763672,40900,15.270000457763672,15.180000305175781,5.133304119110107
07-10-2002,15.149999618530273,15.170000076293945,38200,15.220000267028809,15.170000076293945,5.1299262046813965
08-10-2002,15.15999984741211,15.170000076293945,96500,15.25,15.239999771118164,5.153593063354492
09-10-2002,15.210000038146973,15.210000038146973,74800,15.300000190734863,15.300000190734863,5.173882484436035
10-10-2002,15.140000343322754,15.350000381469727,106000,15.350000381469727,15.140000343322754,5.119777679443359
11-10-2002,14.979999542236328,15.149999618530273,91100,15.149999618530273,14.989999771118164,5.069055557250977
14-10-2002,14.949999809265137,14.989999771118164,34500,15.039999961853027,14.979999542236328,5.065674304962158
15-10-2002,14.720000267028809,14.920000076293945,98500,14.930000305175781,14.720000267028809,4.977751731872559
16-10-2002,14.369999885559082,14.600000381469727,113300,14.65999984741211,14.399999618530273,4.895479202270508
17-10-2002,14.199999809265137,14.350000381469727,123500,14.359999656677246,14.199999809265137,4.827483654022217
18-10-2002,13.300000190734863,14.149999618530273,311300,14.149999618530273,13.84000015258789,4.7050981521606445
21-10-2002,13.680000305175781,13.8100004196167,177400,13.84000015258789,13.6899995803833,4.654107093811035
22-10-2002,13.5,13.619999885559082,202300,13.800000190734863,13.59000015258789,4.620110034942627
23-10-2002,13.5,13.5,244900,13.670000076293945,13.670000076293945,4.647306442260742
24-10-2002,13.670000076293945,13.670000076293945,144400,13.989999771118164,13.949999809265137,4.742496967315674
25-10-2002,13.90999984741211,13.920000076293945,92600,14.119999885559082,13.970000267028809,4.74929666519165
28-10-2002,13.90999984741211,13.979999542236328,62300,14.039999961853027,14.020000457763672,4.766293048858643
29-10-2002,13.949999809265137,13.989999771118164,81000,14.180000305175781,14.109999656677246,4.796885967254639
30-10-2002,14.119999885559082,14.140000343322754,45400,14.199999809265137,14.170000076293945,4.817287921905518
31-10-2002,14.170000076293945,14.1899995803833,112800,14.350000381469727,14.3100004196167,4.864882946014404
01-11-2002,14.260000228881836,14.300000190734863,59700,14.34000015258789,14.3100004196167,4.864882946014404
04-11-2002,14.210000038146973,14.3100004196167,55000,14.329999923706055,14.210000038146973,4.8308844566345215
05-11-2002,14.020000457763672,14.199999809265137,95900,14.25,14.069999694824219,4.783290863037109
06-11-2002,13.920000076293945,14.010000228881836,108200,14.199999809265137,14.069999694824219,4.783290863037109
07-11-2002,14.0,14.0,100900,14.289999961853027,14.15999984741211,4.813886642456055
08-11-2002,14.119999885559082,14.199999809265137,98700,14.359999656677246,14.359999656677246,4.881879806518555
11-11-2002,14.239999771118164,14.359999656677246,44900,14.420000076293945,14.380000114440918,4.888680458068848
12-11-2002,14.260000228881836,14.319999694824219,77200,14.449999809265137,14.399999618530273,4.922179698944092
13-11-2002,14.130000114440918,14.34000015258789,79600,14.399999618530273,14.260000228881836,4.87432336807251
14-11-2002,13.9399995803833,14.199999809265137,118700,14.199999809265137,14.020000457763672,4.792288303375244
15-11-2002,13.760000228881836,14.0,147500,14.020000457763672,13.800000190734863,4.717086315155029
18-11-2002,13.760000228881836,13.760000228881836,120000,13.920000076293945,13.859999656677246,4.7375922203063965
19-11-2002,13.739999771118164,13.800000190734863,140600,13.859999656677246,13.8100004196167,4.72050666809082
20-11-2002,13.75,13.760000228881836,84000,13.850000381469727,13.800000190734863,4.717086315155029
21-11-2002,13.619999885559082,13.75,146900,13.800000190734863,13.800000190734863,4.717086315155029
22-11-2002,13.619999885559082,13.710000038146973,107600,13.779999732971191,13.729999542236328,4.693161487579346
25-11-2002,13.65999984741211,13.6899995803833,115900,13.850000381469727,13.770000457763672,4.7068328857421875
26-11-2002,13.800000190734863,13.819999694824219,89300,13.890000343322754,13.84000015258789,4.7307610511779785
27-11-2002,13.800000190734863,13.84000015258789,100500,13.869999885559082,13.850000381469727,4.734179973602295
29-11-2002,13.779999732971191,13.84000015258789,111500,13.920000076293945,13.859999656677246,4.7375922203063965
02-12-2002,13.770000457763672,13.859999656677246,45300,13.890000343322754,13.890000343322754,4.7478532791137695
03-12-2002,13.8100004196167,13.819999694824219,78700,13.949999809265137,13.880000114440918,4.744430065155029
04-12-2002,13.869999885559082,13.869999885559082,78100,14.0600004196167,14.020000457763672,4.792288303375244
05-12-2002,13.960000038146973,13.970000267028809,91600,14.050000190734863,14.020000457763672,4.792288303375244
06-12-2002,13.899999618530273,13.979999542236328,78500,14.0,13.989999771118164,4.782036304473877
09-12-2002,13.890000343322754,14.0,99000,14.039999961853027,13.979999542236328,4.778615474700928
10-12-2002,13.859999656677246,13.979999542236328,85500,13.989999771118164,13.989999771118164,4.782036304473877
11-12-2002,13.850000381469727,13.949999809265137,92200,13.960000038146973,13.869999885559082,4.7679362297058105
12-12-2002,13.800000190734863,13.880000114440918,77600,13.949999809265137,13.890000343322754,4.774816036224365
13-12-2002,13.729999542236328,13.84000015258789,105100,13.890000343322754,13.789999961853027,4.7404375076293945
16-12-2002,13.670000076293945,13.710000038146973,98100,13.770000457763672,13.699999809265137,4.709497928619385
17-12-2002,13.670000076293945,13.6899995803833,120200,13.770000457763672,13.6899995803833,4.706063270568848
18-12-2002,13.720000267028809,13.720000267028809,107300,13.829999923706055,13.800000190734863,4.7438740730285645
19-12-2002,13.75,13.75,95000,13.90999984741211,13.880000114440918,4.7713751792907715
20-12-2002,13.829999923706055,13.880000114440918,79900,13.9399995803833,13.890000343322754,4.774816036224365
23-12-2002,13.859999656677246,13.890000343322754,74400,13.970000267028809,13.970000267028809,4.802315711975098
24-12-2002,13.9399995803833,13.989999771118164,44300,13.989999771118164,13.989999771118164,4.809194087982178
26-12-2002,13.920000076293945,14.020000457763672,66500,14.0600004196167,14.0600004196167,4.833252906799316
27-12-2002,14.079999923706055,14.079999923706055,74500,14.25,14.15999984741211,4.867629528045654
30-12-2002,14.15999984741211,14.15999984741211,152300,14.430000305175781,14.399999618530273,4.950133800506592
31-12-2002,14.420000076293945,14.430000305175781,144900,14.550000190734863,14.529999732971191,4.994820594787598
02-01-2003,14.279999732971191,14.430000305175781,44500,14.510000228881836,14.3100004196167,4.919191360473633
03-01-2003,14.25,14.289999961853027,61600,14.479999542236328,14.479999542236328,4.977630615234375
06-01-2003,13.920000076293945,14.40999984741211,57100,14.449999809265137,14.319999694824219,4.922630310058594
07-01-2003,14.199999809265137,14.3100004196167,70900,14.329999923706055,14.25,4.8985676765441895
08-01-2003,14.170000076293945,14.1899995803833,34500,14.239999771118164,14.170000076293945,4.871065139770508
09-01-2003,13.890000343322754,14.1899995803833,80500,14.1899995803833,13.890000343322754,4.774816036224365
10-01-2003,13.850000381469727,13.989999771118164,83800,14.050000190734863,14.050000190734863,4.829813480377197
13-01-2003,13.899999618530273,13.949999809265137,90600,14.109999656677246,13.899999618530273,4.778250217437744
14-01-2003,13.779999732971191,13.779999732971191,109500,13.960000038146973,13.960000038146973,4.825960636138916
15-01-2003,13.930000305175781,13.960000038146973,80400,14.100000381469727,14.010000228881836,4.843240737915039
16-01-2003,13.920000076293945,14.0,84500,14.050000190734863,13.930000305175781,4.815586090087891
17-01-2003,13.920000076293945,13.920000076293945,29100,14.0600004196167,14.0600004196167,4.860527038574219
21-01-2003,14.0,14.039999961853027,106800,14.149999618530273,14.149999618530273,4.891637802124023
22-01-2003,14.100000381469727,14.119999885559082,61400,14.1899995803833,14.1899995803833,4.905467987060547
23-01-2003,14.140000343322754,14.180000305175781,59000,14.210000038146973,14.199999809265137,4.908923625946045
24-01-2003,14.15999984741211,14.1899995803833,70300,14.229999542236328,14.15999984741211,4.895095348358154
27-01-2003,14.170000076293945,14.170000076293945,154300,14.329999923706055,14.25,4.926210403442383
28-01-2003,14.210000038146973,14.270000457763672,112900,14.430000305175781,14.300000190734863,4.94349479675293
29-01-2003,14.300000190734863,14.300000190734863,76800,14.390000343322754,14.300000190734863,4.94349479675293
30-01-2003,14.3100004196167,14.329999923706055,56900,14.359999656677246,14.350000381469727,4.960779666900635
31-01-2003,14.319999694824219,14.369999885559082,127800,14.399999618530273,14.390000343322754,4.974609375
03-02-2003,14.319999694824219,14.369999885559082,71500,14.40999984741211,14.40999984741211,4.981520175933838
04-02-2003,14.399999618530273,14.40999984741211,141000,14.470000267028809,14.449999809265137,4.995351791381836
05-02-2003,14.350000381469727,14.4399995803833,58300,14.4399995803833,14.359999656677246,4.964236259460449
06-02-2003,14.350000381469727,14.359999656677246,68900,14.399999618530273,14.359999656677246,4.964236259460449
07-02-2003,14.350000381469727,14.359999656677246,27600,14.430000305175781,14.390000343322754,4.974609375
10-02-2003,14.359999656677246,14.399999618530273,31200,14.40999984741211,14.369999885559082,4.967692852020264
11-02-2003,14.359999656677246,14.390000343322754,88400,14.399999618530273,14.399999618530273,4.978065013885498
12-02-2003,14.3100004196167,14.34000015258789,42300,14.359999656677246,14.34000015258789,4.984323024749756
13-02-2003,14.279999732971191,14.34000015258789,101100,14.380000114440918,14.300000190734863,4.9704155921936035
14-02-2003,14.170000076293945,14.289999961853027,75600,14.329999923706055,14.25,4.95304012298584
18-02-2003,14.1899995803833,14.279999732971191,43100,14.289999961853027,14.289999961853027,4.966939926147461
19-02-2003,14.220000267028809,14.270000457763672,55800,14.289999961853027,14.260000228881836,4.956515312194824
20-02-2003,14.199999809265137,14.289999961853027,66900,14.289999961853027,14.239999771118164,4.949565410614014
21-02-2003,14.229999542236328,14.270000457763672,87700,14.300000190734863,14.25,4.95304012298584
24-02-2003,14.270000457763672,14.279999732971191,56100,14.369999885559082,14.369999885559082,4.994749069213867
25-02-2003,14.300000190734863,14.34000015258789,65800,14.399999618530273,14.399999618530273,5.005178451538086
26-02-2003,14.369999885559082,14.399999618530273,51400,14.4399995803833,14.4399995803833,5.019078731536865
27-02-2003,14.380000114440918,14.4399995803833,38000,14.479999542236328,14.4399995803833,5.019078731536865
28-02-2003,14.390000343322754,14.4399995803833,143100,14.5,14.4399995803833,5.019078731536865
03-03-2003,14.40999984741211,14.430000305175781,49500,14.569999694824219,14.569999694824219,5.064263820648193
04-03-2003,14.550000190734863,14.569999694824219,58600,14.609999656677246,14.609999656677246,5.078165054321289
05-03-2003,14.510000228881836,14.579999923706055,69400,14.619999885559082,14.529999732971191,5.050363540649414
06-03-2003,14.34000015258789,14.4399995803833,104100,14.529999732971191,14.350000381469727,4.987797737121582
07-03-2003,14.369999885559082,14.399999618530273,36900,14.430000305175781,14.430000305175781,5.015604496002197
10-03-2003,14.34000015258789,14.420000076293945,57200,14.539999961853027,14.539999961853027,5.053839206695557
11-03-2003,14.470000267028809,14.5,72500,14.569999694824219,14.5600004196167,5.060786724090576
12-03-2003,14.520000457763672,14.550000190734863,54700,14.600000381469727,14.600000381469727,5.074694633483887
13-03-2003,14.399999618530273,14.520000457763672,54900,14.529999732971191,14.399999618530273,5.032061576843262
14-03-2003,14.369999885559082,14.380000114440918,59200,14.449999809265137,14.420000076293945,5.039050102233887
17-03-2003,14.369999885559082,14.4399995803833,43600,14.449999809265137,14.369999885559082,5.02157735824585
18-03-2003,14.369999885559082,14.369999885559082,59700,14.4399995803833,14.430000305175781,5.042542457580566
19-03-2003,14.319999694824219,14.380000114440918,118500,14.40999984741211,14.319999694824219,5.004103660583496
20-03-2003,14.180000305175781,14.319999694824219,70200,14.350000381469727,14.1899995803833,4.95867919921875
21-03-2003,14.100000381469727,14.229999542236328,69900,14.229999542236328,14.140000343322754,4.941202640533447
24-03-2003,14.130000114440918,14.210000038146973,99600,14.25,14.25,4.979642391204834
25-03-2003,14.199999809265137,14.25,40100,14.300000190734863,14.260000228881836,4.9831390380859375
26-03-2003,14.239999771118164,14.239999771118164,39100,14.380000114440918,14.359999656677246,5.018085956573486
27-03-2003,14.350000381469727,14.380000114440918,32300,14.430000305175781,14.430000305175781,5.042542457580566
28-03-2003,14.4399995803833,14.449999809265137,34000,14.510000228881836,14.4399995803833,5.046038627624512
31-03-2003,14.359999656677246,14.359999656677246,178900,14.510000228881836,14.510000228881836,5.070500373840332
01-04-2003,14.4399995803833,14.4399995803833,69300,14.569999694824219,14.550000190734863,5.084477424621582
02-04-2003,14.5,14.539999961853027,27900,14.569999694824219,14.510000228881836,5.070500373840332
03-04-2003,14.5,14.550000190734863,79200,14.579999923706055,14.579999923706055,5.094964027404785
04-04-2003,14.550000190734863,14.579999923706055,33000,14.619999885559082,14.619999885559082,5.10894250869751
07-04-2003,14.420000076293945,14.569999694824219,72500,14.569999694824219,14.430000305175781,5.042542457580566
08-04-2003,14.390000343322754,14.399999618530273,71100,14.449999809265137,14.4399995803833,5.046038627624512
09-04-2003,14.4399995803833,14.470000267028809,55700,14.520000457763672,14.449999809265137,5.049531936645508
10-04-2003,14.470000267028809,14.470000267028809,47300,14.550000190734863,14.510000228881836,5.070500373840332
11-04-2003,14.479999542236328,14.5,42800,14.59000015258789,14.579999923706055,5.094964027404785
14-04-2003,14.430000305175781,14.430000305175781,55800,14.520000457763672,14.4399995803833,5.073178768157959
15-04-2003,14.420000076293945,14.449999809265137,43600,14.470000267028809,14.420000076293945,5.066153049468994
16-04-2003,14.420000076293945,14.420000076293945,20500,14.470000267028809,14.470000267028809,5.083718776702881
17-04-2003,14.40999984741211,14.40999984741211,51200,14.539999961853027,14.539999961853027,5.1083149909973145
21-04-2003,14.449999809265137,14.489999771118164,57100,14.569999694824219,14.569999694824219,5.118851661682129
22-04-2003,14.510000228881836,14.569999694824219,77600,14.59000015258789,14.569999694824219,5.118851661682129
23-04-2003,14.520000457763672,14.569999694824219,66600,14.640000343322754,14.600000381469727,5.129392623901367
24-04-2003,14.550000190734863,14.550000190734863,68700,14.640000343322754,14.59000015258789,5.125876426696777
25-04-2003,14.520000457763672,14.539999961853027,29800,14.640000343322754,14.600000381469727,5.129392623901367
28-04-2003,14.600000381469727,14.630000114440918,57300,14.680000305175781,14.680000305175781,5.157499313354492
29-04-2003,14.65999984741211,14.699999809265137,81500,14.789999961853027,14.760000228881836,5.185605525970459
30-04-2003,14.720000267028809,14.779999732971191,175800,14.8100004196167,14.720000267028809,5.1715521812438965
01-05-2003,14.729999542236328,14.75,63300,14.8100004196167,14.779999732971191,5.192628860473633
02-05-2003,14.75,14.779999732971191,25600,14.800000190734863,14.800000190734863,5.199656963348389
05-05-2003,14.800000190734863,14.800000190734863,102500,14.880000114440918,14.84000015258789,5.213712215423584
06-05-2003,14.829999923706055,14.84000015258789,89100,14.899999618530273,14.869999885559082,5.22424840927124
07-05-2003,14.84000015258789,14.869999885559082,65100,14.899999618530273,14.890000343322754,5.2312798500061035
08-05-2003,14.850000381469727,14.869999885559082,38600,14.9399995803833,14.9399995803833,5.248841285705566
09-05-2003,14.84000015258789,14.9399995803833,58800,14.9399995803833,14.899999618530273,5.2347917556762695
12-05-2003,14.880000114440918,14.899999618530273,59500,14.970000267028809,14.970000267028809,5.259382724761963
13-05-2003,14.930000305175781,14.949999809265137,118200,15.010000228881836,14.960000038146973,5.255866050720215
14-05-2003,14.869999885559082,14.890000343322754,156000,15.0,14.949999809265137,5.279885292053223
15-05-2003,14.880000114440918,14.949999809265137,78100,15.020000457763672,15.020000457763672,5.304607391357422
16-05-2003,15.029999732971191,15.029999732971191,90900,15.15999984741211,15.149999618530273,5.350518226623535
19-05-2003,15.09000015258789,15.15999984741211,61300,15.210000038146973,15.140000343322754,5.346989154815674
20-05-2003,15.010000228881836,15.149999618530273,81200,15.149999618530273,15.020000457763672,5.304607391357422
21-05-2003,14.979999542236328,14.979999542236328,62900,15.130000114440918,15.079999923706055,5.325798034667969
22-05-2003,15.0,15.0600004196167,80400,15.09000015258789,15.039999961853027,5.311673641204834
23-05-2003,14.979999542236328,15.039999961853027,75000,15.09000015258789,15.039999961853027,5.311673641204834
27-05-2003,15.010000228881836,15.069999694824219,115200,15.130000114440918,15.130000114440918,5.343453407287598
28-05-2003,15.039999961853027,15.100000381469727,52900,15.130000114440918,15.039999961853027,5.311673641204834
29-05-2003,15.039999961853027,15.050000190734863,96000,15.140000343322754,15.100000381469727,5.332858562469482
30-05-2003,15.079999923706055,15.09000015258789,137700,15.1899995803833,15.130000114440918,5.343453407287598
02-06-2003,15.109999656677246,15.109999656677246,86200,15.199999809265137,15.119999885559082,5.339922904968262
03-06-2003,15.119999885559082,15.170000076293945,102000,15.220000267028809,15.210000038146973,5.371712684631348
04-06-2003,15.210000038146973,15.210000038146973,127300,15.34000015258789,15.289999961853027,5.399960041046143
05-06-2003,15.279999732971191,15.300000190734863,69500,15.390000343322754,15.359999656677246,5.424684524536133
06-06-2003,15.350000381469727,15.390000343322754,77600,15.430000305175781,15.380000114440918,5.431748867034912
09-06-2003,15.380000114440918,15.390000343322754,87500,15.449999809265137,15.4399995803833,5.452939033508301
10-06-2003,15.380000114440918,15.460000038146973,95300,15.470000267028809,15.4399995803833,5.452939033508301
11-06-2003,15.390000343322754,15.399999618530273,74300,15.489999771118164,15.4399995803833,5.452939033508301
12-06-2003,15.380000114440918,15.510000228881836,84200,15.510000228881836,15.430000305175781,5.477431774139404
13-06-2003,15.399999618530273,15.430000305175781,73300,15.479999542236328,15.4399995803833,5.480983257293701
16-06-2003,15.40999984741211,15.510000228881836,69200,15.510000228881836,15.460000038146973,5.48808479309082
17-06-2003,15.449999809265137,15.479999542236328,82500,15.529999732971191,15.460000038146973,5.48808479309082
18-06-2003,15.279999732971191,15.460000038146973,153600,15.510000228881836,15.289999961853027,5.427732944488525
19-06-2003,15.050000190734863,15.210000038146973,107200,15.25,15.050000190734863,5.342536926269531
20-06-2003,14.850000381469727,15.09000015258789,156000,15.09000015258789,14.970000267028809,5.31413459777832
23-06-2003,14.859999656677246,14.90999984741211,139200,15.050000190734863,15.0,5.324788570404053
24-06-2003,14.960000038146973,15.0600004196167,92800,15.0600004196167,15.020000457763672,5.331887245178223
25-06-2003,15.0,15.100000381469727,116200,15.15999984741211,15.020000457763672,5.331887245178223
26-06-2003,14.979999542236328,14.989999771118164,81900,15.109999656677246,14.979999542236328,5.317686080932617
27-06-2003,15.020000457763672,15.079999923706055,47700,15.109999656677246,15.029999732971191,5.335439682006836
30-06-2003,15.069999694824219,15.079999923706055,104300,15.199999809265137,15.140000343322754,5.37448787689209
01-07-2003,15.140000343322754,15.149999618530273,97900,15.289999961853027,15.210000038146973,5.399334907531738
02-07-2003,15.170000076293945,15.210000038146973,57500,15.3100004196167,15.3100004196167,5.43483304977417
03-07-2003,15.210000038146973,15.260000228881836,28700,15.329999923706055,15.210000038146973,5.399334907531738
07-07-2003,15.140000343322754,15.300000190734863,93500,15.3100004196167,15.180000305175781,5.388686656951904
08-07-2003,15.069999694824219,15.199999809265137,88100,15.220000267028809,15.079999923706055,5.353186130523682
09-07-2003,15.0600004196167,15.140000343322754,80300,15.170000076293945,15.170000076293945,5.385138034820557
10-07-2003,15.109999656677246,15.170000076293945,70600,15.180000305175781,15.149999618530273,5.378034591674805
11-07-2003,15.079999923706055,15.119999885559082,67800,15.15999984741211,15.15999984741211,5.381584644317627
14-07-2003,15.140000343322754,15.1899995803833,54500,15.270000457763672,15.1899995803833,5.39223575592041
15-07-2003,14.930000305175781,15.050000190734863,111200,15.100000381469727,14.970000267028809,5.341919898986816
16-07-2003,14.399999618530273,14.960000038146973,310500,14.960000038146973,14.5600004196167,5.19561767578125
17-07-2003,14.199999809265137,14.449999809265137,201300,14.449999809265137,14.260000228881836,5.088561534881592
18-07-2003,14.260000228881836,14.399999618530273,109400,14.430000305175781,14.430000305175781,5.149226188659668
21-07-2003,14.3100004196167,14.399999618530273,98400,14.449999809265137,14.329999923706055,5.113539695739746
22-07-2003,14.279999732971191,14.34000015258789,67200,14.369999885559082,14.3100004196167,5.106407165527344
23-07-2003,14.270000457763672,14.350000381469727,102700,14.390000343322754,14.359999656677246,5.124251365661621
24-07-2003,14.279999732971191,14.300000190734863,77700,14.369999885559082,14.300000190734863,5.102837562561035
25-07-2003,14.25,14.25,72000,14.369999885559082,14.270000457763672,5.092134475708008
28-07-2003,14.010000228881836,14.229999542236328,175300,14.270000457763672,14.100000381469727,5.031469345092773
29-07-2003,14.050000190734863,14.050000190734863,137700,14.100000381469727,14.09000015258789,5.027903079986572
30-07-2003,14.100000381469727,14.119999885559082,138200,14.319999694824219,14.25,5.084997177124023
31-07-2003,14.199999809265137,14.239999771118164,190800,14.34000015258789,14.25,5.084997177124023
01-08-2003,14.220000267028809,14.220000267028809,57300,14.359999656677246,14.279999732971191,5.095702171325684
04-08-2003,14.199999809265137,14.279999732971191,74000,14.300000190734863,14.279999732971191,5.095702171325684
05-08-2003,14.15999984741211,14.229999542236328,102300,14.279999732971191,14.15999984741211,5.052878379821777
06-08-2003,14.170000076293945,14.229999542236328,90300,14.279999732971191,14.279999732971191,5.095702171325684
07-08-2003,14.239999771118164,14.25,77800,14.3100004196167,14.260000228881836,5.088561534881592
08-08-2003,14.220000267028809,14.300000190734863,75100,14.3100004196167,14.279999732971191,5.095702171325684
11-08-2003,14.199999809265137,14.270000457763672,88100,14.289999961853027,14.25,5.084997177124023
12-08-2003,14.199999809265137,14.25,76100,14.350000381469727,14.350000381469727,5.120677947998047
13-08-2003,14.109999656677246,14.300000190734863,74400,14.300000190734863,14.109999656677246,5.062556266784668
14-08-2003,14.050000190734863,14.170000076293945,89700,14.170000076293945,14.0600004196167,5.044615268707275
15-08-2003,14.039999961853027,14.050000190734863,21500,14.119999885559082,14.0600004196167,5.044615268707275
18-08-2003,14.020000457763672,14.09000015258789,73500,14.119999885559082,14.119999885559082,5.066143989562988
19-08-2003,14.029999732971191,14.119999885559082,64000,14.140000343322754,14.119999885559082,5.066143989562988
20-08-2003,14.119999885559082,14.210000038146973,94600,14.260000228881836,14.140000343322754,5.0733184814453125
21-08-2003,14.050000190734863,14.140000343322754,78200,14.199999809265137,14.09000015258789,5.0553812980651855
22-08-2003,14.029999732971191,14.079999923706055,50000,14.09000015258789,14.0600004196167,5.044615268707275
25-08-2003,13.899999618530273,14.050000190734863,128700,14.100000381469727,14.029999732971191,5.03385066986084
26-08-2003,14.010000228881836,14.029999732971191,94700,14.09000015258789,14.010000228881836,5.026677131652832
27-08-2003,14.0,14.020000457763672,71500,14.079999923706055,14.020000457763672,5.0302653312683105
28-08-2003,14.039999961853027,14.0600004196167,54600,14.149999618530273,14.109999656677246,5.062556266784668
29-08-2003,14.109999656677246,14.140000343322754,97600,14.279999732971191,14.199999809265137,5.094845294952393
02-09-2003,14.100000381469727,14.180000305175781,92000,14.180000305175781,14.109999656677246,5.062556266784668
03-09-2003,14.109999656677246,14.119999885559082,83900,14.220000267028809,14.109999656677246,5.062556266784668
04-09-2003,14.109999656677246,14.119999885559082,29000,14.1899995803833,14.1899995803833,5.091257572174072
05-09-2003,14.1899995803833,14.220000267028809,41900,14.270000457763672,14.220000267028809,5.102023124694824
08-09-2003,14.170000076293945,14.170000076293945,57800,14.279999732971191,14.279999732971191,5.123552322387695
09-09-2003,14.199999809265137,14.239999771118164,66400,14.300000190734863,14.270000457763672,5.119963645935059
10-09-2003,14.229999542236328,14.260000228881836,58000,14.3100004196167,14.289999961853027,5.127136707305908
11-09-2003,14.25,14.319999694824219,64400,14.329999923706055,14.319999694824219,5.137900352478027
12-09-2003,14.220000267028809,14.220000267028809,49400,14.350000381469727,14.329999923706055,5.169649600982666
15-09-2003,14.260000228881836,14.289999961853027,53800,14.359999656677246,14.300000190734863,5.1588239669799805
16-09-2003,14.289999961853027,14.3100004196167,60400,14.350000381469727,14.350000381469727,5.1768598556518555
17-09-2003,14.3100004196167,14.319999694824219,77400,14.420000076293945,14.359999656677246,5.180469512939453
18-09-2003,14.279999732971191,14.350000381469727,64700,14.399999618530273,14.300000190734863,5.1588239669799805
19-09-2003,14.300000190734863,14.319999694824219,58300,14.399999618530273,14.300000190734863,5.1588239669799805
22-09-2003,14.1899995803833,14.25,60300,14.300000190734863,14.210000038146973,5.126354694366455
23-09-2003,14.170000076293945,14.25,78500,14.270000457763672,14.25,5.14078950881958
24-09-2003,14.170000076293945,14.25,59200,14.289999961853027,14.289999961853027,5.155217170715332
25-09-2003,14.279999732971191,14.289999961853027,58900,14.34000015258789,14.329999923706055,5.169649600982666
26-09-2003,14.300000190734863,14.3100004196167,76100,14.420000076293945,14.40999984741211,5.198507785797119
29-09-2003,14.350000381469727,14.420000076293945,54700,14.420000076293945,14.40999984741211,5.198507785797119
30-09-2003,14.390000343322754,14.399999618530273,156700,14.550000190734863,14.539999961853027,5.2454071044921875
01-10-2003,14.539999961853027,14.539999961853027,66700,14.600000381469727,14.579999923706055,5.259839057922363
02-10-2003,14.369999885559082,14.550000190734863,62800,14.600000381469727,14.529999732971191,5.241799354553223
03-10-2003,14.270000457763672,14.4399995803833,89300,14.5,14.430000305175781,5.205719947814941
06-10-2003,14.359999656677246,14.380000114440918,59900,14.4399995803833,14.40999984741211,5.198507785797119
07-10-2003,14.359999656677246,14.420000076293945,62400,14.460000038146973,14.390000343322754,5.191293239593506
08-10-2003,14.369999885559082,14.390000343322754,56300,14.4399995803833,14.40999984741211,5.198507785797119
09-10-2003,14.399999618530273,14.430000305175781,47700,14.449999809265137,14.449999809265137,5.21293830871582
10-10-2003,14.430000305175781,14.430000305175781,56800,14.5,14.460000038146973,5.216546058654785
13-10-2003,14.40999984741211,14.5,38500,14.510000228881836,14.40999984741211,5.198507785797119
14-10-2003,14.369999885559082,14.399999618530273,61100,14.4399995803833,14.4399995803833,5.209332466125488
15-10-2003,14.270000457763672,14.359999656677246,68400,14.369999885559082,14.279999732971191,5.179950714111328
16-10-2003,14.289999961853027,14.3100004196167,37600,14.369999885559082,14.329999923706055,5.198089599609375
17-10-2003,14.180000305175781,14.319999694824219,88700,14.34000015258789,14.270000457763672,5.176321983337402
20-10-2003,14.220000267028809,14.279999732971191,59500,14.279999732971191,14.25,5.169064998626709
21-10-2003,14.229999542236328,14.229999542236328,45600,14.319999694824219,14.279999732971191,5.179950714111328
22-10-2003,14.270000457763672,14.270000457763672,40500,14.369999885559082,14.369999885559082,5.212596893310547
23-10-2003,14.319999694824219,14.369999885559082,42000,14.390000343322754,14.350000381469727,5.20534086227417
24-10-2003,14.3100004196167,14.350000381469727,28500,14.390000343322754,14.369999885559082,5.212596893310547
27-10-2003,14.329999923706055,14.369999885559082,83400,14.4399995803833,14.380000114440918,5.216221809387207
28-10-2003,14.369999885559082,14.380000114440918,66900,14.470000267028809,14.420000076293945,5.230733394622803
29-10-2003,14.40999984741211,14.430000305175781,37900,14.479999542236328,14.449999809265137,5.241613864898682
30-10-2003,14.390000343322754,14.40999984741211,45300,14.510000228881836,14.5,5.259750843048096
31-10-2003,14.479999542236328,14.479999542236328,88600,14.550000190734863,14.510000228881836,5.263382911682129
03-11-2003,14.520000457763672,14.550000190734863,40800,14.59000015258789,14.529999732971191,5.270634174346924
04-11-2003,14.529999732971191,14.529999732971191,67100,14.579999923706055,14.579999923706055,5.288771152496338
05-11-2003,14.550000190734863,14.59000015258789,61400,14.59000015258789,14.569999694824219,5.2851457595825195
06-11-2003,14.489999771118164,14.550000190734863,47500,14.550000190734863,14.5,5.259750843048096
07-11-2003,14.4399995803833,14.479999542236328,92200,14.529999732971191,14.470000267028809,5.248872756958008
10-11-2003,14.4399995803833,14.460000038146973,64900,14.479999542236328,14.470000267028809,5.248872756958008
11-11-2003,14.4399995803833,14.449999809265137,56600,14.529999732971191,14.489999771118164,5.256125450134277
12-11-2003,14.390000343322754,14.40999984741211,59400,14.5,14.430000305175781,5.262688636779785
13-11-2003,14.430000305175781,14.430000305175781,68300,14.5,14.449999809265137,5.269983768463135
14-11-2003,14.34000015258789,14.470000267028809,63300,14.470000267028809,14.460000038146973,5.273627281188965
17-11-2003,14.40999984741211,14.40999984741211,61800,14.489999771118164,14.460000038146973,5.273627281188965
18-11-2003,14.359999656677246,14.449999809265137,95800,14.470000267028809,14.390000343322754,5.248101234436035
19-11-2003,14.369999885559082,14.399999618530273,84100,14.470000267028809,14.460000038146973,5.273627281188965
20-11-2003,14.40999984741211,14.510000228881836,79600,14.550000190734863,14.470000267028809,5.277277946472168
21-11-2003,14.510000228881836,14.520000457763672,60600,14.600000381469727,14.59000015258789,5.321040630340576
24-11-2003,14.489999771118164,14.539999961853027,94800,14.569999694824219,14.539999961853027,5.302805423736572
25-11-2003,14.5,14.5,67300,14.5600004196167,14.550000190734863,5.306452751159668
26-11-2003,14.460000038146973,14.550000190734863,52700,14.550000190734863,14.5,5.288218021392822
28-11-2003,14.420000076293945,14.5,114400,14.529999732971191,14.460000038146973,5.273627281188965
01-12-2003,14.369999885559082,14.460000038146973,141200,14.489999771118164,14.420000076293945,5.259040355682373
02-12-2003,14.369999885559082,14.380000114440918,95200,14.449999809265137,14.369999885559082,5.240808486938477
03-12-2003,14.369999885559082,14.369999885559082,61900,14.430000305175781,14.399999618530273,5.2517499923706055
04-12-2003,14.350000381469727,14.399999618530273,100400,14.40999984741211,14.350000381469727,5.233515739440918
05-12-2003,14.359999656677246,14.359999656677246,77700,14.460000038146973,14.460000038146973,5.273627281188965
08-12-2003,14.399999618530273,14.460000038146973,95600,14.489999771118164,14.430000305175781,5.262688636779785
09-12-2003,14.40999984741211,14.449999809265137,69900,14.5,14.479999542236328,5.2809271812438965
10-12-2003,14.4399995803833,14.489999771118164,75500,14.529999732971191,14.529999732971191,5.299160003662109
11-12-2003,14.479999542236328,14.539999961853027,90100,14.579999923706055,14.510000228881836,5.291866779327393
12-12-2003,14.479999542236328,14.5,70500,14.579999923706055,14.579999923706055,5.317395210266113
15-12-2003,14.449999809265137,14.5,97200,14.600000381469727,14.59000015258789,5.349660396575928
16-12-2003,14.520000457763672,14.609999656677246,119000,14.640000343322754,14.569999694824219,5.342329502105713
17-12-2003,14.529999732971191,14.569999694824219,68500,14.630000114440918,14.609999656677246,5.356995105743408
18-12-2003,14.609999656677246,14.609999656677246,88100,14.720000267028809,14.680000305175781,5.382665157318115
19-12-2003,14.65999984741211,14.699999809265137,48700,14.710000038146973,14.699999809265137,5.389998435974121
22-12-2003,14.65999984741211,14.670000076293945,78800,14.75,14.729999542236328,5.400996685028076
23-12-2003,14.65999984741211,14.729999542236328,79200,14.75,14.65999984741211,5.375330924987793
24-12-2003,14.569999694824219,14.640000343322754,46500,14.65999984741211,14.569999694824219,5.342329502105713
26-12-2003,14.579999923706055,14.619999885559082,12600,14.65999984741211,14.65999984741211,5.375330924987793
29-12-2003,14.550000190734863,14.609999656677246,82100,14.670000076293945,14.630000114440918,5.3643341064453125
30-12-2003,14.569999694824219,14.640000343322754,51400,14.640000343322754,14.630000114440918,5.3643341064453125
31-12-2003,14.619999885559082,14.65999984741211,112200,14.800000190734863,14.699999809265137,5.389998435974121
02-01-2004,14.649999618530273,14.729999542236328,57200,14.739999771118164,14.680000305175781,5.382665157318115
05-01-2004,14.539999961853027,14.539999961853027,128000,14.75,14.75,5.408329963684082
06-01-2004,14.619999885559082,14.619999885559082,127500,14.760000228881836,14.720000267028809,5.397329330444336
07-01-2004,14.699999809265137,14.699999809265137,63700,14.760000228881836,14.739999771118164,5.404661178588867
08-01-2004,14.710000038146973,14.75,68500,14.800000190734863,14.739999771118164,5.404661178588867
09-01-2004,14.739999771118164,14.789999961853027,61900,14.819999694824219,14.819999694824219,5.433997631072998
12-01-2004,14.800000190734863,14.800000190734863,69500,14.970000267028809,14.970000267028809,5.48899507522583
13-01-2004,14.899999618530273,14.930000305175781,139900,15.109999656677246,15.100000381469727,5.536662578582764
14-01-2004,14.979999542236328,15.0,85600,15.109999656677246,15.09000015258789,5.56172513961792
15-01-2004,15.020000457763672,15.109999656677246,49200,15.109999656677246,15.079999923706055,5.558040142059326
16-01-2004,15.0,15.0600004196167,68200,15.079999923706055,15.039999961853027,5.543299674987793
20-01-2004,14.9399995803833,15.010000228881836,110900,15.039999961853027,14.989999771118164,5.5248703956604
21-01-2004,14.989999771118164,15.0,66700,15.039999961853027,15.020000457763672,5.535924434661865
22-01-2004,15.0,15.029999732971191,73500,15.149999618530273,15.130000114440918,5.576470851898193
23-01-2004,14.949999809265137,15.109999656677246,74900,15.170000076293945,15.039999961853027,5.543299674987793
26-01-2004,15.0,15.0600004196167,84500,15.09000015258789,15.029999732971191,5.539613723754883
27-01-2004,14.960000038146973,14.979999542236328,120000,15.039999961853027,15.0,5.5285539627075195
28-01-2004,14.970000267028809,15.020000457763672,72900,15.09000015258789,14.979999542236328,5.521183967590332
29-01-2004,14.550000190734863,14.989999771118164,159700,15.039999961853027,14.819999694824219,5.462211608886719
30-01-2004,14.760000228881836,14.84000015258789,147700,14.90999984741211,14.880000114440918,5.484326362609863
02-02-2004,14.850000381469727,14.880000114440918,77600,14.970000267028809,14.9399995803833,5.506438255310059
03-02-2004,14.949999809265137,15.039999961853027,72800,15.039999961853027,15.010000228881836,5.53223991394043
04-02-2004,14.970000267028809,15.0,55600,15.050000190734863,15.020000457763672,5.535924434661865
05-02-2004,14.859999656677246,14.949999809265137,112200,14.989999771118164,14.859999656677246,5.476957321166992
06-02-2004,14.880000114440918,14.880000114440918,75900,14.979999542236328,14.890000343322754,5.488014221191406
09-02-2004,14.9399995803833,14.949999809265137,68900,15.010000228881836,15.0,5.5285539627075195
10-02-2004,14.960000038146973,14.989999771118164,100200,15.0600004196167,15.050000190734863,5.546983242034912
11-02-2004,14.960000038146973,14.960000038146973,77700,15.09000015258789,15.050000190734863,5.576996803283691
12-02-2004,15.039999961853027,15.050000190734863,116400,15.15999984741211,15.15999984741211,5.617759704589844
13-02-2004,15.069999694824219,15.170000076293945,102600,15.210000038146973,15.15999984741211,5.617759704589844
17-02-2004,15.130000114440918,15.149999618530273,68900,15.239999771118164,15.180000305175781,5.6251726150512695
18-02-2004,15.149999618530273,15.25,57900,15.25,15.199999809265137,5.632584571838379
19-02-2004,15.130000114440918,15.199999809265137,78300,15.229999542236328,15.15999984741211,5.617759704589844
20-02-2004,15.140000343322754,15.1899995803833,44700,15.220000267028809,15.140000343322754,5.610348224639893
23-02-2004,15.100000381469727,15.15999984741211,84700,15.1899995803833,15.119999885559082,5.602932929992676
24-02-2004,15.079999923706055,15.09000015258789,104500,15.130000114440918,15.079999923706055,5.588116645812988
25-02-2004,15.100000381469727,15.130000114440918,65500,15.180000305175781,15.180000305175781,5.6251726150512695
26-02-2004,15.130000114440918,15.130000114440918,66600,15.25,15.239999771118164,5.647406101226807
27-02-2004,15.199999809265137,15.25,151400,15.300000190734863,15.25,5.651114463806152
01-03-2004,15.239999771118164,15.239999771118164,62400,15.329999923706055,15.329999923706055,5.680757999420166
02-03-2004,15.130000114440918,15.279999732971191,91300,15.279999732971191,15.1899995803833,5.628874778747559
03-03-2004,15.09000015258789,15.149999618530273,114400,15.1899995803833,15.100000381469727,5.59552526473999
04-03-2004,15.069999694824219,15.09000015258789,154300,15.170000076293945,15.140000343322754,5.610348224639893
05-03-2004,15.149999618530273,15.149999618530273,156400,15.319999694824219,15.260000228881836,5.6548171043396
08-03-2004,15.279999732971191,15.279999732971191,134000,15.390000343322754,15.34000015258789,5.684462070465088
09-03-2004,15.300000190734863,15.369999885559082,101300,15.420000076293945,15.359999656677246,5.691872596740723
10-03-2004,15.319999694824219,15.380000114440918,137900,15.479999542236328,15.420000076293945,5.71410608291626
11-03-2004,15.279999732971191,15.399999618530273,129500,15.40999984741211,15.359999656677246,5.721927642822266
12-03-2004,15.350000381469727,15.350000381469727,82300,15.40999984741211,15.350000381469727,5.718202114105225
15-03-2004,15.359999656677246,15.399999618530273,74100,15.4399995803833,15.369999885559082,5.725654602050781
16-03-2004,15.329999923706055,15.350000381469727,93100,15.420000076293945,15.399999618530273,5.7368268966674805
17-03-2004,15.260000228881836,15.399999618530273,132900,15.430000305175781,15.350000381469727,5.718202114105225
18-03-2004,15.260000228881836,15.350000381469727,110200,15.359999656677246,15.279999732971191,5.692128658294678
19-03-2004,15.279999732971191,15.329999923706055,63000,15.350000381469727,15.3100004196167,5.703304290771484
22-03-2004,15.289999961853027,15.369999885559082,63100,15.380000114440918,15.34000015258789,5.714478492736816
23-03-2004,15.270000457763672,15.350000381469727,105600,15.369999885559082,15.329999923706055,5.710755348205566
24-03-2004,15.300000190734863,15.34000015258789,128400,15.489999771118164,15.430000305175781,5.748008728027344
25-03-2004,15.390000343322754,15.430000305175781,88600,15.4399995803833,15.40999984741211,5.740555763244629
26-03-2004,15.279999732971191,15.420000076293945,154400,15.470000267028809,15.34000015258789,5.714478492736816
29-03-2004,15.119999885559082,15.319999694824219,143200,15.350000381469727,15.1899995803833,5.658597469329834
30-03-2004,15.130000114440918,15.1899995803833,98000,15.220000267028809,15.15999984741211,5.647427558898926
31-03-2004,15.15999984741211,15.170000076293945,147700,15.3100004196167,15.300000190734863,5.69957971572876
01-04-2004,15.25,15.300000190734863,90700,15.3100004196167,15.289999961853027,5.6958513259887695
02-04-2004,15.0,15.140000343322754,143100,15.199999809265137,15.010000228881836,5.591551780700684
05-04-2004,14.510000228881836,14.90999984741211,250700,14.989999771118164,14.529999732971191,5.4127373695373535
06-04-2004,14.199999809265137,14.539999961853027,200700,14.550000190734863,14.449999809265137,5.382933139801025
07-04-2004,14.449999809265137,14.489999771118164,156500,14.75,14.649999618530273,5.457437515258789
08-04-2004,14.479999542236328,14.579999923706055,107300,14.649999618530273,14.529999732971191,5.4127373695373535
12-04-2004,14.359999656677246,14.59000015258789,113900,14.59000015258789,14.359999656677246,5.349407196044922
13-04-2004,14.069999694824219,14.229999542236328,180500,14.420000076293945,14.180000305175781,5.282355308532715
14-04-2004,13.920000076293945,13.920000076293945,240300,14.199999809265137,14.020000457763672,5.252753734588623
15-04-2004,13.930000305175781,14.0,134000,14.130000114440918,14.029999732971191,5.256501197814941
16-04-2004,14.050000190734863,14.050000190734863,98400,14.239999771118164,14.1899995803833,5.3164448738098145
19-04-2004,14.100000381469727,14.149999618530273,98000,14.229999542236328,14.100000381469727,5.282729148864746
20-04-2004,14.010000228881836,14.050000190734863,78300,14.100000381469727,14.020000457763672,5.252753734588623
21-04-2004,13.84000015258789,14.0,330700,14.420000076293945,14.079999923706055,5.275235652923584
22-04-2004,13.920000076293945,14.09000015258789,101900,14.09000015258789,13.970000267028809,5.234024524688721
23-04-2004,13.770000457763672,13.970000267028809,198200,14.0,13.880000114440918,5.20030403137207
26-04-2004,13.699999809265137,13.90999984741211,116300,13.920000076293945,13.699999809265137,5.132864475250244
27-04-2004,13.65999984741211,13.710000038146973,170400,13.800000190734863,13.729999542236328,5.144104957580566
28-04-2004,13.65999984741211,13.739999771118164,141000,13.779999732971191,13.720000267028809,5.140355110168457
29-04-2004,13.630000114440918,13.770000457763672,95600,13.819999694824219,13.630000114440918,5.106635093688965
30-04-2004,13.630000114440918,13.630000114440918,126200,13.8100004196167,13.8100004196167,5.174077033996582
03-05-2004,13.729999542236328,13.800000190734863,134500,13.850000381469727,13.75,5.151599884033203
04-05-2004,13.630000114440918,13.75,196000,13.819999694824219,13.630000114440918,5.106635093688965
05-05-2004,13.600000381469727,13.670000076293945,93600,13.710000038146973,13.640000343322754,5.110384464263916
06-05-2004,13.460000038146973,13.640000343322754,142600,13.640000343322754,13.470000267028809,5.046695709228516
07-05-2004,13.0,13.399999618530273,233200,13.399999618530273,13.149999618530273,4.9268012046813965
10-05-2004,12.949999809265137,13.149999618530273,204800,13.220000267028809,13.0600004196167,4.893081188201904
11-05-2004,13.050000190734863,13.0600004196167,246500,13.350000381469727,13.300000190734863,4.983001232147217
12-05-2004,13.109999656677246,13.3100004196167,148700,13.34000015258789,13.130000114440918,4.949448108673096
13-05-2004,12.930000305175781,13.079999923706055,130200,13.130000114440918,12.9399995803833,4.877831935882568
14-05-2004,12.899999618530273,12.9399995803833,224400,13.180000305175781,13.079999923706055,4.930602550506592
17-05-2004,13.039999961853027,13.069999694824219,169500,13.1899995803833,13.100000381469727,4.938141345977783
18-05-2004,13.020000457763672,13.079999923706055,110500,13.130000114440918,13.119999885559082,4.945683479309082
19-05-2004,13.029999732971191,13.119999885559082,107800,13.199999809265137,13.130000114440918,4.949448108673096
20-05-2004,13.109999656677246,13.1899995803833,103200,13.25,13.140000343322754,4.953218936920166
21-05-2004,13.15999984741211,13.180000305175781,130500,13.350000381469727,13.270000457763672,5.002223491668701
24-05-2004,13.3100004196167,13.329999923706055,133900,13.489999771118164,13.420000076293945,5.058770179748535
25-05-2004,13.279999732971191,13.420000076293945,136000,13.479999542236328,13.430000305175781,5.062539100646973
26-05-2004,13.420000076293945,13.489999771118164,70800,13.529999732971191,13.470000267028809,5.077620983123779
27-05-2004,13.479999542236328,13.510000228881836,96800,13.720000267028809,13.720000267028809,5.1718525886535645
28-05-2004,13.65999984741211,13.789999961853027,82400,13.789999961853027,13.770000457763672,5.190700054168701
01-06-2004,13.619999885559082,13.770000457763672,79900,13.770000457763672,13.65999984741211,5.149238586425781
02-06-2004,13.510000228881836,13.600000381469727,101200,13.649999618530273,13.59000015258789,5.153407096862793
03-06-2004,13.510000228881836,13.579999923706055,53900,13.579999923706055,13.550000190734863,5.138241767883301
04-06-2004,13.5,13.510000228881836,54400,13.5600004196167,13.539999961853027,5.1344451904296875
07-06-2004,13.430000305175781,13.489999771118164,100900,13.529999732971191,13.520000457763672,5.126865386962891
08-06-2004,13.4399995803833,13.460000038146973,68900,13.520000457763672,13.470000267028809,5.107907295227051
09-06-2004,13.350000381469727,13.479999542236328,93000,13.479999542236328,13.390000343322754,5.07756233215332
10-06-2004,13.1899995803833,13.319999694824219,177900,13.380000114440918,13.25,5.024479389190674
14-06-2004,13.0600004196167,13.119999885559082,133600,13.1899995803833,13.09000015258789,4.963807582855225
15-06-2004,13.119999885559082,13.130000114440918,147000,13.239999771118164,13.199999809265137,5.005519390106201
16-06-2004,13.109999656677246,13.229999542236328,170500,13.229999542236328,13.199999809265137,5.005519390106201
17-06-2004,13.069999694824219,13.1899995803833,123400,13.1899995803833,13.15999984741211,4.990353584289551
18-06-2004,13.140000343322754,13.1899995803833,93500,13.199999809265137,13.170000076293945,4.994140148162842
21-06-2004,13.170000076293945,13.170000076293945,77300,13.25,13.220000267028809,5.013105869293213
22-06-2004,13.15999984741211,13.210000038146973,86800,13.239999771118164,13.199999809265137,5.005519390106201
23-06-2004,13.15999984741211,13.199999809265137,134600,13.260000228881836,13.25,5.024479389190674
24-06-2004,13.220000267028809,13.220000267028809,142500,13.380000114440918,13.3100004196167,5.0472307205200195
25-06-2004,13.239999771118164,13.25,94000,13.329999923706055,13.260000228881836,5.0282721519470215
28-06-2004,13.239999771118164,13.270000457763672,115900,13.369999885559082,13.25,5.024479389190674
29-06-2004,13.180000305175781,13.279999732971191,116800,13.289999961853027,13.229999542236328,5.01689338684082
30-06-2004,13.229999542236328,13.239999771118164,124600,13.369999885559082,13.359999656677246,5.066192626953125
01-07-2004,13.3100004196167,13.3100004196167,123300,13.520000457763672,13.520000457763672,5.126865386962891
02-07-2004,13.520000457763672,13.550000190734863,78900,13.670000076293945,13.619999885559082,5.164785385131836
06-07-2004,13.569999694824219,13.579999923706055,116100,13.65999984741211,13.619999885559082,5.164785385131836
07-07-2004,13.600000381469727,13.600000381469727,84300,13.739999771118164,13.710000038146973,5.198912620544434
08-07-2004,13.630000114440918,13.630000114440918,104500,13.739999771118164,13.710000038146973,5.198912620544434
09-07-2004,13.670000076293945,13.680000305175781,90700,13.800000190734863,13.75,5.214081764221191
12-07-2004,13.739999771118164,13.75,80900,13.84000015258789,13.819999694824219,5.240627288818359
13-07-2004,13.579999923706055,13.670000076293945,121200,13.699999809265137,13.649999618530273,5.2066755294799805
14-07-2004,13.619999885559082,13.630000114440918,146800,13.729999542236328,13.720000267028809,5.233379364013672
15-07-2004,13.640000343322754,13.720000267028809,96400,13.75,13.680000305175781,5.218122959136963
16-07-2004,13.65999984741211,13.65999984741211,74000,13.739999771118164,13.699999809265137,5.225749492645264
19-07-2004,13.739999771118164,13.739999771118164,106900,13.829999923706055,13.779999732971191,5.256265640258789
20-07-2004,13.609999656677246,13.75,160200,13.8100004196167,13.609999656677246,5.191421985626221
21-07-2004,13.529999732971191,13.600000381469727,75100,13.619999885559082,13.569999694824219,5.176162242889404
22-07-2004,13.550000190734863,13.569999694824219,97200,13.619999885559082,13.600000381469727,5.187602519989014
23-07-2004,13.539999961853027,13.539999961853027,99100,13.619999885559082,13.609999656677246,5.191421985626221
26-07-2004,13.550000190734863,13.600000381469727,55600,13.619999885559082,13.59000015258789,5.18379020690918
27-07-2004,13.510000228881836,13.550000190734863,104900,13.619999885559082,13.59000015258789,5.18379020690918
28-07-2004,13.539999961853027,13.5600004196167,103100,13.649999618530273,13.640000343322754,5.202863693237305
29-07-2004,13.619999885559082,13.670000076293945,79200,13.779999732971191,13.779999732971191,5.256265640258789
30-07-2004,13.779999732971191,13.779999732971191,121400,13.949999809265137,13.90999984741211,5.305853843688965
02-08-2004,13.850000381469727,13.899999618530273,78200,13.960000038146973,13.899999618530273,5.302038669586182
03-08-2004,13.880000114440918,13.90999984741211,57200,13.979999542236328,13.979999542236328,5.332553863525391
04-08-2004,13.920000076293945,13.979999542236328,66100,13.989999771118164,13.970000267028809,5.328741073608398
05-08-2004,13.90999984741211,13.930000305175781,74300,13.970000267028809,13.949999809265137,5.32111120223999
06-08-2004,13.970000267028809,13.970000267028809,218600,14.130000114440918,14.09000015258789,5.374512195587158
09-08-2004,14.039999961853027,14.100000381469727,79100,14.109999656677246,14.100000381469727,5.378326892852783
10-08-2004,13.989999771118164,14.109999656677246,119700,14.109999656677246,14.0,5.340184688568115
11-08-2004,13.979999542236328,14.0600004196167,66100,14.069999694824219,14.039999961853027,5.355440616607666
12-08-2004,13.949999809265137,14.0,96200,14.039999961853027,14.0,5.3711700439453125
13-08-2004,14.0,14.050000190734863,106500,14.109999656677246,14.050000190734863,5.390350341796875
16-08-2004,14.029999732971191,14.100000381469727,120300,14.109999656677246,14.100000381469727,5.409538269042969
17-08-2004,14.069999694824219,14.109999656677246,108500,14.170000076293945,14.170000076293945,5.436397552490234
18-08-2004,14.119999885559082,14.1899995803833,91200,14.210000038146973,14.180000305175781,5.4402289390563965
19-08-2004,14.130000114440918,14.180000305175781,42900,14.180000305175781,14.180000305175781,5.4402289390563965
20-08-2004,14.149999618530273,14.180000305175781,65000,14.199999809265137,14.199999809265137,5.447903633117676
23-08-2004,14.140000343322754,14.140000343322754,52700,14.199999809265137,14.199999809265137,5.447903633117676
24-08-2004,14.149999618530273,14.199999809265137,93300,14.220000267028809,14.210000038146973,5.451733589172363
25-08-2004,14.180000305175781,14.210000038146973,86400,14.25,14.239999771118164,5.463244438171387
26-08-2004,14.1899995803833,14.25,74000,14.260000228881836,14.239999771118164,5.463244438171387
27-08-2004,14.260000228881836,14.279999732971191,51000,14.319999694824219,14.289999961853027,5.482428550720215
30-08-2004,14.25,14.25,91300,14.319999694824219,14.289999961853027,5.482428550720215
31-08-2004,14.289999961853027,14.319999694824219,141400,14.399999618530273,14.380000114440918,5.5169596672058105
01-09-2004,14.3100004196167,14.34000015258789,54200,14.399999618530273,14.350000381469727,5.505452632904053
02-09-2004,14.199999809265137,14.319999694824219,121100,14.359999656677246,14.289999961853027,5.482428550720215
03-09-2004,14.149999618530273,14.25,88800,14.270000457763672,14.15999984741211,5.432553768157959
07-09-2004,14.140000343322754,14.140000343322754,108100,14.329999923706055,14.25,5.467082500457764
08-09-2004,14.229999542236328,14.300000190734863,97400,14.350000381469727,14.329999923706055,5.497775077819824
09-09-2004,14.300000190734863,14.300000190734863,68700,14.350000381469727,14.34000015258789,5.501612663269043
10-09-2004,14.3100004196167,14.350000381469727,94300,14.380000114440918,14.369999885559082,5.544440269470215
13-09-2004,14.369999885559082,14.380000114440918,127600,14.449999809265137,14.399999618530273,5.55601692199707
14-09-2004,14.390000343322754,14.4399995803833,101000,14.449999809265137,14.420000076293945,5.563729763031006
15-09-2004,14.359999656677246,14.399999618530273,53600,14.40999984741211,14.399999618530273,5.55601692199707
16-09-2004,14.329999923706055,14.399999618530273,49500,14.479999542236328,14.479999542236328,5.586883544921875
17-09-2004,14.399999618530273,14.399999618530273,59000,14.5,14.5,5.594598293304443
20-09-2004,14.460000038146973,14.489999771118164,106100,14.550000190734863,14.510000228881836,5.598458290100098
21-09-2004,14.449999809265137,14.550000190734863,142200,14.550000190734863,14.520000457763672,5.602311611175537
22-09-2004,14.489999771118164,14.520000457763672,90200,14.569999694824219,14.569999694824219,5.62160587310791
23-09-2004,14.489999771118164,14.569999694824219,99000,14.600000381469727,14.510000228881836,5.598458290100098
24-09-2004,14.479999542236328,14.510000228881836,128800,14.539999961853027,14.5,5.594598293304443
27-09-2004,14.460000038146973,14.5,79000,14.569999694824219,14.5,5.594598293304443
28-09-2004,14.529999732971191,14.550000190734863,96100,14.640000343322754,14.630000114440918,5.6447529792785645
29-09-2004,14.430000305175781,14.630000114440918,154200,14.630000114440918,14.539999961853027,5.610032558441162
30-09-2004,14.460000038146973,14.520000457763672,213200,14.600000381469727,14.550000190734863,5.613887310028076
01-10-2004,14.479999542236328,14.579999923706055,30600,14.579999923706055,14.539999961853027,5.610032558441162
04-10-2004,14.420000076293945,14.4399995803833,68500,14.510000228881836,14.5,5.594598293304443
05-10-2004,14.449999809265137,14.460000038146973,106800,14.609999656677246,14.600000381469727,5.633181571960449
06-10-2004,14.539999961853027,14.600000381469727,38700,14.600000381469727,14.59000015258789,5.629323959350586
07-10-2004,14.5,14.5,47100,14.59000015258789,14.550000190734863,5.613887310028076
08-10-2004,14.5600004196167,14.5600004196167,101800,14.670000076293945,14.630000114440918,5.6447529792785645
11-10-2004,14.609999656677246,14.640000343322754,56000,14.680000305175781,14.670000076293945,5.660195827484131
12-10-2004,14.65999984741211,14.65999984741211,95700,14.729999542236328,14.699999809265137,5.671767234802246
13-10-2004,14.609999656677246,14.649999618530273,75300,14.6899995803833,14.640000343322754,5.679912567138672
14-10-2004,14.640000343322754,14.6899995803833,37400,14.6899995803833,14.670000076293945,5.691557884216309
15-10-2004,14.600000381469727,14.630000114440918,39800,14.680000305175781,14.670000076293945,5.691557884216309
18-10-2004,14.59000015258789,14.649999618530273,58700,14.670000076293945,14.600000381469727,5.664393424987793
19-10-2004,14.59000015258789,14.630000114440918,92900,14.649999618530273,14.609999656677246,5.668272495269775
20-10-2004,14.600000381469727,14.600000381469727,71000,14.6899995803833,14.630000114440918,5.676029682159424
21-10-2004,14.59000015258789,14.609999656677246,80400,14.65999984741211,14.630000114440918,5.676029682159424
22-10-2004,14.5600004196167,14.630000114440918,82900,14.640000343322754,14.630000114440918,5.676029682159424
25-10-2004,14.600000381469727,14.609999656677246,94100,14.65999984741211,14.630000114440918,5.676029682159424
26-10-2004,14.569999694824219,14.649999618530273,86000,14.649999618530273,14.569999694824219,5.652752876281738
27-10-2004,14.369999885559082,14.539999961853027,172900,14.569999694824219,14.539999961853027,5.641118049621582
28-10-2004,14.489999771118164,14.550000190734863,113400,14.579999923706055,14.579999923706055,5.656632423400879
29-10-2004,14.529999732971191,14.539999961853027,111500,14.59000015258789,14.569999694824219,5.652752876281738
01-11-2004,14.510000228881836,14.520000457763672,94700,14.619999885559082,14.600000381469727,5.664393424987793
02-11-2004,14.550000190734863,14.5600004196167,93500,14.630000114440918,14.609999656677246,5.668272495269775
03-11-2004,14.550000190734863,14.600000381469727,70900,14.609999656677246,14.59000015258789,5.6605143547058105
04-11-2004,14.550000190734863,14.600000381469727,52900,14.630000114440918,14.619999885559082,5.672156810760498
05-11-2004,14.180000305175781,14.529999732971191,331700,14.539999961853027,14.239999771118164,5.524722099304199
08-11-2004,13.649999618530273,14.020000457763672,334000,14.119999885559082,13.859999656677246,5.377295970916748
09-11-2004,13.779999732971191,13.859999656677246,153100,14.050000190734863,14.050000190734863,5.483050346374512
10-11-2004,13.979999542236328,14.050000190734863,129800,14.199999809265137,14.1899995803833,5.537690162658691
11-11-2004,14.149999618530273,14.1899995803833,112400,14.239999771118164,14.239999771118164,5.557199001312256
12-11-2004,14.210000038146973,14.25,69300,14.390000343322754,14.300000190734863,5.580612659454346
15-11-2004,14.329999923706055,14.399999618530273,137800,14.470000267028809,14.380000114440918,5.6118388175964355
16-11-2004,14.319999694824219,14.420000076293945,103700,14.420000076293945,14.34000015258789,5.596226215362549
17-11-2004,14.329999923706055,14.359999656677246,61400,14.4399995803833,14.430000305175781,5.631351947784424
18-11-2004,14.369999885559082,14.390000343322754,48100,14.470000267028809,14.430000305175781,5.631351947784424
19-11-2004,14.239999771118164,14.380000114440918,82900,14.430000305175781,14.279999732971191,5.572814464569092
22-11-2004,14.260000228881836,14.260000228881836,83700,14.40999984741211,14.319999694824219,5.588425159454346
23-11-2004,14.289999961853027,14.319999694824219,66000,14.369999885559082,14.350000381469727,5.600130558013916
24-11-2004,14.350000381469727,14.449999809265137,56500,14.460000038146973,14.420000076293945,5.627446174621582
26-11-2004,14.390000343322754,14.420000076293945,11100,14.420000076293945,14.40999984741211,5.623543739318848
29-11-2004,14.270000457763672,14.350000381469727,87000,14.390000343322754,14.289999961853027,5.576714515686035
30-11-2004,14.199999809265137,14.270000457763672,119100,14.300000190734863,14.270000457763672,5.568910121917725
01-12-2004,14.279999732971191,14.279999732971191,117200,14.420000076293945,14.359999656677246,5.604031085968018
02-12-2004,14.270000457763672,14.380000114440918,95900,14.399999618530273,14.289999961853027,5.576714515686035
03-12-2004,14.289999961853027,14.300000190734863,122800,14.449999809265137,14.319999694824219,5.588425159454346
06-12-2004,14.020000457763672,14.300000190734863,157800,14.3100004196167,14.170000076293945,5.529885768890381
07-12-2004,14.180000305175781,14.180000305175781,80800,14.260000228881836,14.260000228881836,5.565006732940674
08-12-2004,14.199999809265137,14.229999542236328,94300,14.3100004196167,14.210000038146973,5.545490741729736
09-12-2004,14.149999618530273,14.170000076293945,74800,14.279999732971191,14.229999542236328,5.5532965660095215
10-12-2004,14.220000267028809,14.260000228881836,96000,14.350000381469727,14.319999694824219,5.588425159454346
13-12-2004,14.210000038146973,14.229999542236328,70000,14.279999732971191,14.229999542236328,5.584890842437744
14-12-2004,14.119999885559082,14.1899995803833,92700,14.229999542236328,14.180000305175781,5.565267562866211
15-12-2004,14.069999694824219,14.069999694824219,187000,14.1899995803833,14.149999618530273,5.55349588394165
16-12-2004,14.0,14.149999618530273,113100,14.15999984741211,14.010000228881836,5.498545169830322
17-12-2004,13.949999809265137,13.949999809265137,87500,14.119999885559082,14.069999694824219,5.522095203399658
20-12-2004,14.050000190734863,14.069999694824219,125700,14.25,14.170000076293945,5.561341762542725
21-12-2004,14.079999923706055,14.220000267028809,91300,14.220000267028809,14.140000343322754,5.5495686531066895
22-12-2004,14.0600004196167,14.170000076293945,74700,14.199999809265137,14.119999885559082,5.5417160987854
23-12-2004,14.079999923706055,14.149999618530273,58300,14.170000076293945,14.149999618530273,5.55349588394165
27-12-2004,14.100000381469727,14.149999618530273,70400,14.210000038146973,14.170000076293945,5.561341762542725
28-12-2004,14.039999961853027,14.130000114440918,128900,14.1899995803833,14.100000381469727,5.533868789672852
29-12-2004,14.069999694824219,14.109999656677246,102100,14.180000305175781,14.109999656677246,5.537792205810547
30-12-2004,14.069999694824219,14.100000381469727,180000,14.180000305175781,14.100000381469727,5.533868789672852
31-12-2004,14.0600004196167,14.0600004196167,79400,14.1899995803833,14.1899995803833,5.56919002532959
03-01-2005,14.149999618530273,14.1899995803833,45800,14.289999961853027,14.279999732971191,5.604508399963379
04-01-2005,14.199999809265137,14.300000190734863,68300,14.3100004196167,14.210000038146973,5.577038764953613
05-01-2005,14.140000343322754,14.15999984741211,107000,14.380000114440918,14.350000381469727,5.631983757019043
06-01-2005,14.319999694824219,14.359999656677246,56800,14.489999771118164,14.399999618530273,5.651611328125
07-01-2005,14.40999984741211,14.449999809265137,95800,14.489999771118164,14.4399995803833,5.667306900024414
10-01-2005,14.40999984741211,14.40999984741211,68700,14.539999961853027,14.539999961853027,5.70655632019043
11-01-2005,14.380000114440918,14.479999542236328,100100,14.529999732971191,14.449999809265137,5.671233654022217
12-01-2005,14.399999618530273,14.40999984741211,63400,14.550000190734863,14.510000228881836,5.694782733917236
13-01-2005,14.4399995803833,14.5,76900,14.539999961853027,14.470000267028809,5.679082870483398
14-01-2005,14.329999923706055,14.390000343322754,58800,14.420000076293945,14.380000114440918,5.675138473510742
18-01-2005,14.289999961853027,14.289999961853027,54000,14.390000343322754,14.319999694824219,5.651458263397217
19-01-2005,14.329999923706055,14.329999923706055,36800,14.449999809265137,14.40999984741211,5.686973571777344
20-01-2005,14.359999656677246,14.359999656677246,62100,14.520000457763672,14.479999542236328,5.714602947235107
21-01-2005,14.420000076293945,14.460000038146973,72800,14.510000228881836,14.510000228881836,5.726444721221924
24-01-2005,14.5,14.510000228881836,63500,14.550000190734863,14.529999732971191,5.734330654144287
25-01-2005,14.5,14.539999961853027,82500,14.600000381469727,14.59000015258789,5.758016109466553
26-01-2005,14.510000228881836,14.529999732971191,62200,14.59000015258789,14.550000190734863,5.742228031158447
27-01-2005,14.529999732971191,14.550000190734863,54900,14.619999885559082,14.619999885559082,5.7698564529418945
28-01-2005,14.5600004196167,14.619999885559082,47700,14.630000114440918,14.569999694824219,5.750118732452393
31-01-2005,14.569999694824219,14.569999694824219,120500,14.649999618530273,14.640000343322754,5.777748107910156
01-02-2005,14.619999885559082,14.640000343322754,67500,14.6899995803833,14.65999984741211,5.785643100738525
02-02-2005,14.600000381469727,14.630000114440918,65500,14.680000305175781,14.680000305175781,5.7935333251953125
03-02-2005,14.630000114440918,14.680000305175781,60500,14.699999809265137,14.640000343322754,5.777748107910156
04-02-2005,14.670000076293945,14.710000038146973,54300,14.75,14.75,5.821162223815918
07-02-2005,14.699999809265137,14.720000267028809,76600,14.850000381469727,14.819999694824219,5.8487868309021
08-02-2005,14.760000228881836,14.84000015258789,76200,14.850000381469727,14.8100004196167,5.844841480255127
09-02-2005,14.829999923706055,14.850000381469727,83600,14.920000076293945,14.859999656677246,5.864572525024414
10-02-2005,14.819999694824219,14.819999694824219,67200,14.949999809265137,14.949999809265137,5.900090217590332
11-02-2005,14.829999923706055,14.829999923706055,44300,14.899999618530273,14.880000114440918,5.904059886932373
14-02-2005,14.819999694824219,14.9399995803833,150200,14.9399995803833,14.890000343322754,5.908021926879883
15-02-2005,14.789999961853027,14.800000190734863,80100,14.880000114440918,14.850000381469727,5.892153263092041
16-02-2005,14.75,14.8100004196167,61300,14.829999923706055,14.760000228881836,5.856443405151367
17-02-2005,14.579999923706055,14.670000076293945,124100,14.729999542236328,14.729999542236328,5.844539642333984
18-02-2005,14.59000015258789,14.630000114440918,59800,14.710000038146973,14.640000343322754,5.808830738067627
22-02-2005,14.460000038146973,14.640000343322754,112200,14.670000076293945,14.5600004196167,5.777088642120361
23-02-2005,14.460000038146973,14.460000038146973,78700,14.670000076293945,14.609999656677246,5.796924114227295
24-02-2005,14.579999923706055,14.609999656677246,96100,14.899999618530273,14.720000267028809,5.840576171875
25-02-2005,14.720000267028809,14.720000267028809,105700,14.789999961853027,14.770000457763672,5.860409736633301
28-02-2005,14.680000305175781,14.770000457763672,136300,14.84000015258789,14.699999809265137,5.832639694213867
01-03-2005,14.65999984741211,14.75,55200,14.75,14.739999771118164,5.848507404327393
02-03-2005,14.670000076293945,14.739999771118164,52900,14.739999771118164,14.720000267028809,5.840576171875
03-03-2005,14.699999809265137,14.760000228881836,70400,14.779999732971191,14.75,5.852482795715332
04-03-2005,14.729999542236328,14.729999542236328,73600,14.869999885559082,14.859999656677246,5.896122455596924
07-03-2005,14.819999694824219,14.829999923706055,44600,14.899999618530273,14.829999923706055,5.884219169616699
08-03-2005,14.75,14.850000381469727,59200,14.850000381469727,14.789999961853027,5.868346214294434
09-03-2005,14.569999694824219,14.6899995803833,86600,14.739999771118164,14.640000343322754,5.808830738067627
10-03-2005,14.5600004196167,14.670000076293945,71300,14.680000305175781,14.640000343322754,5.808830738067627
11-03-2005,14.4399995803833,14.649999618530273,63900,14.649999618530273,14.479999542236328,5.776915550231934
14-03-2005,14.300000190734863,14.460000038146973,100000,14.470000267028809,14.350000381469727,5.725052833557129
15-03-2005,14.239999771118164,14.319999694824219,98900,14.359999656677246,14.239999771118164,5.681163787841797
16-03-2005,14.210000038146973,14.270000457763672,70900,14.289999961853027,14.289999961853027,5.701109886169434
17-03-2005,14.199999809265137,14.319999694824219,74000,14.359999656677246,14.25,5.685153961181641
18-03-2005,14.170000076293945,14.25,62700,14.3100004196167,14.3100004196167,5.7090911865234375
21-03-2005,14.180000305175781,14.300000190734863,140700,14.300000190734863,14.220000267028809,5.673183441162109
22-03-2005,14.109999656677246,14.199999809265137,44300,14.239999771118164,14.130000114440918,5.6372809410095215
23-03-2005,13.880000114440918,14.100000381469727,117800,14.100000381469727,13.930000305175781,5.557488441467285
24-03-2005,13.829999923706055,13.890000343322754,67000,13.979999542236328,13.979999542236328,5.577436923980713
28-03-2005,13.800000190734863,14.020000457763672,57300,14.039999961853027,13.890000343322754,5.541528224945068
29-03-2005,13.800000190734863,13.829999923706055,58100,13.890000343322754,13.869999885559082,5.533548355102539
30-03-2005,13.800000190734863,13.800000190734863,121000,14.09000015258789,14.09000015258789,5.621323108673096
31-03-2005,14.079999923706055,14.079999923706055,79800,14.25,14.199999809265137,5.66520881652832
01-04-2005,14.220000267028809,14.300000190734863,67400,14.350000381469727,14.3100004196167,5.7090911865234375
04-04-2005,14.220000267028809,14.220000267028809,51200,14.369999885559082,14.34000015258789,5.721060276031494
05-04-2005,14.289999961853027,14.300000190734863,69000,14.369999885559082,14.319999694824219,5.713083267211914
06-04-2005,14.319999694824219,14.369999885559082,50900,14.4399995803833,14.390000343322754,5.741011619567871
07-04-2005,14.300000190734863,14.359999656677246,48700,14.4399995803833,14.300000190734863,5.705099582672119
08-04-2005,14.270000457763672,14.350000381469727,38600,14.350000381469727,14.279999732971191,5.697119235992432
11-04-2005,14.279999732971191,14.279999732971191,63600,14.420000076293945,14.380000114440918,5.737021446228027
12-04-2005,14.34000015258789,14.40999984741211,48700,14.430000305175781,14.430000305175781,5.756968975067139
13-04-2005,14.3100004196167,14.380000114440918,59100,14.449999809265137,14.369999885559082,5.764992713928223
14-04-2005,14.25,14.40999984741211,76900,14.430000305175781,14.300000190734863,5.736906051635742
15-04-2005,14.210000038146973,14.34000015258789,64600,14.34000015258789,14.220000267028809,5.7048139572143555
18-04-2005,14.239999771118164,14.25,63300,14.3100004196167,14.279999732971191,5.728884220123291
19-04-2005,14.239999771118164,14.260000228881836,56600,14.380000114440918,14.350000381469727,5.756968975067139
20-04-2005,14.260000228881836,14.34000015258789,45500,14.34000015258789,14.289999961853027,5.732898235321045
21-04-2005,14.270000457763672,14.270000457763672,50600,14.359999656677246,14.34000015258789,5.752952575683594
22-04-2005,14.260000228881836,14.390000343322754,39500,14.390000343322754,14.350000381469727,5.756968975067139
25-04-2005,14.329999923706055,14.369999885559082,48000,14.40999984741211,14.399999618530273,5.77702522277832
26-04-2005,14.270000457763672,14.430000305175781,62400,14.430000305175781,14.430000305175781,5.789060592651367
27-04-2005,14.390000343322754,14.4399995803833,48100,14.470000267028809,14.470000267028809,5.805110454559326
28-04-2005,14.430000305175781,14.479999542236328,68700,14.5600004196167,14.529999732971191,5.8291778564453125
29-04-2005,14.520000457763672,14.550000190734863,62500,14.600000381469727,14.5600004196167,5.841210842132568
02-05-2005,14.539999961853027,14.550000190734863,98300,14.640000343322754,14.600000381469727,5.857264518737793
03-05-2005,14.520000457763672,14.600000381469727,79700,14.670000076293945,14.630000114440918,5.869298934936523
04-05-2005,14.619999885559082,14.649999618530273,52500,14.739999771118164,14.739999771118164,5.913426876068115
05-05-2005,14.699999809265137,14.75,85700,14.760000228881836,14.739999771118164,5.913426876068115
06-05-2005,14.520000457763672,14.65999984741211,79900,14.670000076293945,14.59000015258789,5.8532490730285645
09-05-2005,14.520000457763672,14.569999694824219,61500,14.609999656677246,14.579999923706055,5.849239826202393
10-05-2005,14.479999542236328,14.479999542236328,119300,14.640000343322754,14.550000190734863,5.83720064163208
11-05-2005,14.5,14.550000190734863,63400,14.579999923706055,14.550000190734863,5.83720064163208
12-05-2005,14.510000228881836,14.569999694824219,81700,14.640000343322754,14.609999656677246,5.861273765563965
13-05-2005,14.550000190734863,14.640000343322754,57200,14.649999618530273,14.649999618530273,5.877323150634766
16-05-2005,14.649999618530273,14.649999618530273,51900,14.710000038146973,14.699999809265137,5.897381782531738
17-05-2005,14.649999618530273,14.670000076293945,49500,14.779999732971191,14.680000305175781,5.88935661315918
18-05-2005,14.670000076293945,14.6899995803833,118000,14.739999771118164,14.710000038146973,5.901393413543701
19-05-2005,14.65999984741211,14.720000267028809,68900,14.789999961853027,14.729999542236328,5.909417629241943
20-05-2005,14.699999809265137,14.729999542236328,35700,14.760000228881836,14.720000267028809,5.905403137207031
23-05-2005,14.729999542236328,14.739999771118164,74600,14.819999694824219,14.789999961853027,5.933487415313721
24-05-2005,14.779999732971191,14.800000190734863,81800,14.869999885559082,14.850000381469727,5.95755672454834
25-05-2005,14.770000457763672,14.850000381469727,85400,14.850000381469727,14.789999961853027,5.933487415313721
26-05-2005,14.699999809265137,14.760000228881836,91600,14.789999961853027,14.770000457763672,5.925465106964111
27-05-2005,14.75,14.770000457763672,60100,14.789999961853027,14.770000457763672,5.925465106964111
31-05-2005,14.75,14.770000457763672,162200,14.800000190734863,14.789999961853027,5.933487415313721
01-06-2005,14.760000228881836,14.760000228881836,128800,14.899999618530273,14.829999923706055,5.9495391845703125
02-06-2005,14.84000015258789,14.84000015258789,84100,14.949999809265137,14.949999809265137,5.997674942016602
03-06-2005,14.90999984741211,14.989999771118164,114000,15.140000343322754,14.970000267028809,6.005696773529053
06-06-2005,14.979999542236328,15.0,89600,15.0600004196167,15.0,6.017730236053467
07-06-2005,15.020000457763672,15.069999694824219,80400,15.100000381469727,15.069999694824219,6.045819282531738
08-06-2005,14.899999618530273,15.010000228881836,148600,15.109999656677246,15.039999961853027,6.033780097961426
09-06-2005,15.0,15.010000228881836,66600,15.0600004196167,15.0600004196167,6.041805744171143
10-06-2005,14.880000114440918,14.880000114440918,67500,15.0,14.949999809265137,6.029704570770264
13-06-2005,14.880000114440918,14.949999809265137,73400,14.979999542236328,14.930000305175781,6.021636009216309
14-06-2005,14.899999618530273,14.930000305175781,71000,15.010000228881836,15.0,6.049869537353516
15-06-2005,14.949999809265137,15.0,70200,15.020000457763672,15.0,6.049869537353516
16-06-2005,15.0,15.029999732971191,72000,15.050000190734863,15.050000190734863,6.070038318634033
17-06-2005,15.010000228881836,15.069999694824219,52400,15.079999923706055,15.050000190734863,6.070038318634033
20-06-2005,15.0,15.09000015258789,67300,15.119999885559082,15.039999961853027,6.066004276275635
21-06-2005,15.0,15.010000228881836,55400,15.050000190734863,15.029999732971191,6.061971187591553
22-06-2005,15.050000190734863,15.100000381469727,99300,15.109999656677246,15.100000381469727,6.090203285217285
23-06-2005,15.050000190734863,15.069999694824219,39900,15.149999618530273,15.109999656677246,6.094236373901367
24-06-2005,15.09000015258789,15.09000015258789,51400,15.170000076293945,15.140000343322754,6.106338024139404
27-06-2005,15.130000114440918,15.149999618530273,73100,15.170000076293945,15.170000076293945,6.118435382843018
28-06-2005,15.140000343322754,15.140000343322754,136700,15.289999961853027,15.229999542236328,6.142638206481934
29-06-2005,15.170000076293945,15.210000038146973,87500,15.279999732971191,15.229999542236328,6.142638206481934
30-06-2005,15.180000305175781,15.279999732971191,98100,15.300000190734863,15.239999771118164,6.146670818328857
01-07-2005,15.180000305175781,15.180000305175781,38600,15.300000190734863,15.25,6.150704860687256
05-07-2005,15.239999771118164,15.239999771118164,76900,15.34000015258789,15.289999961853027,6.166835308074951
06-07-2005,15.25,15.300000190734863,121300,15.329999923706055,15.270000457763672,6.1587700843811035
07-07-2005,15.239999771118164,15.260000228881836,105700,15.34000015258789,15.329999923706055,6.1829681396484375
08-07-2005,15.319999694824219,15.319999694824219,84700,15.369999885559082,15.369999885559082,6.199102878570557
11-07-2005,15.3100004196167,15.329999923706055,54000,15.380000114440918,15.34000015258789,6.187000751495361
12-07-2005,15.239999771118164,15.239999771118164,153700,15.390000343322754,15.34000015258789,6.2194366455078125
13-07-2005,15.270000457763672,15.380000114440918,54400,15.380000114440918,15.329999923706055,6.2153825759887695
14-07-2005,15.220000267028809,15.300000190734863,87700,15.34000015258789,15.319999694824219,6.211329460144043
15-07-2005,15.3100004196167,15.34000015258789,61100,15.399999618530273,15.390000343322754,6.239709854125977
18-07-2005,15.279999732971191,15.359999656677246,63800,15.369999885559082,15.289999961853027,6.199167251586914
19-07-2005,15.279999732971191,15.369999885559082,101200,15.380000114440918,15.319999694824219,6.211329460144043
20-07-2005,15.3100004196167,15.319999694824219,136500,15.40999984741211,15.40999984741211,6.2478203773498535
21-07-2005,15.350000381469727,15.40999984741211,108500,15.430000305175781,15.40999984741211,6.2478203773498535
22-07-2005,15.279999732971191,15.350000381469727,103000,15.380000114440918,15.289999961853027,6.199167251586914
25-07-2005,15.239999771118164,15.319999694824219,63000,15.34000015258789,15.319999694824219,6.211329460144043
26-07-2005,15.289999961853027,15.289999961853027,54100,15.350000381469727,15.3100004196167,6.207276344299316
27-07-2005,15.289999961853027,15.300000190734863,67900,15.369999885559082,15.34000015258789,6.2194366455078125
28-07-2005,15.260000228881836,15.369999885559082,96700,15.399999618530273,15.329999923706055,6.2153825759887695
29-07-2005,15.15999984741211,15.289999961853027,139100,15.34000015258789,15.229999542236328,6.17484188079834
01-08-2005,15.0600004196167,15.210000038146973,225100,15.279999732971191,15.100000381469727,6.122129917144775
02-08-2005,14.920000076293945,15.020000457763672,211800,15.050000190734863,14.970000267028809,6.069424629211426
03-08-2005,14.949999809265137,14.960000038146973,138100,15.050000190734863,14.989999771118164,6.07753849029541
04-08-2005,15.0,15.039999961853027,87300,15.069999694824219,15.069999694824219,6.109970569610596
05-08-2005,14.979999542236328,15.050000190734863,66300,15.069999694824219,15.020000457763672,6.089698791503906
08-08-2005,14.960000038146973,15.0,56300,15.039999961853027,14.979999542236328,6.07348108291626
09-08-2005,14.819999694824219,14.960000038146973,112700,14.979999542236328,14.859999656677246,6.024828910827637
10-08-2005,14.819999694824219,14.899999618530273,105300,14.989999771118164,14.989999771118164,6.07753849029541
11-08-2005,14.920000076293945,14.9399995803833,90900,14.979999542236328,14.960000038146973,6.097914695739746
12-08-2005,14.960000038146973,15.0,125400,15.039999961853027,14.960000038146973,6.097914695739746
15-08-2005,14.899999618530273,14.960000038146973,77200,14.989999771118164,14.949999809265137,6.093837261199951
16-08-2005,14.890000343322754,14.970000267028809,90500,14.979999542236328,14.970000267028809,6.101991176605225
17-08-2005,14.930000305175781,14.970000267028809,47900,15.0,14.970000267028809,6.101991176605225
18-08-2005,14.9399995803833,14.979999542236328,79000,15.010000228881836,14.970000267028809,6.101991176605225
19-08-2005,14.979999542236328,15.0,117900,15.140000343322754,15.130000114440918,6.16720724105835
22-08-2005,15.09000015258789,15.130000114440918,48200,15.180000305175781,15.170000076293945,6.183511257171631
23-08-2005,15.149999618530273,15.1899995803833,118700,15.270000457763672,15.15999984741211,6.179439067840576
24-08-2005,15.210000038146973,15.270000457763672,72600,15.270000457763672,15.260000228881836,6.22020149230957
25-08-2005,15.220000267028809,15.279999732971191,112600,15.350000381469727,15.34000015258789,6.252811431884766
26-08-2005,15.279999732971191,15.279999732971191,76400,15.399999618530273,15.390000343322754,6.273192405700684
29-08-2005,15.15999984741211,15.319999694824219,111000,15.430000305175781,15.390000343322754,6.273192405700684
30-08-2005,15.319999694824219,15.4399995803833,128000,15.4399995803833,15.350000381469727,6.256885051727295
31-08-2005,15.319999694824219,15.380000114440918,82600,15.4399995803833,15.40999984741211,6.281341075897217
01-09-2005,15.40999984741211,15.40999984741211,101200,15.59000015258789,15.550000190734863,6.338408470153809
02-09-2005,15.489999771118164,15.550000190734863,99200,15.609999656677246,15.609999656677246,6.362865447998047
06-09-2005,15.569999694824219,15.619999885559082,186800,15.699999809265137,15.65999984741211,6.38324499130249
07-09-2005,15.510000228881836,15.630000114440918,94300,15.770000457763672,15.600000381469727,6.358788013458252
08-09-2005,15.529999732971191,15.630000114440918,85800,15.670000076293945,15.579999923706055,6.350635528564453
09-09-2005,15.4399995803833,15.600000381469727,83200,15.600000381469727,15.5,6.318026065826416
12-09-2005,15.319999694824219,15.449999809265137,71900,15.489999771118164,15.430000305175781,6.320078372955322
13-09-2005,15.420000076293945,15.4399995803833,84200,15.510000228881836,15.479999542236328,6.340553283691406
14-09-2005,15.380000114440918,15.5,107100,15.550000190734863,15.40999984741211,6.311885356903076
15-09-2005,15.270000457763672,15.420000076293945,62500,15.4399995803833,15.300000190734863,6.26682710647583
16-09-2005,15.260000228881836,15.350000381469727,73200,15.369999885559082,15.369999885559082,6.295500755310059
19-09-2005,15.3100004196167,15.390000343322754,64800,15.390000343322754,15.329999923706055,6.279112339019775
20-09-2005,15.25,15.34000015258789,53400,15.359999656677246,15.270000457763672,6.2545366287231445
21-09-2005,15.319999694824219,15.359999656677246,61900,15.399999618530273,15.359999656677246,6.291398525238037
22-09-2005,14.90999984741211,15.350000381469727,254400,15.350000381469727,15.0600004196167,6.168523788452148
23-09-2005,14.869999885559082,15.020000457763672,102100,15.029999732971191,14.920000076293945,6.111180782318115
26-09-2005,14.770000457763672,14.9399995803833,103700,14.9399995803833,14.829999923706055,6.0743207931518555
27-09-2005,14.619999885559082,14.880000114440918,96500,14.880000114440918,14.670000076293945,6.008783340454102
28-09-2005,14.569999694824219,14.569999694824219,90300,14.75,14.75,6.041549205780029
29-09-2005,14.789999961853027,14.789999961853027,68900,14.930000305175781,14.850000381469727,6.082508087158203
30-09-2005,14.859999656677246,14.869999885559082,75900,14.9399995803833,14.899999618530273,6.102989196777344
03-10-2005,14.869999885559082,14.899999618530273,71700,14.979999542236328,14.899999618530273,6.102989196777344
04-10-2005,14.920000076293945,14.960000038146973,64700,14.989999771118164,14.970000267028809,6.13165807723999
05-10-2005,14.880000114440918,14.960000038146973,77300,15.010000228881836,14.890000343322754,6.0988945960998535
06-10-2005,14.850000381469727,14.869999885559082,65500,14.899999618530273,14.850000381469727,6.082508087158203
07-10-2005,14.819999694824219,14.850000381469727,64300,14.869999885559082,14.859999656677246,6.086606025695801
10-10-2005,14.699999809265137,14.800000190734863,48900,14.800000190734863,14.779999732971191,6.053837299346924
11-10-2005,14.770000457763672,14.779999732971191,62000,14.869999885559082,14.859999656677246,6.086606025695801
12-10-2005,14.649999618530273,14.949999809265137,85300,14.949999809265137,14.65999984741211,6.004688262939453
13-10-2005,14.4399995803833,14.680000305175781,78400,14.680000305175781,14.5,5.969690322875977
14-10-2005,14.350000381469727,14.600000381469727,79200,14.600000381469727,14.430000305175781,5.940870761871338
17-10-2005,14.170000076293945,14.329999923706055,134400,14.390000343322754,14.229999542236328,5.858530521392822
18-10-2005,13.949999809265137,14.170000076293945,138200,14.180000305175781,14.0,5.763838291168213
19-10-2005,13.979999542236328,14.0,92800,14.140000343322754,14.140000343322754,5.8214802742004395
20-10-2005,14.09000015258789,14.15999984741211,82000,14.180000305175781,14.170000076293945,5.833830833435059
21-10-2005,14.199999809265137,14.239999771118164,73200,14.420000076293945,14.420000076293945,5.9367547035217285
24-10-2005,14.350000381469727,14.350000381469727,106900,14.550000190734863,14.470000267028809,5.957336902618408
25-10-2005,14.470000267028809,14.510000228881836,49500,14.5600004196167,14.489999771118164,5.965573787689209
26-10-2005,14.449999809265137,14.460000038146973,92600,14.510000228881836,14.460000038146973,5.953222274780273
27-10-2005,14.479999542236328,14.5,67500,14.59000015258789,14.579999923706055,6.002628803253174
28-10-2005,14.539999961853027,14.680000305175781,76200,14.680000305175781,14.630000114440918,6.023212909698486
31-10-2005,14.619999885559082,14.630000114440918,91800,14.710000038146973,14.699999809265137,6.052032470703125
01-11-2005,14.670000076293945,14.699999809265137,49700,14.710000038146973,14.699999809265137,6.052032470703125
02-11-2005,14.670000076293945,14.720000267028809,102600,14.789999961853027,14.789999961853027,6.089085102081299
03-11-2005,14.609999656677246,14.729999542236328,56100,14.770000457763672,14.609999656677246,6.014977931976318
04-11-2005,14.579999923706055,14.59000015258789,46300,14.75,14.680000305175781,6.043797969818115
07-11-2005,14.680000305175781,14.699999809265137,23100,14.770000457763672,14.75,6.072618007659912
08-11-2005,14.699999809265137,14.84000015258789,78500,14.84000015258789,14.729999542236328,6.064382076263428
09-11-2005,14.65999984741211,14.729999542236328,48300,14.789999961853027,14.6899995803833,6.047914981842041
10-11-2005,14.430000305175781,14.65999984741211,88700,14.65999984741211,14.4399995803833,5.9754958152771
11-11-2005,14.5,14.539999961853027,38500,14.569999694824219,14.529999732971191,6.012741565704346
14-11-2005,14.270000457763672,14.300000190734863,106300,14.449999809265137,14.380000114440918,5.950666904449463
15-11-2005,14.25,14.390000343322754,75400,14.449999809265137,14.3100004196167,5.921700954437256
16-11-2005,14.279999732971191,14.279999732971191,87000,14.40999984741211,14.369999885559082,5.946527004241943
17-11-2005,14.300000190734863,14.300000190734863,58200,14.399999618530273,14.34000015258789,5.934114933013916
18-11-2005,14.25,14.380000114440918,166200,14.460000038146973,14.369999885559082,5.946527004241943
21-11-2005,14.220000267028809,14.319999694824219,127800,14.5,14.380000114440918,5.950666904449463
22-11-2005,14.329999923706055,14.399999618530273,64100,14.479999542236328,14.399999618530273,5.9589433670043945
23-11-2005,14.300000190734863,14.319999694824219,50800,14.40999984741211,14.359999656677246,5.942390441894531
25-11-2005,14.319999694824219,14.359999656677246,20000,14.40999984741211,14.369999885559082,5.946527004241943
28-11-2005,14.319999694824219,14.329999923706055,99400,14.65999984741211,14.65999984741211,6.0665364265441895
29-11-2005,14.529999732971191,14.6899995803833,86700,14.6899995803833,14.640000343322754,6.0582594871521
30-11-2005,14.520000457763672,14.649999618530273,86500,14.670000076293945,14.640000343322754,6.0582594871521
01-12-2005,14.59000015258789,14.670000076293945,91800,14.75,14.600000381469727,6.0417094230651855
02-12-2005,14.600000381469727,14.600000381469727,36000,14.699999809265137,14.649999618530273,6.06239652633667
05-12-2005,14.600000381469727,14.949999809265137,94600,14.949999809265137,14.710000038146973,6.087224960327148
06-12-2005,14.59000015258789,14.710000038146973,78200,14.710000038146973,14.65999984741211,6.0665364265441895
07-12-2005,14.449999809265137,14.65999984741211,54800,14.65999984741211,14.5,6.000328540802002
08-12-2005,14.529999732971191,14.550000190734863,104200,14.779999732971191,14.680000305175781,6.074813365936279
09-12-2005,14.449999809265137,14.800000190734863,93200,14.850000381469727,14.529999732971191,6.012741565704346
12-12-2005,14.460000038146973,14.5600004196167,91300,14.600000381469727,14.539999961853027,6.016874313354492
13-12-2005,14.130000114440918,14.5,117400,14.5,14.199999809265137,5.9066481590271
14-12-2005,14.25,14.25,102800,14.420000076293945,14.380000114440918,5.981518268585205
15-12-2005,14.3100004196167,14.399999618530273,92300,14.4399995803833,14.359999656677246,5.973201751708984
16-12-2005,14.300000190734863,14.550000190734863,80900,14.550000190734863,14.380000114440918,5.981518268585205
19-12-2005,14.300000190734863,14.40999984741211,99000,14.40999984741211,14.390000343322754,5.985682964324951
20-12-2005,14.319999694824219,14.399999618530273,118900,14.579999923706055,14.529999732971191,6.04391622543335
21-12-2005,14.380000114440918,14.5,84900,14.539999961853027,14.5,6.031439304351807
22-12-2005,14.5,14.59000015258789,56400,14.680000305175781,14.619999885559082,6.081350803375244
23-12-2005,14.649999618530273,14.75,51200,14.880000114440918,14.880000114440918,6.189500331878662
27-12-2005,14.600000381469727,14.779999732971191,98600,14.829999923706055,14.739999771118164,6.1312689781188965
28-12-2005,14.720000267028809,14.800000190734863,78500,14.970000267028809,14.890000343322754,6.193663597106934
29-12-2005,14.930000305175781,14.989999771118164,86600,15.079999923706055,15.050000190734863,6.2602128982543945
30-12-2005,15.0,15.0,106800,15.170000076293945,15.050000190734863,6.2602128982543945
03-01-2006,15.050000190734863,15.050000190734863,125700,15.15999984741211,15.09000015258789,6.276856422424316
04-01-2006,15.050000190734863,15.050000190734863,68700,15.149999618530273,15.069999694824219,6.268531799316406
05-01-2006,15.069999694824219,15.069999694824219,66900,15.15999984741211,15.069999694824219,6.268531799316406
06-01-2006,15.079999923706055,15.079999923706055,69400,15.210000038146973,15.180000305175781,6.3142900466918945
09-01-2006,15.119999885559082,15.199999809265137,47100,15.199999809265137,15.15999984741211,6.305967330932617
10-01-2006,15.020000457763672,15.020000457763672,67300,15.170000076293945,15.109999656677246,6.28516960144043
11-01-2006,14.880000114440918,15.020000457763672,63400,15.130000114440918,14.920000076293945,6.206137657165527
12-01-2006,14.800000190734863,14.920000076293945,76000,14.970000267028809,14.859999656677246,6.181181907653809
13-01-2006,14.680000305175781,14.75,39800,14.869999885559082,14.789999961853027,6.180346488952637
17-01-2006,14.529999732971191,14.6899995803833,93100,14.779999732971191,14.670000076293945,6.130200386047363
18-01-2006,14.59000015258789,14.770000457763672,46300,14.770000457763672,14.710000038146973,6.146917343139648
19-01-2006,14.579999923706055,14.699999809265137,71400,14.729999542236328,14.699999809265137,6.14273738861084
20-01-2006,14.65999984741211,14.699999809265137,94800,14.829999923706055,14.770000457763672,6.171988010406494
23-01-2006,14.699999809265137,14.789999961853027,70300,14.800000190734863,14.75,6.163634300231934
24-01-2006,14.640000343322754,14.789999961853027,76500,14.789999961853027,14.739999771118164,6.159455299377441
25-01-2006,14.640000343322754,14.710000038146973,74300,14.739999771118164,14.6899995803833,6.1385602951049805
26-01-2006,14.649999618530273,14.720000267028809,58100,14.720000267028809,14.670000076293945,6.130200386047363
27-01-2006,14.65999984741211,14.670000076293945,55900,14.779999732971191,14.729999542236328,6.1552734375
30-01-2006,14.609999656677246,14.75,57800,14.760000228881836,14.65999984741211,6.126021385192871
31-01-2006,14.600000381469727,14.600000381469727,60200,14.710000038146973,14.670000076293945,6.130200386047363
01-02-2006,14.65999984741211,14.699999809265137,77700,14.760000228881836,14.739999771118164,6.159455299377441
02-02-2006,14.6899995803833,14.789999961853027,56100,14.800000190734863,14.6899995803833,6.1385602951049805
03-02-2006,14.640000343322754,14.789999961853027,68200,14.789999961853027,14.760000228881836,6.167811393737793
06-02-2006,14.670000076293945,14.720000267028809,38100,14.770000457763672,14.760000228881836,6.167811393737793
07-02-2006,14.579999923706055,14.579999923706055,66100,14.779999732971191,14.729999542236328,6.1552734375
08-02-2006,14.699999809265137,14.739999771118164,37700,14.899999618530273,14.819999694824219,6.19288444519043
09-02-2006,14.75,14.850000381469727,55600,14.90999984741211,14.829999923706055,6.197064399719238
10-02-2006,14.609999656677246,14.699999809265137,42300,14.720000267028809,14.630000114440918,6.1416521072387695
13-02-2006,14.640000343322754,14.65999984741211,40700,14.699999809265137,14.649999618530273,6.15004301071167
14-02-2006,14.5600004196167,14.649999618530273,130200,14.670000076293945,14.630000114440918,6.1416521072387695
15-02-2006,14.619999885559082,14.630000114440918,71300,14.699999809265137,14.649999618530273,6.15004301071167
16-02-2006,14.59000015258789,14.6899995803833,85500,14.720000267028809,14.649999618530273,6.15004301071167
17-02-2006,14.630000114440918,14.699999809265137,68400,14.729999542236328,14.680000305175781,6.1626410484313965
21-02-2006,14.640000343322754,14.720000267028809,53700,14.760000228881836,14.6899995803833,6.166836261749268
22-02-2006,14.65999984741211,14.760000228881836,38000,14.770000457763672,14.720000267028809,6.179431915283203
23-02-2006,14.59000015258789,14.699999809265137,62600,14.75,14.640000343322754,6.145845890045166
24-02-2006,14.569999694824219,14.640000343322754,60000,14.699999809265137,14.640000343322754,6.145845890045166
27-02-2006,14.600000381469727,14.6899995803833,49400,14.699999809265137,14.630000114440918,6.1416521072387695
28-02-2006,14.619999885559082,14.619999885559082,74500,14.789999961853027,14.760000228881836,6.196223258972168
01-03-2006,14.5600004196167,14.710000038146973,89300,14.829999923706055,14.65999984741211,6.154242038726807
02-03-2006,14.569999694824219,14.630000114440918,68700,14.680000305175781,14.670000076293945,6.1584391593933105
03-03-2006,14.5600004196167,14.630000114440918,57600,14.680000305175781,14.600000381469727,6.129057884216309
06-03-2006,14.489999771118164,14.600000381469727,45300,14.640000343322754,14.529999732971191,6.099669933319092
07-03-2006,14.40999984741211,14.59000015258789,63400,14.59000015258789,14.529999732971191,6.099669933319092
08-03-2006,14.470000267028809,14.5,99000,14.630000114440918,14.630000114440918,6.1416521072387695
09-03-2006,14.550000190734863,14.630000114440918,60200,14.680000305175781,14.670000076293945,6.1584391593933105
10-03-2006,14.539999961853027,14.640000343322754,90600,14.710000038146973,14.619999885559082,6.166030406951904
13-03-2006,14.619999885559082,14.6899995803833,55200,14.720000267028809,14.630000114440918,6.17025089263916
14-03-2006,14.600000381469727,14.65999984741211,47900,14.729999542236328,14.720000267028809,6.208209991455078
15-03-2006,14.569999694824219,14.65999984741211,89700,14.699999809265137,14.699999809265137,6.199771404266357
16-03-2006,14.630000114440918,14.720000267028809,39700,14.75,14.75,6.220860481262207
17-03-2006,14.6899995803833,14.710000038146973,44800,14.829999923706055,14.779999732971191,6.233512878417969
20-03-2006,14.779999732971191,14.84000015258789,58600,14.979999542236328,14.84000015258789,6.25881814956665
21-03-2006,14.739999771118164,14.850000381469727,65500,14.859999656677246,14.84000015258789,6.25881814956665
22-03-2006,14.770000457763672,14.779999732971191,68200,14.890000343322754,14.819999694824219,6.250382900238037
23-03-2006,14.800000190734863,14.899999618530273,57600,14.90999984741211,14.84000015258789,6.25881814956665
24-03-2006,14.819999694824219,14.9399995803833,39200,14.9399995803833,14.84000015258789,6.25881814956665
27-03-2006,14.800000190734863,14.869999885559082,33000,14.890000343322754,14.819999694824219,6.250382900238037
28-03-2006,14.739999771118164,14.850000381469727,85900,14.859999656677246,14.819999694824219,6.250382900238037
29-03-2006,14.779999732971191,14.859999656677246,48900,14.880000114440918,14.789999961853027,6.237730026245117
30-03-2006,14.6899995803833,14.800000190734863,47800,14.859999656677246,14.720000267028809,6.208209991455078
31-03-2006,14.670000076293945,14.760000228881836,77100,14.789999961853027,14.6899995803833,6.195555686950684
03-04-2006,14.670000076293945,14.729999542236328,53800,14.779999732971191,14.739999771118164,6.216644287109375
04-04-2006,14.710000038146973,14.770000457763672,49300,14.829999923706055,14.8100004196167,6.246168613433838
05-04-2006,14.779999732971191,14.84000015258789,56400,14.880000114440918,14.850000381469727,6.263038635253906
06-04-2006,14.670000076293945,14.859999656677246,43600,14.859999656677246,14.670000076293945,6.187119007110596
07-04-2006,14.5600004196167,14.65999984741211,62500,14.680000305175781,14.609999656677246,6.161815643310547
10-04-2006,14.510000228881836,14.510000228881836,56300,14.640000343322754,14.569999694824219,6.1449432373046875
11-04-2006,14.449999809265137,14.529999732971191,52600,14.569999694824219,14.489999771118164,6.111205101013184
12-04-2006,14.289999961853027,14.460000038146973,44800,14.479999542236328,14.289999961853027,6.055271625518799
13-04-2006,14.229999542236328,14.270000457763672,43200,14.34000015258789,14.300000190734863,6.059510231018066
17-04-2006,14.050000190734863,14.199999809265137,65500,14.260000228881836,14.050000190734863,5.953574180603027
18-04-2006,14.0600004196167,14.0600004196167,83900,14.329999923706055,14.25,6.038320541381836
19-04-2006,14.180000305175781,14.25,26600,14.300000190734863,14.239999771118164,6.034081935882568
20-04-2006,14.1899995803833,14.210000038146973,37500,14.289999961853027,14.199999809265137,6.017136096954346
21-04-2006,14.100000381469727,14.130000114440918,71600,14.25,14.180000305175781,6.008659839630127
24-04-2006,14.119999885559082,14.15999984741211,71600,14.399999618530273,14.359999656677246,6.084934711456299
25-04-2006,14.239999771118164,14.3100004196167,66500,14.369999885559082,14.34000015258789,6.076461315155029
26-04-2006,14.260000228881836,14.350000381469727,47400,14.369999885559082,14.289999961853027,6.055271625518799
27-04-2006,14.25,14.25,38700,14.369999885559082,14.34000015258789,6.076461315155029
28-04-2006,14.15999984741211,14.34000015258789,120100,14.359999656677246,14.3100004196167,6.063747406005859
01-05-2006,14.220000267028809,14.289999961853027,69500,14.350000381469727,14.229999542236328,6.029843330383301
02-05-2006,14.149999618530273,14.229999542236328,59800,14.300000190734863,14.1899995803833,6.012894630432129
03-05-2006,14.050000190734863,14.109999656677246,85300,14.1899995803833,14.130000114440918,5.987473011016846
04-05-2006,14.050000190734863,14.180000305175781,87700,14.210000038146973,14.119999885559082,5.983234882354736
05-05-2006,14.09000015258789,14.09000015258789,50000,14.15999984741211,14.130000114440918,5.987473011016846
08-05-2006,14.100000381469727,14.109999656677246,48900,14.170000076293945,14.170000076293945,6.004422187805176
09-05-2006,14.100000381469727,14.119999885559082,73600,14.220000267028809,14.199999809265137,6.017136096954346
10-05-2006,14.109999656677246,14.170000076293945,47200,14.199999809265137,14.180000305175781,6.008659839630127
11-05-2006,14.050000190734863,14.050000190734863,78500,14.119999885559082,14.0600004196167,5.986520767211914
12-05-2006,13.930000305175781,14.09000015258789,156000,14.09000015258789,13.979999542236328,5.952458381652832
15-05-2006,13.90999984741211,13.989999771118164,112300,14.09000015258789,14.039999961853027,5.978002548217773
16-05-2006,14.010000228881836,14.09000015258789,95300,14.109999656677246,14.0600004196167,5.986520767211914
17-05-2006,13.970000267028809,14.079999923706055,46700,14.079999923706055,13.970000267028809,5.948199272155762
18-05-2006,13.970000267028809,13.970000267028809,48700,14.050000190734863,14.039999961853027,5.978002548217773
19-05-2006,14.029999732971191,14.109999656677246,57000,14.109999656677246,14.050000190734863,5.982262134552002
22-05-2006,14.010000228881836,14.119999885559082,52000,14.119999885559082,14.0600004196167,5.986520767211914
23-05-2006,14.050000190734863,14.100000381469727,54700,14.130000114440918,14.130000114440918,6.016323089599609
24-05-2006,14.0600004196167,14.220000267028809,36600,14.220000267028809,14.140000343322754,6.020578861236572
25-05-2006,14.029999732971191,14.069999694824219,46200,14.109999656677246,14.109999656677246,6.007808685302734
26-05-2006,14.069999694824219,14.210000038146973,32000,14.210000038146973,14.09000015258789,5.999295234680176
30-05-2006,14.039999961853027,14.050000190734863,30800,14.15999984741211,14.109999656677246,6.007808685302734
31-05-2006,14.109999656677246,14.109999656677246,52200,14.229999542236328,14.15999984741211,6.029099941253662
01-06-2006,14.149999618530273,14.15999984741211,64400,14.25,14.210000038146973,6.050389289855957
02-06-2006,14.260000228881836,14.270000457763672,70700,14.430000305175781,14.430000305175781,6.144062042236328
05-06-2006,14.069999694824219,14.329999923706055,183400,14.350000381469727,14.09000015258789,5.999295234680176
06-06-2006,14.010000228881836,14.0600004196167,66000,14.079999923706055,14.079999923706055,5.995031833648682
07-06-2006,13.949999809265137,14.09000015258789,50600,14.100000381469727,13.970000267028809,5.948199272155762
08-06-2006,13.760000228881836,13.949999809265137,115300,13.960000038146973,13.800000190734863,5.875815391540527
09-06-2006,13.779999732971191,13.819999694824219,57800,13.90999984741211,13.819999694824219,5.909165859222412
12-06-2006,13.710000038146973,13.880000114440918,69400,13.880000114440918,13.710000038146973,5.862133026123047
13-06-2006,13.5600004196167,13.710000038146973,106700,13.779999732971191,13.579999923706055,5.806548595428467
14-06-2006,13.510000228881836,13.510000228881836,140500,13.630000114440918,13.550000190734863,5.793719291687012
15-06-2006,13.369999885559082,13.510000228881836,130300,13.569999694824219,13.529999732971191,5.78516960144043
16-06-2006,13.430000305175781,13.550000190734863,63900,13.59000015258789,13.550000190734863,5.793719291687012
19-06-2006,13.5,13.59000015258789,69300,13.640000343322754,13.550000190734863,5.793719291687012
20-06-2006,13.430000305175781,13.59000015258789,87700,13.59000015258789,13.470000267028809,5.759514808654785
21-06-2006,13.420000076293945,13.460000038146973,49200,13.5,13.449999809265137,5.75096321105957
22-06-2006,13.350000381469727,13.520000457763672,54800,13.520000457763672,13.350000381469727,5.708200454711914
23-06-2006,13.25,13.25,76200,13.4399995803833,13.289999961853027,5.682547092437744
26-06-2006,13.210000038146973,13.319999694824219,57100,13.350000381469727,13.289999961853027,5.682547092437744
27-06-2006,13.15999984741211,13.220000267028809,77000,13.289999961853027,13.180000305175781,5.635515213012695
28-06-2006,13.109999656677246,13.279999732971191,101700,13.34000015258789,13.119999885559082,5.60985803604126
29-06-2006,13.130000114440918,13.149999618530273,50600,13.239999771118164,13.239999771118164,5.661171913146973
30-06-2006,13.239999771118164,13.289999961853027,76200,13.350000381469727,13.329999923706055,5.699650764465332
03-07-2006,13.270000457763672,13.34000015258789,55000,13.399999618530273,13.369999885559082,5.71675968170166
05-07-2006,13.229999542236328,13.3100004196167,67000,13.329999923706055,13.3100004196167,5.691100120544434
06-07-2006,13.229999542236328,13.229999542236328,52900,13.369999885559082,13.350000381469727,5.708200454711914
07-07-2006,13.300000190734863,13.34000015258789,72800,13.430000305175781,13.380000114440918,5.721034526824951
10-07-2006,13.3100004196167,13.390000343322754,111800,13.420000076293945,13.420000076293945,5.738132476806641
11-07-2006,13.369999885559082,13.369999885559082,80300,13.470000267028809,13.399999618530273,5.729583263397217
12-07-2006,13.319999694824219,13.470000267028809,73200,13.470000267028809,13.390000343322754,5.725306510925293
13-07-2006,13.279999732971191,13.289999961853027,59900,13.359999656677246,13.279999732971191,5.702975273132324
14-07-2006,13.180000305175781,13.260000228881836,56500,13.279999732971191,13.239999771118164,5.68579626083374
17-07-2006,13.180000305175781,13.25,60600,13.279999732971191,13.25,5.690086364746094
18-07-2006,13.109999656677246,13.260000228881836,115800,13.260000228881836,13.199999809265137,5.668619632720947
19-07-2006,13.199999809265137,13.229999542236328,89600,13.300000190734863,13.300000190734863,5.7115631103515625
20-07-2006,13.229999542236328,13.300000190734863,62100,13.319999694824219,13.300000190734863,5.7115631103515625
21-07-2006,13.239999771118164,13.3100004196167,42400,13.3100004196167,13.279999732971191,5.702975273132324
24-07-2006,13.300000190734863,13.369999885559082,106700,13.380000114440918,13.380000114440918,5.745920658111572
25-07-2006,13.3100004196167,13.350000381469727,87400,13.380000114440918,13.350000381469727,5.733035087585449
26-07-2006,13.329999923706055,13.359999656677246,87800,13.449999809265137,13.399999618530273,5.754506587982178
27-07-2006,13.369999885559082,13.5,128400,13.529999732971191,13.470000267028809,5.784570693969727
28-07-2006,13.470000267028809,13.5600004196167,65200,13.569999694824219,13.520000457763672,5.806040287017822
31-07-2006,13.510000228881836,13.539999961853027,76700,13.600000381469727,13.600000381469727,5.840396404266357
01-08-2006,13.59000015258789,13.619999885559082,115800,13.65999984741211,13.619999885559082,5.848987102508545
02-08-2006,13.600000381469727,13.699999809265137,114300,13.699999809265137,13.649999618530273,5.8618669509887695
03-08-2006,13.619999885559082,13.670000076293945,80300,13.6899995803833,13.6899995803833,5.8790459632873535
04-08-2006,13.720000267028809,13.729999542236328,88800,13.819999694824219,13.800000190734863,5.926286220550537
07-08-2006,13.6899995803833,13.8100004196167,56500,13.8100004196167,13.6899995803833,5.8790459632873535
08-08-2006,13.649999618530273,13.649999618530273,44800,13.789999961853027,13.760000228881836,5.909104824066162
09-08-2006,13.710000038146973,13.779999732971191,38300,13.800000190734863,13.760000228881836,5.909104824066162
10-08-2006,13.65999984741211,13.710000038146973,74800,13.779999732971191,13.720000267028809,5.916868209838867
11-08-2006,13.670000076293945,13.760000228881836,33600,13.770000457763672,13.670000076293945,5.895306587219238
14-08-2006,13.619999885559082,13.75,38200,13.760000228881836,13.640000343322754,5.88237190246582
15-08-2006,13.670000076293945,13.710000038146973,87800,13.739999771118164,13.729999542236328,5.92118501663208
16-08-2006,13.75,13.75,138600,13.829999923706055,13.8100004196167,5.955684185028076
17-08-2006,13.779999732971191,13.819999694824219,63500,13.880000114440918,13.850000381469727,5.972933292388916
18-08-2006,13.850000381469727,13.890000343322754,89000,13.930000305175781,13.890000343322754,5.990185260772705
21-08-2006,13.949999809265137,13.960000038146973,150100,14.100000381469727,14.0600004196167,6.0634965896606445
22-08-2006,13.979999542236328,14.130000114440918,138000,14.130000114440918,14.0600004196167,6.0634965896606445
23-08-2006,14.010000228881836,14.079999923706055,72900,14.079999923706055,14.020000457763672,6.046249866485596
24-08-2006,14.020000457763672,14.029999732971191,125400,14.140000343322754,14.039999961853027,6.054871559143066
25-08-2006,14.020000457763672,14.0600004196167,89600,14.069999694824219,14.069999694824219,6.067811012268066
28-08-2006,14.050000190734863,14.050000190734863,78100,14.119999885559082,14.069999694824219,6.067811012268066
29-08-2006,14.050000190734863,14.0600004196167,130700,14.149999618530273,14.119999885559082,6.08937406539917
30-08-2006,14.09000015258789,14.09000015258789,183800,14.220000267028809,14.149999618530273,6.102311611175537
31-08-2006,14.140000343322754,14.149999618530273,90000,14.210000038146973,14.210000038146973,6.128189563751221
01-09-2006,14.210000038146973,14.289999961853027,84700,14.329999923706055,14.329999923706055,6.179936408996582
05-09-2006,14.260000228881836,14.359999656677246,62600,14.369999885559082,14.329999923706055,6.179936408996582
06-09-2006,14.119999885559082,14.430000305175781,111200,14.4399995803833,14.180000305175781,6.11524772644043
07-09-2006,14.15999984741211,14.1899995803833,67700,14.289999961853027,14.239999771118164,6.141122817993164
08-09-2006,14.220000267028809,14.25,33700,14.289999961853027,14.279999732971191,6.158374786376953
11-09-2006,14.199999809265137,14.270000457763672,74600,14.279999732971191,14.229999542236328,6.136807918548584
12-09-2006,14.199999809265137,14.199999809265137,59500,14.319999694824219,14.270000457763672,6.154062747955322
13-09-2006,14.140000343322754,14.180000305175781,73600,14.25,14.170000076293945,6.135876178741455
14-09-2006,14.140000343322754,14.15999984741211,35600,14.180000305175781,14.149999618530273,6.127214431762695
15-09-2006,14.130000114440918,14.15999984741211,39500,14.180000305175781,14.140000343322754,6.122882843017578
18-09-2006,14.119999885559082,14.149999618530273,57400,14.15999984741211,14.149999618530273,6.127214431762695
19-09-2006,14.020000457763672,14.140000343322754,110200,14.180000305175781,14.079999923706055,6.09690523147583
20-09-2006,14.09000015258789,14.109999656677246,48500,14.149999618530273,14.109999656677246,6.109893321990967
21-09-2006,14.050000190734863,14.119999885559082,93900,14.140000343322754,14.069999694824219,6.092569828033447
22-09-2006,14.069999694824219,14.079999923706055,61400,14.140000343322754,14.140000343322754,6.122882843017578
25-09-2006,14.0600004196167,14.149999618530273,65000,14.180000305175781,14.109999656677246,6.109893321990967
26-09-2006,14.069999694824219,14.140000343322754,59500,14.140000343322754,14.119999885559082,6.114223957061768
27-09-2006,14.140000343322754,14.140000343322754,156000,14.300000190734863,14.260000228881836,6.174848556518555
28-09-2006,14.25,14.289999961853027,63200,14.329999923706055,14.270000457763672,6.179178237915039
29-09-2006,14.25,14.300000190734863,59700,14.350000381469727,14.270000457763672,6.179178237915039
02-10-2006,14.25,14.350000381469727,47100,14.359999656677246,14.260000228881836,6.174848556518555
03-10-2006,14.220000267028809,14.239999771118164,46700,14.300000190734863,14.260000228881836,6.174848556518555
04-10-2006,14.15999984741211,14.34000015258789,81000,14.34000015258789,14.210000038146973,6.15319299697876
05-10-2006,14.0,14.1899995803833,163200,14.270000457763672,14.100000381469727,6.105564117431641
06-10-2006,14.010000228881836,14.029999732971191,59900,14.09000015258789,14.069999694824219,6.092569828033447
09-10-2006,14.0,14.0,42100,14.09000015258789,14.0600004196167,6.088241100311279
10-10-2006,14.020000457763672,14.0600004196167,69900,14.100000381469727,14.050000190734863,6.083913803100586
11-10-2006,14.0,14.09000015258789,99100,14.100000381469727,14.020000457763672,6.070920944213867
12-10-2006,13.920000076293945,13.989999771118164,97300,14.029999732971191,14.0,6.087446689605713
13-10-2006,13.930000305175781,14.050000190734863,152200,14.0600004196167,13.9399995803833,6.061352252960205
16-10-2006,13.920000076293945,13.989999771118164,74300,14.039999961853027,13.949999809265137,6.065705299377441
17-10-2006,13.9399995803833,13.970000267028809,109600,14.100000381469727,13.979999542236328,6.078747272491455
18-10-2006,13.930000305175781,13.979999542236328,72100,14.010000228881836,13.989999771118164,6.083097457885742
19-10-2006,13.949999809265137,13.989999771118164,124700,14.109999656677246,14.09000015258789,6.126576900482178
20-10-2006,14.029999732971191,14.029999732971191,113100,14.15999984741211,14.119999885559082,6.139623641967773
23-10-2006,14.069999694824219,14.079999923706055,95900,14.180000305175781,14.100000381469727,6.130926132202148
24-10-2006,14.050000190734863,14.079999923706055,114900,14.210000038146973,14.170000076293945,6.161362648010254
25-10-2006,14.199999809265137,14.220000267028809,51800,14.289999961853027,14.270000457763672,6.2048468589782715
26-10-2006,14.220000267028809,14.319999694824219,61000,14.359999656677246,14.25,6.19614839553833
27-10-2006,14.229999542236328,14.34000015258789,54900,14.34000015258789,14.300000190734863,6.217889308929443
30-10-2006,14.300000190734863,14.369999885559082,80500,14.430000305175781,14.420000076293945,6.270071029663086
31-10-2006,14.34000015258789,14.399999618530273,106500,14.449999809265137,14.359999656677246,6.243980884552002
01-11-2006,14.329999923706055,14.420000076293945,66600,14.470000267028809,14.460000038146973,6.287464618682861
02-11-2006,14.380000114440918,14.460000038146973,92000,14.520000457763672,14.479999542236328,6.296157360076904
03-11-2006,14.220000267028809,14.630000114440918,101400,14.630000114440918,14.390000343322754,6.2570271492004395
06-11-2006,14.40999984741211,14.489999771118164,66000,14.489999771118164,14.470000267028809,6.291806221008301
07-11-2006,14.40999984741211,14.470000267028809,54300,14.489999771118164,14.460000038146973,6.287464618682861
08-11-2006,14.34000015258789,14.40999984741211,64200,14.470000267028809,14.34000015258789,6.235284805297852
09-11-2006,14.25,14.25,86500,14.40999984741211,14.329999923706055,6.2309370040893555
10-11-2006,14.25,14.25,70400,14.420000076293945,14.34000015258789,6.26062536239624
13-11-2006,14.220000267028809,14.369999885559082,133700,14.380000114440918,14.300000190734863,6.243159770965576
14-11-2006,14.279999732971191,14.289999961853027,89800,14.4399995803833,14.4399995803833,6.304280757904053
15-11-2006,14.319999694824219,14.470000267028809,88800,14.489999771118164,14.34000015258789,6.26062536239624
16-11-2006,14.239999771118164,14.329999923706055,105200,14.40999984741211,14.279999732971191,6.23442268371582
17-11-2006,14.15999984741211,14.220000267028809,86700,14.279999732971191,14.199999809265137,6.199501037597656
20-11-2006,14.199999809265137,14.210000038146973,97900,14.270000457763672,14.210000038146973,6.203865051269531
21-11-2006,14.149999618530273,14.170000076293945,103300,14.270000457763672,14.239999771118164,6.216964244842529
22-11-2006,14.1899995803833,14.1899995803833,78200,14.270000457763672,14.270000457763672,6.230062961578369
24-11-2006,14.199999809265137,14.270000457763672,28700,14.34000015258789,14.279999732971191,6.23442268371582
27-11-2006,14.229999542236328,14.260000228881836,35200,14.289999961853027,14.239999771118164,6.216964244842529
28-11-2006,14.239999771118164,14.329999923706055,115200,14.34000015258789,14.260000228881836,6.225694179534912
29-11-2006,14.260000228881836,14.260000228881836,83400,14.34000015258789,14.300000190734863,6.243159770965576
30-11-2006,14.270000457763672,14.289999961853027,136700,14.399999618530273,14.359999656677246,6.269354820251465
01-12-2006,14.359999656677246,14.420000076293945,80500,14.579999923706055,14.5600004196167,6.356672763824463
04-12-2006,14.510000228881836,14.579999923706055,85300,14.59000015258789,14.550000190734863,6.352304458618164
05-12-2006,14.529999732971191,14.59000015258789,49400,14.59000015258789,14.569999694824219,6.361037731170654
06-12-2006,14.4399995803833,14.579999923706055,75600,14.579999923706055,14.4399995803833,6.304280757904053
07-12-2006,14.3100004196167,14.4399995803833,73500,14.449999809265137,14.329999923706055,6.256256103515625
08-12-2006,14.239999771118164,14.270000457763672,68400,14.359999656677246,14.25,6.221330642700195
11-12-2006,14.25,14.260000228881836,97300,14.300000190734863,14.260000228881836,6.225694179534912
12-12-2006,14.229999542236328,14.289999961853027,84000,14.289999961853027,14.260000228881836,6.225694179534912
13-12-2006,14.079999923706055,14.210000038146973,117100,14.210000038146973,14.079999923706055,6.171346664428711
14-12-2006,14.0,14.0600004196167,174600,14.130000114440918,14.039999961853027,6.153814792633057
15-12-2006,14.010000228881836,14.029999732971191,98300,14.109999656677246,14.020000457763672,6.145045757293701
18-12-2006,14.020000457763672,14.020000457763672,132700,14.079999923706055,14.079999923706055,6.171346664428711
19-12-2006,14.020000457763672,14.039999961853027,123400,14.079999923706055,14.050000190734863,6.158198356628418
20-12-2006,14.020000457763672,14.069999694824219,165200,14.140000343322754,14.020000457763672,6.145045757293701
21-12-2006,14.029999732971191,14.039999961853027,140800,14.09000015258789,14.050000190734863,6.158198356628418
22-12-2006,13.9399995803833,14.069999694824219,126100,14.100000381469727,13.949999809265137,6.1143670082092285
26-12-2006,13.960000038146973,13.960000038146973,94300,14.069999694824219,14.039999961853027,6.153814792633057
27-12-2006,14.0,14.069999694824219,128300,14.079999923706055,14.039999961853027,6.153814792633057
28-12-2006,14.020000457763672,14.050000190734863,98100,14.140000343322754,14.050000190734863,6.158198356628418
29-12-2006,14.050000190734863,14.050000190734863,80300,14.149999618530273,14.140000343322754,6.197641372680664
03-01-2007,14.079999923706055,14.149999618530273,84800,14.25,14.079999923706055,6.171346664428711
04-01-2007,14.050000190734863,14.130000114440918,129800,14.15999984741211,14.15999984741211,6.206414222717285
05-01-2007,14.0600004196167,14.149999618530273,66500,14.199999809265137,14.130000114440918,6.193264484405518
08-01-2007,14.09000015258789,14.15999984741211,50600,14.170000076293945,14.140000343322754,6.197641372680664
09-01-2007,14.109999656677246,14.149999618530273,58000,14.199999809265137,14.149999618530273,6.202028274536133
10-01-2007,14.010000228881836,14.149999618530273,107700,14.180000305175781,14.130000114440918,6.193264484405518
11-01-2007,14.0600004196167,14.09000015258789,72600,14.149999618530273,14.079999923706055,6.195899963378906
12-01-2007,14.0600004196167,14.109999656677246,57600,14.149999618530273,14.09000015258789,6.2002997398376465
16-01-2007,14.079999923706055,14.079999923706055,81400,14.15999984741211,14.119999885559082,6.213503360748291
17-01-2007,14.100000381469727,14.109999656677246,99600,14.180000305175781,14.100000381469727,6.204704761505127
18-01-2007,14.09000015258789,14.140000343322754,56200,14.140000343322754,14.09000015258789,6.2002997398376465
19-01-2007,14.09000015258789,14.109999656677246,31500,14.130000114440918,14.100000381469727,6.204704761505127
22-01-2007,14.100000381469727,14.130000114440918,59300,14.149999618530273,14.109999656677246,6.209100246429443
23-01-2007,14.079999923706055,14.100000381469727,74100,14.130000114440918,14.079999923706055,6.195899963378906
24-01-2007,14.0600004196167,14.09000015258789,58600,14.119999885559082,14.09000015258789,6.2002997398376465
25-01-2007,14.039999961853027,14.100000381469727,116600,14.140000343322754,14.079999923706055,6.195899963378906
26-01-2007,14.09000015258789,14.100000381469727,47500,14.149999618530273,14.100000381469727,6.204704761505127
29-01-2007,14.079999923706055,14.100000381469727,57500,14.149999618530273,14.109999656677246,6.209100246429443
30-01-2007,14.100000381469727,14.100000381469727,73000,14.149999618530273,14.119999885559082,6.213503360748291
31-01-2007,14.079999923706055,14.140000343322754,55600,14.149999618530273,14.100000381469727,6.204704761505127
01-02-2007,14.119999885559082,14.130000114440918,89100,14.199999809265137,14.140000343322754,6.222301959991455
02-02-2007,14.09000015258789,14.109999656677246,84000,14.149999618530273,14.109999656677246,6.209100246429443
05-02-2007,14.100000381469727,14.109999656677246,112200,14.149999618530273,14.109999656677246,6.209100246429443
06-02-2007,14.109999656677246,14.109999656677246,104000,14.15999984741211,14.130000114440918,6.217906475067139
07-02-2007,14.119999885559082,14.130000114440918,66200,14.15999984741211,14.130000114440918,6.217906475067139
08-02-2007,14.109999656677246,14.119999885559082,116800,14.180000305175781,14.149999618530273,6.2267069816589355
09-02-2007,14.109999656677246,14.149999618530273,84100,14.149999618530273,14.130000114440918,6.217906475067139
12-02-2007,14.109999656677246,14.119999885559082,81000,14.180000305175781,14.180000305175781,6.239903450012207
13-02-2007,14.079999923706055,14.119999885559082,117600,14.149999618530273,14.09000015258789,6.224883556365967
14-02-2007,14.079999923706055,14.079999923706055,82100,14.15999984741211,14.119999885559082,6.23814058303833
15-02-2007,14.109999656677246,14.130000114440918,109700,14.180000305175781,14.15999984741211,6.255815505981445
16-02-2007,14.130000114440918,14.149999618530273,100400,14.170000076293945,14.130000114440918,6.24255895614624
20-02-2007,14.09000015258789,14.119999885559082,127100,14.170000076293945,14.09000015258789,6.224883556365967
21-02-2007,14.050000190734863,14.079999923706055,112200,14.119999885559082,14.0600004196167,6.211629867553711
22-02-2007,14.020000457763672,14.079999923706055,133300,14.100000381469727,14.029999732971191,6.19837760925293
23-02-2007,14.029999732971191,14.029999732971191,40000,14.100000381469727,14.09000015258789,6.224883556365967
26-02-2007,14.100000381469727,14.140000343322754,45200,14.15999984741211,14.140000343322754,6.246973037719727
27-02-2007,14.140000343322754,14.140000343322754,63400,14.199999809265137,14.15999984741211,6.255815505981445
28-02-2007,14.149999618530273,14.170000076293945,47700,14.220000267028809,14.170000076293945,6.260231018066406
01-03-2007,14.180000305175781,14.199999809265137,103800,14.260000228881836,14.210000038146973,6.277904510498047
02-03-2007,14.199999809265137,14.210000038146973,78600,14.300000190734863,14.260000228881836,6.299988269805908
05-03-2007,14.140000343322754,14.289999961853027,99100,14.289999961853027,14.289999961853027,6.313246250152588
06-03-2007,14.210000038146973,14.220000267028809,83400,14.350000381469727,14.300000190734863,6.317661762237549
07-03-2007,14.279999732971191,14.319999694824219,25600,14.359999656677246,14.34000015258789,6.335330009460449
08-03-2007,14.319999694824219,14.350000381469727,51800,14.380000114440918,14.329999923706055,6.330915451049805
09-03-2007,14.289999961853027,14.34000015258789,44800,14.350000381469727,14.289999961853027,6.313246250152588
12-03-2007,14.300000190734863,14.300000190734863,51300,14.390000343322754,14.34000015258789,6.335330009460449
13-03-2007,14.270000457763672,14.270000457763672,82700,14.399999618530273,14.329999923706055,6.355738162994385
14-03-2007,14.279999732971191,14.359999656677246,44800,14.390000343322754,14.350000381469727,6.364608287811279
15-03-2007,14.319999694824219,14.380000114440918,68500,14.399999618530273,14.34000015258789,6.360171318054199
16-03-2007,14.270000457763672,14.350000381469727,66000,14.350000381469727,14.279999732971191,6.33355712890625
19-03-2007,14.289999961853027,14.350000381469727,53600,14.350000381469727,14.289999961853027,6.337994575500488
20-03-2007,14.279999732971191,14.329999923706055,34500,14.350000381469727,14.279999732971191,6.33355712890625
21-03-2007,14.260000228881836,14.279999732971191,61200,14.319999694824219,14.279999732971191,6.33355712890625
22-03-2007,14.220000267028809,14.279999732971191,57400,14.300000190734863,14.229999542236328,6.3113861083984375
23-03-2007,14.25,14.279999732971191,37000,14.319999694824219,14.25,6.320257663726807
26-03-2007,14.1899995803833,14.229999542236328,101900,14.329999923706055,14.3100004196167,6.346867084503174
27-03-2007,14.319999694824219,14.350000381469727,61100,14.380000114440918,14.329999923706055,6.355738162994385
28-03-2007,14.3100004196167,14.329999923706055,57600,14.40999984741211,14.380000114440918,6.3779120445251465
29-03-2007,14.369999885559082,14.390000343322754,36300,14.430000305175781,14.390000343322754,6.3823466300964355
30-03-2007,14.359999656677246,14.369999885559082,33300,14.4399995803833,14.369999885559082,6.373475074768066
02-04-2007,14.34000015258789,14.380000114440918,60800,14.399999618530273,14.359999656677246,6.369040012359619
03-04-2007,14.319999694824219,14.350000381469727,61100,14.390000343322754,14.34000015258789,6.360171318054199
04-04-2007,14.199999809265137,14.359999656677246,107400,14.390000343322754,14.279999732971191,6.33355712890625
05-04-2007,14.25,14.300000190734863,82800,14.34000015258789,14.260000228881836,6.3246893882751465
09-04-2007,14.199999809265137,14.260000228881836,62800,14.289999961853027,14.289999961853027,6.337994575500488
10-04-2007,14.25,14.260000228881836,74300,14.369999885559082,14.350000381469727,6.364608287811279
11-04-2007,14.319999694824219,14.329999923706055,49800,14.399999618530273,14.350000381469727,6.364608287811279
12-04-2007,14.300000190734863,14.3100004196167,57800,14.350000381469727,14.3100004196167,6.371731281280518
13-04-2007,14.260000228881836,14.3100004196167,73200,14.359999656677246,14.270000457763672,6.3539204597473145
16-04-2007,14.199999809265137,14.300000190734863,56300,14.319999694824219,14.210000038146973,6.327205657958984
17-04-2007,14.180000305175781,14.210000038146973,105400,14.279999732971191,14.25,6.34501838684082
18-04-2007,14.220000267028809,14.229999542236328,86400,14.329999923706055,14.260000228881836,6.349468231201172
19-04-2007,14.25,14.25,56400,14.300000190734863,14.300000190734863,6.367281436920166
20-04-2007,14.279999732971191,14.34000015258789,37400,14.34000015258789,14.300000190734863,6.367281436920166
23-04-2007,14.300000190734863,14.300000190734863,52700,14.359999656677246,14.3100004196167,6.371731281280518
24-04-2007,14.3100004196167,14.350000381469727,64800,14.390000343322754,14.34000015258789,6.385087966918945
25-04-2007,14.300000190734863,14.3100004196167,23200,14.350000381469727,14.3100004196167,6.371731281280518
26-04-2007,14.270000457763672,14.329999923706055,69400,14.329999923706055,14.270000457763672,6.3539204597473145
27-04-2007,14.279999732971191,14.279999732971191,68600,14.319999694824219,14.279999732971191,6.358369827270508
30-04-2007,14.279999732971191,14.4399995803833,55500,14.4399995803833,14.329999923706055,6.380638599395752
01-05-2007,14.279999732971191,14.319999694824219,105800,14.350000381469727,14.289999961853027,6.362825870513916
02-05-2007,14.279999732971191,14.300000190734863,50700,14.329999923706055,14.3100004196167,6.371731281280518
03-05-2007,14.300000190734863,14.329999923706055,83300,14.390000343322754,14.350000381469727,6.389543056488037
04-05-2007,14.34000015258789,14.34000015258789,55200,14.399999618530273,14.399999618530273,6.411806106567383
07-05-2007,14.359999656677246,14.40999984741211,66100,14.430000305175781,14.390000343322754,6.407350540161133
08-05-2007,14.329999923706055,14.420000076293945,148700,14.430000305175781,14.329999923706055,6.380638599395752
09-05-2007,14.300000190734863,14.319999694824219,92000,14.359999656677246,14.329999923706055,6.380638599395752
10-05-2007,14.319999694824219,14.34000015258789,50100,14.390000343322754,14.34000015258789,6.385087966918945
11-05-2007,14.260000228881836,14.260000228881836,47500,14.319999694824219,14.300000190734863,6.392242908477783
14-05-2007,14.270000457763672,14.289999961853027,88900,14.329999923706055,14.279999732971191,6.383299350738525
15-05-2007,14.25,14.3100004196167,60500,14.319999694824219,14.279999732971191,6.383299350738525
16-05-2007,14.260000228881836,14.260000228881836,38300,14.319999694824219,14.279999732971191,6.383299350738525
17-05-2007,14.270000457763672,14.289999961853027,61600,14.319999694824219,14.300000190734863,6.392242908477783
18-05-2007,14.260000228881836,14.300000190734863,45600,14.3100004196167,14.260000228881836,6.37436580657959
21-05-2007,14.220000267028809,14.260000228881836,84200,14.350000381469727,14.220000267028809,6.356478691101074
22-05-2007,14.170000076293945,14.260000228881836,60100,14.270000457763672,14.170000076293945,6.334129333496094
23-05-2007,14.0600004196167,14.149999618530273,82100,14.220000267028809,14.119999885559082,6.3117804527282715
24-05-2007,14.050000190734863,14.050000190734863,102600,14.149999618530273,14.079999923706055,6.293895721435547
25-05-2007,14.069999694824219,14.119999885559082,33400,14.15999984741211,14.09000015258789,6.298369407653809
29-05-2007,14.0600004196167,14.0600004196167,123000,14.149999618530273,14.079999923706055,6.293895721435547
30-05-2007,14.050000190734863,14.09000015258789,80200,14.109999656677246,14.079999923706055,6.293895721435547
31-05-2007,14.0600004196167,14.100000381469727,50500,14.109999656677246,14.079999923706055,6.293895721435547
01-06-2007,14.020000457763672,14.109999656677246,105900,14.130000114440918,14.039999961853027,6.27601957321167
04-06-2007,14.020000457763672,14.029999732971191,110900,14.09000015258789,14.050000190734863,6.280488014221191
05-06-2007,13.979999542236328,14.0600004196167,92000,14.0600004196167,13.979999542236328,6.249195098876953
06-06-2007,13.930000305175781,13.979999542236328,76100,14.0,13.979999542236328,6.249195098876953
07-06-2007,13.8100004196167,13.949999809265137,86900,13.949999809265137,13.8100004196167,6.173208713531494
08-06-2007,13.729999542236328,13.800000190734863,287300,13.989999771118164,13.9399995803833,6.231315612792969
11-06-2007,13.880000114440918,13.9399995803833,139900,13.979999542236328,13.9399995803833,6.231315612792969
12-06-2007,13.770000457763672,13.9399995803833,139600,13.9399995803833,13.819999694824219,6.177674293518066
13-06-2007,13.770000457763672,13.779999732971191,135100,13.880000114440918,13.829999923706055,6.207297325134277
14-06-2007,13.75,13.829999923706055,90700,13.859999656677246,13.789999961853027,6.1893486976623535
15-06-2007,13.729999542236328,13.859999656677246,58700,13.859999656677246,13.8100004196167,6.19832181930542
18-06-2007,13.729999542236328,13.8100004196167,105300,13.84000015258789,13.75,6.171390533447266
19-06-2007,13.619999885559082,13.65999984741211,159000,13.760000228881836,13.680000305175781,6.1399736404418945
20-06-2007,13.609999656677246,13.680000305175781,112400,13.6899995803833,13.619999885559082,6.113045692443848
21-06-2007,13.5600004196167,13.609999656677246,83600,13.699999809265137,13.65999984741211,6.130995750427246
22-06-2007,13.609999656677246,13.630000114440918,43600,13.710000038146973,13.640000343322754,6.1220245361328125
25-06-2007,13.510000228881836,13.649999618530273,136200,13.699999809265137,13.520000457763672,6.068161964416504
26-06-2007,13.489999771118164,13.539999961853027,99400,13.539999961853027,13.5,6.0591864585876465
27-06-2007,13.489999771118164,13.510000228881836,69000,13.59000015258789,13.5600004196167,6.086113929748535
28-06-2007,13.539999961853027,13.579999923706055,70800,13.680000305175781,13.649999618530273,6.126504898071289
29-06-2007,13.649999618530273,13.649999618530273,113100,13.729999542236328,13.699999809265137,6.148953437805176
02-07-2007,13.6899995803833,13.729999542236328,54500,13.729999542236328,13.720000267028809,6.157926082611084
03-07-2007,13.65999984741211,13.729999542236328,64700,13.729999542236328,13.699999809265137,6.148953437805176
05-07-2007,13.579999923706055,13.6899995803833,88500,13.6899995803833,13.609999656677246,6.108553886413574
06-07-2007,13.539999961853027,13.569999694824219,119000,13.600000381469727,13.5600004196167,6.086113929748535
09-07-2007,13.529999732971191,13.539999961853027,92800,13.609999656677246,13.5600004196167,6.086113929748535
10-07-2007,13.539999961853027,13.539999961853027,126000,13.609999656677246,13.579999923706055,6.095089435577393
11-07-2007,13.529999732971191,13.569999694824219,124200,13.630000114440918,13.5600004196167,6.086113929748535
12-07-2007,13.460000038146973,13.489999771118164,51100,13.550000190734863,13.470000267028809,6.070792198181152
13-07-2007,13.40999984741211,13.40999984741211,113600,13.520000457763672,13.40999984741211,6.043752670288086
16-07-2007,13.40999984741211,13.420000076293945,118000,13.59000015258789,13.460000038146973,6.066284656524658
17-07-2007,13.300000190734863,13.420000076293945,106400,13.460000038146973,13.380000114440918,6.030228614807129
18-07-2007,13.380000114440918,13.420000076293945,62200,13.470000267028809,13.4399995803833,6.057270050048828
19-07-2007,13.390000343322754,13.4399995803833,177400,13.59000015258789,13.5600004196167,6.111352920532227
20-07-2007,13.510000228881836,13.640000343322754,146900,13.699999809265137,13.5600004196167,6.111352920532227
23-07-2007,13.5600004196167,13.5600004196167,61000,13.699999809265137,13.600000381469727,6.129383563995361
24-07-2007,13.5600004196167,13.609999656677246,82500,13.680000305175781,13.5600004196167,6.111352920532227
25-07-2007,13.489999771118164,13.59000015258789,155500,13.649999618530273,13.5,6.0843119621276855
26-07-2007,13.359999656677246,13.5,51500,13.510000228881836,13.40999984741211,6.043752670288086
27-07-2007,13.4399995803833,13.479999542236328,69500,13.649999618530273,13.5600004196167,6.111352920532227
30-07-2007,13.510000228881836,13.510000228881836,116800,13.680000305175781,13.600000381469727,6.129383563995361
31-07-2007,13.569999694824219,13.609999656677246,43100,13.640000343322754,13.59000015258789,6.12487268447876
01-08-2007,13.550000190734863,13.600000381469727,107400,13.65999984741211,13.600000381469727,6.129383563995361
02-08-2007,13.569999694824219,13.600000381469727,158400,13.699999809265137,13.619999885559082,6.138393878936768
03-08-2007,13.550000190734863,13.6899995803833,46600,13.6899995803833,13.550000190734863,6.106845378875732
06-08-2007,13.520000457763672,13.569999694824219,71400,13.600000381469727,13.520000457763672,6.093326568603516
07-08-2007,13.380000114440918,13.380000114440918,68700,13.529999732971191,13.529999732971191,6.097833156585693
08-08-2007,13.479999542236328,13.520000457763672,70400,13.5600004196167,13.479999542236328,6.07529878616333
09-08-2007,13.380000114440918,13.449999809265137,106500,13.470000267028809,13.380000114440918,6.030228614807129
10-08-2007,13.180000305175781,13.390000343322754,91300,13.420000076293945,13.380000114440918,6.030228614807129
13-08-2007,13.300000190734863,13.319999694824219,54900,13.510000228881836,13.3100004196167,6.023895263671875
14-08-2007,13.289999961853027,13.3100004196167,118600,13.390000343322754,13.319999694824219,6.028420448303223
15-08-2007,13.149999618530273,13.319999694824219,72000,13.319999694824219,13.170000076293945,5.960530757904053
16-08-2007,12.850000381469727,13.199999809265137,155300,13.199999809265137,12.960000038146973,5.865492343902588
17-08-2007,13.050000190734863,13.199999809265137,114900,13.25,13.130000114440918,5.942427158355713
20-08-2007,12.960000038146973,13.15999984741211,119400,13.239999771118164,13.069999694824219,5.915273666381836
21-08-2007,13.020000457763672,13.09000015258789,77700,13.130000114440918,13.029999732971191,5.897171974182129
22-08-2007,13.039999961853027,13.069999694824219,61400,13.220000267028809,13.100000381469727,5.9288530349731445
23-08-2007,13.069999694824219,13.100000381469727,78600,13.260000228881836,13.130000114440918,5.942427158355713
24-08-2007,13.0600004196167,13.069999694824219,61000,13.149999618530273,13.100000381469727,5.9288530349731445
27-08-2007,13.029999732971191,13.1899995803833,121700,13.210000038146973,13.029999732971191,5.897171974182129
28-08-2007,12.90999984741211,13.010000228881836,159500,13.100000381469727,12.930000305175781,5.851912021636963
29-08-2007,12.970000267028809,12.970000267028809,108600,13.15999984741211,13.140000343322754,5.946953773498535
30-08-2007,13.140000343322754,13.15999984741211,140100,13.279999732971191,13.260000228881836,6.001266002655029
31-08-2007,13.1899995803833,13.34000015258789,96700,13.390000343322754,13.239999771118164,5.992213249206543
04-09-2007,13.15999984741211,13.300000190734863,129800,13.34000015258789,13.210000038146973,5.978634357452393
05-09-2007,13.15999984741211,13.170000076293945,86400,13.359999656677246,13.300000190734863,6.019366264343262
06-09-2007,13.289999961853027,13.399999618530273,116200,13.5,13.380000114440918,6.055572509765625
07-09-2007,13.390000343322754,13.399999618530273,81300,13.600000381469727,13.510000228881836,6.114412307739258
10-09-2007,13.5600004196167,13.59000015258789,90000,13.789999961853027,13.729999542236328,6.213977336883545
11-09-2007,13.710000038146973,13.710000038146973,80600,13.850000381469727,13.829999923706055,6.259238243103027
12-09-2007,13.710000038146973,13.739999771118164,64900,13.800000190734863,13.75,6.248330593109131
13-09-2007,13.550000190734863,13.729999542236328,85600,13.789999961853027,13.5600004196167,6.161993503570557
14-09-2007,13.489999771118164,13.489999771118164,50900,13.640000343322754,13.510000228881836,6.139271259307861
17-09-2007,13.390000343322754,13.609999656677246,88600,13.609999656677246,13.470000267028809,6.121093273162842
18-09-2007,13.430000305175781,13.4399995803833,69200,13.609999656677246,13.550000190734863,6.157444000244141
19-09-2007,13.529999732971191,13.550000190734863,88000,13.619999885559082,13.529999732971191,6.148358345031738
20-09-2007,13.40999984741211,13.539999961853027,53500,13.59000015258789,13.40999984741211,6.093830108642578
21-09-2007,13.369999885559082,13.369999885559082,79500,13.539999961853027,13.4399995803833,6.107458114624023
24-09-2007,13.34000015258789,13.399999618530273,79700,13.5,13.380000114440918,6.0801920890808105
25-09-2007,13.25,13.350000381469727,68200,13.420000076293945,13.350000381469727,6.066563129425049
26-09-2007,13.279999732971191,13.390000343322754,56700,13.420000076293945,13.359999656677246,6.071104526519775
27-09-2007,13.3100004196167,13.3100004196167,83800,13.420000076293945,13.390000343322754,6.084737777709961
28-09-2007,13.390000343322754,13.4399995803833,56100,13.460000038146973,13.4399995803833,6.107458114624023
01-10-2007,13.40999984741211,13.470000267028809,69900,13.479999542236328,13.460000038146973,6.116546154022217
02-10-2007,13.40999984741211,13.470000267028809,74000,13.479999542236328,13.449999809265137,6.112003803253174
03-10-2007,13.449999809265137,13.449999809265137,117600,13.59000015258789,13.550000190734863,6.157444000244141
04-10-2007,13.4399995803833,13.470000267028809,99300,13.550000190734863,13.489999771118164,6.130182266235352
05-10-2007,13.40999984741211,13.449999809265137,56200,13.5,13.449999809265137,6.112003803253174
08-10-2007,13.369999885559082,13.369999885559082,64300,13.569999694824219,13.529999732971191,6.148358345031738
09-10-2007,13.460000038146973,13.479999542236328,46800,13.59000015258789,13.520000457763672,6.143813133239746
10-10-2007,13.399999618530273,13.4399995803833,65600,13.680000305175781,13.449999809265137,6.112003803253174
11-10-2007,13.300000190734863,13.369999885559082,99200,13.390000343322754,13.300000190734863,6.069108963012695
12-10-2007,13.300000190734863,13.3100004196167,46500,13.390000343322754,13.300000190734863,6.069108963012695
15-10-2007,13.239999771118164,13.279999732971191,80100,13.390000343322754,13.239999771118164,6.041731834411621
16-10-2007,13.15999984741211,13.239999771118164,91500,13.300000190734863,13.170000076293945,6.009785175323486
17-10-2007,13.180000305175781,13.220000267028809,91800,13.329999923706055,13.300000190734863,6.069108963012695
18-10-2007,13.319999694824219,13.329999923706055,66700,13.449999809265137,13.430000305175781,6.1284308433532715
19-10-2007,13.350000381469727,13.4399995803833,87600,13.470000267028809,13.399999618530273,6.114740371704102
22-10-2007,13.380000114440918,13.380000114440918,33500,13.5,13.420000076293945,6.123865604400635
23-10-2007,13.420000076293945,13.5,59400,13.539999961853027,13.520000457763672,6.169501781463623
24-10-2007,13.180000305175781,13.390000343322754,270500,13.399999618530273,13.180000305175781,6.014352321624756
25-10-2007,12.829999923706055,13.170000076293945,443500,13.210000038146973,12.930000305175781,5.900270462036133
26-10-2007,12.84000015258789,12.970000267028809,698900,12.970000267028809,12.899999618530273,5.8865814208984375
29-10-2007,12.829999923706055,12.90999984741211,445000,12.970000267028809,12.920000076293945,5.895705223083496
30-10-2007,12.920000076293945,12.930000305175781,179400,13.0600004196167,12.979999542236328,5.923085689544678
31-10-2007,12.979999542236328,12.979999542236328,73600,13.069999694824219,13.039999961853027,5.950466156005859
01-11-2007,12.949999809265137,12.970000267028809,150700,13.09000015258789,13.050000190734863,5.955028533935547
02-11-2007,13.029999732971191,13.039999961853027,103900,13.09000015258789,13.039999961853027,5.950466156005859
05-11-2007,12.829999923706055,12.829999923706055,136500,13.039999961853027,13.0,5.93221378326416
06-11-2007,12.960000038146973,13.0,175100,13.039999961853027,12.979999542236328,5.923085689544678
07-11-2007,12.829999923706055,12.9399995803833,116500,12.979999542236328,12.829999923706055,5.854637145996094
08-11-2007,12.630000114440918,13.050000190734863,150900,13.050000190734863,12.729999542236328,5.809004306793213
09-11-2007,12.640000343322754,12.770000457763672,90900,12.779999732971191,12.649999618530273,5.772496700286865
12-11-2007,12.470000267028809,12.5600004196167,156700,12.600000381469727,12.510000228881836,5.708615779876709
13-11-2007,12.430000305175781,12.550000190734863,132300,12.670000076293945,12.430000305175781,5.6976141929626465
14-11-2007,12.239999771118164,12.239999771118164,246100,12.399999618530273,12.300000190734863,5.638027191162109
15-11-2007,12.199999809265137,12.34000015258789,189300,12.34000015258789,12.270000457763672,5.62427282333374
16-11-2007,12.100000381469727,12.25,294400,12.300000190734863,12.229999542236328,5.6059370040893555
19-11-2007,12.180000305175781,12.239999771118164,259300,12.479999542236328,12.390000343322754,5.679276943206787
20-11-2007,12.300000190734863,12.329999923706055,248300,12.6899995803833,12.600000381469727,5.775539398193359
21-11-2007,12.600000381469727,12.75,161600,12.930000305175781,12.640000343322754,5.793871879577637
23-11-2007,12.630000114440918,12.65999984741211,49600,12.770000457763672,12.630000114440918,5.78928804397583
26-11-2007,12.489999771118164,12.770000457763672,213500,12.770000457763672,12.569999694824219,5.761786937713623
27-11-2007,12.449999809265137,12.539999961853027,182300,12.65999984741211,12.449999809265137,5.706780910491943
28-11-2007,12.4399995803833,12.4399995803833,285000,12.850000381469727,12.800000190734863,5.867213249206543
29-11-2007,12.699999809265137,12.699999809265137,174200,12.800000190734863,12.75,5.844290733337402
30-11-2007,12.710000038146973,12.760000228881836,161100,12.850000381469727,12.770000457763672,5.853459358215332
03-12-2007,12.720000267028809,12.75,190600,12.880000114440918,12.729999542236328,5.835122585296631
04-12-2007,12.5600004196167,12.5600004196167,199500,12.899999618530273,12.850000381469727,5.89013147354126
05-12-2007,12.829999923706055,12.920000076293945,267800,13.0,12.960000038146973,5.940550804138184
06-12-2007,12.960000038146973,12.979999542236328,249600,13.170000076293945,13.079999923706055,5.9955596923828125
07-12-2007,13.010000228881836,13.09000015258789,193800,13.130000114440918,13.050000190734863,5.9818034172058105
10-12-2007,12.970000267028809,13.0,213600,13.069999694824219,13.020000457763672,5.968051910400391
11-12-2007,12.970000267028809,13.0,174000,13.069999694824219,13.029999732971191,5.972640514373779
12-12-2007,12.890000343322754,12.960000038146973,245100,13.09000015258789,12.989999771118164,5.980003833770752
13-12-2007,12.600000381469727,12.979999542236328,405500,12.979999542236328,12.65999984741211,5.828086853027344
14-12-2007,12.489999771118164,12.489999771118164,221900,12.720000267028809,12.649999618530273,5.82348108291626
17-12-2007,12.569999694824219,12.569999694824219,252800,12.779999732971191,12.59000015258789,5.795862674713135
18-12-2007,12.539999961853027,12.649999618530273,293900,12.6899995803833,12.5600004196167,5.7820515632629395
19-12-2007,12.479999542236328,12.529999732971191,307100,12.640000343322754,12.529999732971191,5.768242835998535
20-12-2007,12.420000076293945,12.529999732971191,307800,12.59000015258789,12.520000457763672,5.7636399269104
21-12-2007,12.4399995803833,12.529999732971191,298900,12.579999923706055,12.489999771118164,5.7498250007629395
24-12-2007,12.460000038146973,12.5,143700,12.710000038146973,12.670000076293945,5.832691669464111
26-12-2007,12.529999732971191,12.680000305175781,331400,12.770000457763672,12.529999732971191,5.768242835998535
27-12-2007,12.470000267028809,12.5,303800,12.65999984741211,12.609999656677246,5.805069446563721
28-12-2007,12.539999961853027,12.550000190734863,401800,12.699999809265137,12.65999984741211,5.828086853027344
31-12-2007,12.600000381469727,12.699999809265137,421900,12.75,12.699999809265137,5.846500873565674
02-01-2008,12.6899995803833,12.6899995803833,156100,12.970000267028809,12.970000267028809,5.970799922943115
03-01-2008,12.930000305175781,12.960000038146973,183300,13.270000457763672,13.149999618530273,6.053659915924072
04-01-2008,13.1899995803833,13.34000015258789,216800,13.390000343322754,13.319999694824219,6.131920337677002
07-01-2008,13.319999694824219,13.40999984741211,152800,13.420000076293945,13.359999656677246,6.150335788726807
08-01-2008,13.369999885559082,13.369999885559082,250800,13.520000457763672,13.489999771118164,6.210180759429932
09-01-2008,13.380000114440918,13.5,153900,13.550000190734863,13.489999771118164,6.210180759429932
10-01-2008,13.430000305175781,13.510000228881836,140500,13.600000381469727,13.569999694824219,6.247011184692383
11-01-2008,13.550000190734863,13.59000015258789,137600,13.670000076293945,13.640000343322754,6.279233932495117
14-01-2008,13.640000343322754,13.680000305175781,175700,13.710000038146973,13.699999809265137,6.306855201721191
15-01-2008,13.670000076293945,13.75,189700,13.779999732971191,13.699999809265137,6.306855201721191
16-01-2008,13.699999809265137,13.770000457763672,112000,13.770000457763672,13.729999542236328,6.320664405822754
17-01-2008,13.550000190734863,13.710000038146973,211000,13.710000038146973,13.600000381469727,6.286462306976318
18-01-2008,13.260000228881836,13.569999694824219,243900,13.59000015258789,13.329999923706055,6.161655902862549
22-01-2008,13.010000228881836,13.079999923706055,188400,13.529999732971191,13.460000038146973,6.221746444702148
23-01-2008,13.380000114440918,13.380000114440918,129200,13.619999885559082,13.520000457763672,6.249481678009033
24-01-2008,13.5,13.520000457763672,136500,13.609999656677246,13.59000015258789,6.281836986541748
25-01-2008,13.479999542236328,13.579999923706055,176300,13.59000015258789,13.5600004196167,6.267970085144043
28-01-2008,13.399999618530273,13.489999771118164,156400,13.550000190734863,13.449999809265137,6.217127323150635
29-01-2008,13.460000038146973,13.5,149600,13.550000190734863,13.550000190734863,6.26334810256958
30-01-2008,13.449999809265137,13.539999961853027,227400,13.5600004196167,13.489999771118164,6.235612869262695
31-01-2008,13.420000076293945,13.489999771118164,130700,13.520000457763672,13.479999542236328,6.230994701385498
01-02-2008,13.40999984741211,13.479999542236328,160800,13.5600004196167,13.460000038146973,6.221746444702148
04-02-2008,13.380000114440918,13.470000267028809,106200,13.520000457763672,13.380000114440918,6.184770584106445
05-02-2008,13.329999923706055,13.329999923706055,131600,13.5,13.470000267028809,6.226373672485352
06-02-2008,13.399999618530273,13.5,283900,13.520000457763672,13.4399995803833,6.212502479553223
07-02-2008,13.390000343322754,13.390000343322754,156400,13.520000457763672,13.449999809265137,6.217127323150635
08-02-2008,13.460000038146973,13.569999694824219,146800,13.569999694824219,13.5,6.240235805511475
11-02-2008,13.4399995803833,13.539999961853027,170200,13.5600004196167,13.489999771118164,6.235612869262695
12-02-2008,13.420000076293945,13.420000076293945,268000,13.65999984741211,13.59000015258789,6.281836986541748
13-02-2008,13.0,13.579999923706055,351000,13.59000015258789,13.09000015258789,6.075756072998047
14-02-2008,12.600000381469727,12.9399995803833,318100,12.9399995803833,12.630000114440918,5.862242698669434
15-02-2008,12.40999984741211,12.550000190734863,280100,12.619999885559082,12.579999923706055,5.8390374183654785
19-02-2008,12.609999656677246,12.619999885559082,239200,13.010000228881836,12.970000267028809,6.020056247711182
20-02-2008,12.850000381469727,12.90999984741211,188400,12.979999542236328,12.920000076293945,5.996850967407227
21-02-2008,12.720000267028809,12.949999809265137,133400,12.949999809265137,12.84000015258789,5.959717750549316
22-02-2008,12.630000114440918,12.819999694824219,150600,12.84000015258789,12.75,5.91794490814209
25-02-2008,12.75,12.75,117900,12.979999542236328,12.899999618530273,5.98756217956543
26-02-2008,12.84000015258789,12.90999984741211,160000,12.9399995803833,12.899999618530273,5.98756217956543
27-02-2008,12.710000038146973,12.869999885559082,127700,12.890000343322754,12.75,5.91794490814209
28-02-2008,12.380000114440918,12.680000305175781,213900,12.699999809265137,12.420000076293945,5.764773845672607
29-02-2008,12.09000015258789,12.329999923706055,328000,12.329999923706055,12.199999809265137,5.662655353546143
03-03-2008,12.0600004196167,12.0600004196167,354100,12.300000190734863,12.300000190734863,5.709074020385742
04-03-2008,12.289999961853027,12.300000190734863,164200,12.40999984741211,12.399999618530273,5.755493640899658
05-03-2008,12.520000457763672,12.520000457763672,178800,12.729999542236328,12.710000038146973,5.899375915527344
06-03-2008,12.600000381469727,12.699999809265137,114600,12.779999732971191,12.640000343322754,5.866888046264648
07-03-2008,12.550000190734863,12.600000381469727,143300,12.770000457763672,12.609999656677246,5.852961540222168
10-03-2008,12.59000015258789,12.65999984741211,174900,12.760000228881836,12.640000343322754,5.866888046264648
11-03-2008,12.529999732971191,12.8100004196167,102000,12.8100004196167,12.59000015258789,5.843682289123535
12-03-2008,12.34000015258789,12.600000381469727,120000,12.649999618530273,12.359999656677246,5.762551784515381
13-03-2008,12.180000305175781,12.239999771118164,169000,12.350000381469727,12.279999732971191,5.7252583503723145
14-03-2008,12.109999656677246,12.3100004196167,108300,12.319999694824219,12.140000343322754,5.659986972808838
17-03-2008,11.9399995803833,12.050000190734863,195600,12.140000343322754,11.9399995803833,5.566740989685059
18-03-2008,11.949999809265137,11.949999809265137,180400,12.220000267028809,12.15999984741211,5.669312000274658
19-03-2008,12.119999885559082,12.289999961853027,57500,12.289999961853027,12.15999984741211,5.669312000274658
20-03-2008,12.050000190734863,12.050000190734863,205000,12.239999771118164,12.1899995803833,5.683297157287598
24-03-2008,12.1899995803833,12.210000038146973,169300,12.319999694824219,12.270000457763672,5.7205939292907715
25-03-2008,12.199999809265137,12.289999961853027,112600,12.289999961853027,12.239999771118164,5.706606864929199
26-03-2008,12.220000267028809,12.25,132000,12.40999984741211,12.329999923706055,5.748569488525391
27-03-2008,12.319999694824219,12.319999694824219,102400,12.399999618530273,12.350000381469727,5.757894515991211
28-03-2008,12.34000015258789,12.399999618530273,71300,12.4399995803833,12.390000343322754,5.776541709899902
31-03-2008,12.260000228881836,12.359999656677246,125900,12.449999809265137,12.40999984741211,5.785863399505615
01-04-2008,12.40999984741211,12.420000076293945,134700,12.489999771118164,12.460000038146973,5.809177398681641
02-04-2008,12.40999984741211,12.430000305175781,103100,12.5600004196167,12.520000457763672,5.837152004241943
03-04-2008,12.5,12.5,108900,12.670000076293945,12.59000015258789,5.869791030883789
04-04-2008,12.5,12.640000343322754,102200,12.640000343322754,12.569999694824219,5.8604631423950195
07-04-2008,12.529999732971191,12.569999694824219,91600,12.6899995803833,12.670000076293945,5.907085418701172
08-04-2008,12.59000015258789,12.609999656677246,84200,12.6899995803833,12.630000114440918,5.888433456420898
09-04-2008,12.609999656677246,12.619999885559082,92700,12.760000228881836,12.739999771118164,5.939723968505859
10-04-2008,12.75,12.960000038146973,151100,12.960000038146973,12.789999961853027,5.9630303382873535
11-04-2008,12.65999984741211,12.6899995803833,77900,12.850000381469727,12.760000228881836,5.975207328796387
14-04-2008,12.760000228881836,12.800000190734863,66800,12.899999618530273,12.859999656677246,6.022036552429199
15-04-2008,12.770000457763672,12.850000381469727,68500,12.880000114440918,12.880000114440918,6.031402111053467
16-04-2008,12.829999923706055,12.850000381469727,104900,12.899999618530273,12.899999618530273,6.040766716003418
17-04-2008,12.800000190734863,12.890000343322754,73300,12.899999618530273,12.880000114440918,6.031402111053467
18-04-2008,12.819999694824219,12.859999656677246,73000,12.989999771118164,12.989999771118164,6.082907199859619
21-04-2008,12.859999656677246,12.989999771118164,67500,12.989999771118164,12.880000114440918,6.031402111053467
22-04-2008,12.850000381469727,12.850000381469727,70500,12.949999809265137,12.9399995803833,6.059496879577637
23-04-2008,12.880000114440918,12.880000114440918,55400,12.970000267028809,12.930000305175781,6.0548176765441895
24-04-2008,12.8100004196167,12.970000267028809,113900,12.979999542236328,12.899999618530273,6.040766716003418
25-04-2008,12.869999885559082,12.970000267028809,61100,12.979999542236328,12.920000076293945,6.0501322746276855
28-04-2008,12.829999923706055,12.989999771118164,127400,12.989999771118164,12.880000114440918,6.031402111053467
29-04-2008,12.75,12.899999618530273,103800,12.930000305175781,12.84000015258789,6.012673377990723
30-04-2008,12.819999694824219,12.859999656677246,131800,12.970000267028809,12.90999984741211,6.0454511642456055
01-05-2008,12.899999618530273,12.930000305175781,97200,12.960000038146973,12.960000038146973,6.068861484527588
02-05-2008,12.880000114440918,12.880000114440918,108200,13.09000015258789,13.09000015258789,6.129742622375488
05-05-2008,13.029999732971191,13.09000015258789,107000,13.260000228881836,13.109999656677246,6.139105319976807
06-05-2008,13.029999732971191,13.109999656677246,77100,13.119999885559082,13.0600004196167,6.115689754486084
07-05-2008,13.029999732971191,13.029999732971191,92900,13.170000076293945,13.079999923706055,6.12505578994751
08-05-2008,13.050000190734863,13.069999694824219,116200,13.149999618530273,13.079999923706055,6.12505578994751
09-05-2008,13.079999923706055,13.130000114440918,67900,13.170000076293945,13.130000114440918,6.14846658706665
12-05-2008,13.130000114440918,13.229999542236328,95500,13.239999771118164,13.170000076293945,6.1671977043151855
13-05-2008,13.0,13.09000015258789,101400,13.170000076293945,13.0,6.113590717315674
14-05-2008,12.989999771118164,13.039999961853027,85300,13.09000015258789,13.029999732971191,6.127697944641113
15-05-2008,13.029999732971191,13.130000114440918,61900,13.140000343322754,13.109999656677246,6.165318489074707
16-05-2008,13.050000190734863,13.100000381469727,54800,13.170000076293945,13.140000343322754,6.179429531097412
19-05-2008,13.029999732971191,13.140000343322754,211900,13.170000076293945,13.100000381469727,6.160618782043457
20-05-2008,13.100000381469727,13.100000381469727,120800,13.270000457763672,13.260000228881836,6.235857009887695
21-05-2008,13.199999809265137,13.260000228881836,110700,13.300000190734863,13.229999542236328,6.2217535972595215
22-05-2008,13.15999984741211,13.1899995803833,68900,13.25,13.199999809265137,6.207642555236816
23-05-2008,13.109999656677246,13.119999885559082,72900,13.229999542236328,13.180000305175781,6.198240280151367
27-05-2008,13.149999618530273,13.149999618530273,127300,13.25,13.180000305175781,6.198240280151367
28-05-2008,13.100000381469727,13.149999618530273,165200,13.180000305175781,13.15999984741211,6.188832759857178
29-05-2008,13.130000114440918,13.149999618530273,115700,13.1899995803833,13.149999618530273,6.184124946594238
30-05-2008,12.979999542236328,13.109999656677246,131900,13.199999809265137,13.029999732971191,6.127697944641113
02-06-2008,13.029999732971191,13.079999923706055,76000,13.170000076293945,13.130000114440918,6.174727439880371
03-06-2008,13.0600004196167,13.100000381469727,101100,13.1899995803833,13.1899995803833,6.20294189453125
04-06-2008,13.029999732971191,13.199999809265137,140700,13.199999809265137,13.050000190734863,6.137105941772461
05-06-2008,13.050000190734863,13.050000190734863,64600,13.15999984741211,13.15999984741211,6.188832759857178
06-06-2008,13.050000190734863,13.09000015258789,69600,13.149999618530273,13.050000190734863,6.137105941772461
09-06-2008,13.039999961853027,13.050000190734863,71700,13.130000114440918,13.100000381469727,6.160618782043457
10-06-2008,13.0,13.050000190734863,127100,13.119999885559082,13.0600004196167,6.141806602478027
11-06-2008,12.970000267028809,13.0,86100,13.100000381469727,13.020000457763672,6.122995853424072
12-06-2008,12.609999656677246,12.609999656677246,118500,13.0,12.789999961853027,6.040812969207764
13-06-2008,12.739999771118164,12.75,78200,12.850000381469727,12.770000457763672,6.031369209289551
16-06-2008,12.739999771118164,12.739999771118164,64500,12.970000267028809,12.869999885559082,6.078596591949463
17-06-2008,12.739999771118164,12.970000267028809,113400,12.970000267028809,12.739999771118164,6.017198085784912
18-06-2008,12.529999732971191,12.720000267028809,106800,12.779999732971191,12.609999656677246,5.955798149108887
19-06-2008,12.510000228881836,12.569999694824219,52400,12.640000343322754,12.579999923706055,5.9416303634643555
20-06-2008,12.5,12.529999732971191,103900,12.630000114440918,12.5,5.903842926025391
23-06-2008,12.09000015258789,12.529999732971191,152000,12.569999694824219,12.09000015258789,5.710196495056152
24-06-2008,12.050000190734863,12.0600004196167,104100,12.210000038146973,12.149999618530273,5.738536357879639
25-06-2008,12.079999923706055,12.170000076293945,95500,12.380000114440918,12.119999885559082,5.724368095397949
26-06-2008,12.0600004196167,12.0600004196167,84400,12.25,12.109999656677246,5.719640731811523
27-06-2008,12.069999694824219,12.220000267028809,120600,12.260000228881836,12.100000381469727,5.7149248123168945
30-06-2008,12.119999885559082,12.119999885559082,86000,12.329999923706055,12.279999732971191,5.799937725067139
01-07-2008,12.260000228881836,12.300000190734863,37700,12.380000114440918,12.369999885559082,5.84244441986084
02-07-2008,12.34000015258789,12.34000015258789,81800,12.550000190734863,12.539999961853027,5.922736167907715
03-07-2008,12.510000228881836,12.550000190734863,48000,12.579999923706055,12.569999694824219,5.9369049072265625
07-07-2008,12.470000267028809,12.520000457763672,67700,12.6899995803833,12.640000343322754,5.969966888427734
08-07-2008,12.600000381469727,12.630000114440918,55200,12.670000076293945,12.649999618530273,5.97468900680542
09-07-2008,12.619999885559082,12.619999885559082,73400,12.75,12.6899995803833,5.993584156036377
10-07-2008,12.649999618530273,12.649999618530273,37900,12.800000190734863,12.800000190734863,6.045536041259766
11-07-2008,12.609999656677246,12.609999656677246,53800,12.789999961853027,12.670000076293945,6.01043176651001
14-07-2008,12.34000015258789,12.710000038146973,71300,12.739999771118164,12.350000381469727,5.8586297035217285
15-07-2008,11.960000038146973,12.359999656677246,168200,12.359999656677246,11.979999542236328,5.683106422424316
16-07-2008,11.869999885559082,11.869999885559082,57300,12.15999984741211,12.140000343322754,5.7590107917785645
17-07-2008,12.119999885559082,12.130000114440918,85600,12.289999961853027,12.260000228881836,5.81593656539917
18-07-2008,12.130000114440918,12.279999732971191,99300,12.279999732971191,12.180000305175781,5.777980804443359
21-07-2008,12.180000305175781,12.180000305175781,79600,12.4399995803833,12.25,5.811191082000732
22-07-2008,12.180000305175781,12.270000457763672,61000,12.350000381469727,12.289999961853027,5.830164432525635
23-07-2008,12.210000038146973,12.289999961853027,87300,12.359999656677246,12.300000190734863,5.8349103927612305
24-07-2008,12.079999923706055,12.3100004196167,70600,12.3100004196167,12.109999656677246,5.744773864746094
25-07-2008,12.100000381469727,12.100000381469727,52500,12.25,12.149999618530273,5.763752460479736
28-07-2008,12.079999923706055,12.149999618530273,60400,12.229999542236328,12.15999984741211,5.768495559692383
29-07-2008,12.170000076293945,12.229999542236328,124500,12.3100004196167,12.289999961853027,5.830164432525635
30-07-2008,12.220000267028809,12.220000267028809,31500,12.34000015258789,12.239999771118164,5.806448459625244
31-07-2008,12.199999809265137,12.239999771118164,64600,12.3100004196167,12.220000267028809,5.796960830688477
01-08-2008,12.1899995803833,12.270000457763672,31600,12.289999961853027,12.220000267028809,5.796960830688477
04-08-2008,12.0600004196167,12.130000114440918,55300,12.210000038146973,12.1899995803833,5.782725811004639
05-08-2008,12.020000457763672,12.109999656677246,77200,12.1899995803833,12.09000015258789,5.735287666320801
06-08-2008,11.899999618530273,12.050000190734863,140200,12.09000015258789,12.0,5.692594528198242
07-08-2008,11.84000015258789,11.960000038146973,103400,12.0,11.930000305175781,5.659390926361084
08-08-2008,11.760000228881836,11.880000114440918,132700,12.109999656677246,12.100000381469727,5.7400360107421875
11-08-2008,11.880000114440918,11.979999542236328,90300,12.0600004196167,11.899999618530273,5.645153999328613
12-08-2008,11.869999885559082,11.869999885559082,87200,11.960000038146973,11.90999984741211,5.649901390075684
13-08-2008,11.829999923706055,11.829999923706055,87700,11.970000267028809,11.960000038146973,5.700421333312988
14-08-2008,11.869999885559082,11.869999885559082,47200,11.989999771118164,11.960000038146973,5.700421333312988
15-08-2008,11.859999656677246,11.899999618530273,59300,11.979999542236328,11.9399995803833,5.690890312194824
18-08-2008,11.899999618530273,11.920000076293945,74800,11.979999542236328,11.979999542236328,5.709954261779785
19-08-2008,11.880000114440918,11.90999984741211,80900,11.970000267028809,11.960000038146973,5.700421333312988
20-08-2008,11.920000076293945,11.949999809265137,48500,12.0,11.979999542236328,5.709954261779785
21-08-2008,11.920000076293945,11.930000305175781,75300,12.010000228881836,11.920000076293945,5.681358814239502
22-08-2008,11.880000114440918,11.920000076293945,78100,11.979999542236328,11.979999542236328,5.709954261779785
25-08-2008,11.899999618530273,11.970000267028809,61500,12.020000457763672,11.989999771118164,5.714718341827393
26-08-2008,11.949999809265137,11.970000267028809,73000,12.109999656677246,12.109999656677246,5.771917343139648
27-08-2008,12.069999694824219,12.109999656677246,44100,12.149999618530273,12.109999656677246,5.771917343139648
28-08-2008,12.010000228881836,12.09000015258789,75000,12.100000381469727,12.010000228881836,5.724254131317139
29-08-2008,11.989999771118164,12.0,58300,12.09000015258789,12.050000190734863,5.743320465087891
02-09-2008,11.970000267028809,11.970000267028809,77100,12.069999694824219,12.0,5.719487190246582
03-09-2008,11.960000038146973,12.0,91600,12.0600004196167,12.0,5.719487190246582
04-09-2008,11.899999618530273,11.989999771118164,116500,12.010000228881836,11.920000076293945,5.681358814239502
05-09-2008,11.859999656677246,11.880000114440918,112500,12.029999732971191,12.029999732971191,5.733787536621094
08-09-2008,11.960000038146973,12.029999732971191,74800,12.170000076293945,12.15999984741211,5.795749187469482
09-09-2008,12.050000190734863,12.079999923706055,68800,12.140000343322754,12.09000015258789,5.762385368347168
10-09-2008,11.880000114440918,12.0600004196167,128800,12.0600004196167,12.010000228881836,5.724254131317139
11-09-2008,11.760000228881836,11.859999656677246,141400,11.899999618530273,11.760000228881836,5.631354331970215
12-09-2008,11.720000267028809,11.75,77400,11.84000015258789,11.829999923706055,5.664875507354736
15-09-2008,11.600000381469727,11.680000305175781,63300,11.699999809265137,11.609999656677246,5.559531211853027
16-09-2008,11.220000267028809,11.300000190734863,115600,11.380000114440918,11.260000228881836,5.391925811767578
17-09-2008,10.800000190734863,10.930000305175781,304700,11.199999809265137,10.90999984741211,5.224328517913818
18-09-2008,10.180000305175781,10.920000076293945,230300,11.279999732971191,10.600000381469727,5.0758819580078125
19-09-2008,10.8100004196167,10.8100004196167,243600,11.279999732971191,10.970000267028809,5.253058910369873
22-09-2008,10.220000267028809,11.079999923706055,185600,11.079999923706055,10.229999542236328,4.8987040519714355
23-09-2008,10.0600004196167,10.229999542236328,150600,10.489999771118164,10.359999656677246,4.9609575271606445
24-09-2008,10.25,10.25,153300,10.649999618530273,10.510000228881836,5.032785415649414
25-09-2008,10.300000190734863,10.6899995803833,228700,10.84000015258789,10.449999809265137,5.00405216217041
26-09-2008,9.859999656677246,10.449999809265137,203300,10.539999961853027,10.15999984741211,4.8651838302612305
29-09-2008,9.3100004196167,10.0,191200,10.149999618530273,9.59000015258789,4.592235088348389
30-09-2008,9.399999618530273,9.399999618530273,152600,10.390000343322754,10.260000228881836,4.913071632385254
01-10-2008,9.670000076293945,10.020000457763672,102200,10.279999732971191,10.25,4.90828275680542
02-10-2008,10.199999809265137,10.199999809265137,119700,10.680000305175781,10.470000267028809,5.01362943649292
03-10-2008,10.470000267028809,10.470000267028809,107500,10.930000305175781,10.710000038146973,5.128556251525879
06-10-2008,9.5,10.40999984741211,166900,10.40999984741211,10.130000114440918,4.850820541381836
07-10-2008,9.890000343322754,9.890000343322754,201200,10.710000038146973,10.229999542236328,4.8987040519714355
08-10-2008,8.520000457763672,10.010000228881836,323400,10.010000228881836,9.0600004196167,4.338442802429199
09-10-2008,7.980000019073486,9.0600004196167,238800,9.180000305175781,8.100000381469727,3.8787388801574707
10-10-2008,7.070000171661377,7.75,317700,8.239999771118164,7.460000038146973,3.597141742706299
13-10-2008,7.5,7.5,167000,8.75,8.59000015258789,4.142017841339111
14-10-2008,8.609999656677246,8.609999656677246,151500,10.010000228881836,9.300000190734863,4.484368801116943
15-10-2008,8.270000457763672,9.170000076293945,181500,9.170000076293945,8.59000015258789,4.142017841339111
16-10-2008,8.449999809265137,8.699999809265137,121200,9.470000267028809,9.25,4.460262298583984
17-10-2008,8.949999809265137,9.100000381469727,96500,9.5,9.15999984741211,4.416868209838867
20-10-2008,9.09000015258789,9.15999984741211,110900,9.5,9.25,4.460262298583984
21-10-2008,8.899999618530273,9.149999618530273,88000,9.399999618530273,9.050000190734863,4.363824367523193
22-10-2008,8.75,8.949999809265137,88000,9.350000381469727,9.270000457763672,4.469906330108643
23-10-2008,9.109999656677246,9.199999809265137,165100,10.300000190734863,10.029999732971191,4.836368560791016
24-10-2008,9.800000190734863,10.59000015258789,66200,10.59000015258789,9.949999809265137,4.797793865203857
27-10-2008,9.800000190734863,9.970000267028809,79100,9.989999771118164,9.859999656677246,4.754396915435791
28-10-2008,9.5,9.949999809265137,95500,9.949999809265137,9.859999656677246,4.754396915435791
29-10-2008,9.550000190734863,9.5600004196167,115400,10.199999809265137,9.949999809265137,4.797793865203857
30-10-2008,9.850000381469727,9.850000381469727,67200,10.199999809265137,9.869999885559082,4.75922155380249
31-10-2008,9.520000457763672,9.770000457763672,95500,10.050000190734863,9.579999923706055,4.619385719299316
03-11-2008,9.25,9.520000457763672,105700,9.670000076293945,9.539999961853027,4.600096225738525
04-11-2008,9.3100004196167,9.539999961853027,119700,10.199999809265137,10.149999618530273,4.894231796264648
05-11-2008,9.859999656677246,9.90999984741211,93600,10.25,10.220000267028809,4.927988052368164
06-11-2008,10.069999694824219,10.100000381469727,113500,10.399999618530273,10.1899995803833,4.913517475128174
07-11-2008,10.020000457763672,10.020000457763672,96800,10.449999809265137,10.4399995803833,5.034069538116455
10-11-2008,10.260000228881836,10.3100004196167,83200,10.579999923706055,10.430000305175781,5.029247283935547
11-11-2008,10.0,10.569999694824219,83200,10.569999694824219,10.399999618530273,5.014777660369873
12-11-2008,9.6899995803833,10.0,111000,10.350000381469727,9.949999809265137,4.823769569396973
13-11-2008,9.039999961853027,9.619999885559082,376600,9.84000015258789,9.300000190734863,4.508648872375488
14-11-2008,9.170000076293945,9.170000076293945,102300,9.569999694824219,9.420000076293945,4.5668230056762695
17-11-2008,9.039999961853027,9.279999732971191,159200,9.350000381469727,9.079999923706055,4.401993751525879
18-11-2008,8.75,8.930000305175781,190300,9.079999923706055,8.930000305175781,4.329274654388428
19-11-2008,8.600000381469727,8.8100004196167,172800,9.050000190734863,8.949999809265137,4.338968753814697
20-11-2008,8.390000343322754,8.65999984741211,364600,9.0,8.489999771118164,4.115959644317627
21-11-2008,8.170000076293945,8.489999771118164,586300,8.6899995803833,8.489999771118164,4.115959644317627
24-11-2008,8.40999984741211,8.510000228881836,176700,8.739999771118164,8.699999809265137,4.217767238616943
25-11-2008,8.130000114440918,8.670000076293945,145600,8.869999885559082,8.600000381469727,4.16928768157959
26-11-2008,8.399999618530273,8.449999809265137,119400,8.880000114440918,8.65999984741211,4.198376178741455
28-11-2008,8.5,8.569999694824219,55900,8.819999694824219,8.630000114440918,4.183831214904785
01-12-2008,8.470000267028809,8.75,106900,8.779999732971191,8.529999732971191,4.135348796844482
02-12-2008,7.900000095367432,8.479999542236328,488800,8.600000381469727,8.079999923706055,3.917191505432129
03-12-2008,7.869999885559082,8.079999923706055,338000,8.329999923706055,8.029999732971191,3.8929519653320312
04-12-2008,7.960000038146973,7.960000038146973,232100,8.140000343322754,8.0600004196167,3.9074950218200684
05-12-2008,7.699999809265137,8.149999618530273,205400,8.1899995803833,8.039999961853027,3.8977997303009033
08-12-2008,7.789999961853027,8.109999656677246,207100,8.180000305175781,7.889999866485596,3.825079917907715
09-12-2008,7.599999904632568,7.769999980926514,341900,7.989999771118164,7.989999771118164,3.873558759689331
10-12-2008,7.639999866485596,7.909999847412109,370200,8.800000190734863,8.800000190734863,4.2662482261657715
11-12-2008,7.730000019073486,8.15999984741211,193100,8.5,8.069999694824219,3.9374005794525146
12-12-2008,7.650000095367432,8.0,195900,8.100000381469727,7.75,3.781271457672119
15-12-2008,7.75,7.75,429600,8.149999618530273,8.149999618530273,3.9764342308044434
16-12-2008,7.75,8.899999618530273,250700,8.899999618530273,8.899999618530273,4.34235954284668
17-12-2008,8.069999694824219,8.300000190734863,251200,8.5,8.420000076293945,4.108166694641113
18-12-2008,7.900000095367432,8.210000038146973,387700,8.390000343322754,7.909999847412109,3.8593344688415527
19-12-2008,7.860000133514404,7.960000038146973,791400,8.300000190734863,8.020000457763672,3.9130043983459473
22-12-2008,8.069999694824219,8.069999694824219,508800,8.84000015258789,8.75,4.269172668457031
23-12-2008,8.369999885559082,8.75,270100,8.829999923706055,8.670000076293945,4.230140686035156
24-12-2008,8.550000190734863,8.75,102400,8.920000076293945,8.600000381469727,4.195990085601807
26-12-2008,8.40999984741211,8.5,155500,8.75,8.579999923706055,4.186230182647705
29-12-2008,8.40999984741211,8.649999618530273,201200,8.739999771118164,8.59000015258789,4.191107273101807
30-12-2008,8.520000457763672,8.520000457763672,248300,9.149999618530273,8.920000076293945,4.352120399475098
31-12-2008,8.710000038146973,8.920000076293945,322400,9.130000114440918,9.0600004196167,4.420426368713379
02-01-2009,9.109999656677246,9.109999656677246,112600,9.539999961853027,9.5,4.635107040405273
05-01-2009,9.5,9.579999923706055,163100,10.0,9.970000267028809,4.864420413970947
06-01-2009,9.770000457763672,9.899999618530273,206100,10.25,10.140000343322754,4.947362899780273
07-01-2009,9.789999961853027,9.789999961853027,154700,10.010000228881836,9.90999984741211,4.835144519805908
08-01-2009,9.75,9.819999694824219,251800,10.390000343322754,10.1899995803833,4.971761703491211
09-01-2009,10.170000076293945,10.180000305175781,167900,10.529999732971191,10.399999618530273,5.074221134185791
12-01-2009,10.420000076293945,10.510000228881836,97200,10.729999542236328,10.539999961853027,5.142523765563965
13-01-2009,10.25,10.5,164800,10.600000381469727,10.319999694824219,5.062083721160889
14-01-2009,10.140000343322754,10.319999694824219,157900,10.470000267028809,10.270000457763672,5.037552833557129
15-01-2009,10.25,10.279999732971191,109500,10.449999809265137,10.420000076293945,5.1111321449279785
16-01-2009,10.460000038146973,10.460000038146973,95300,10.729999542236328,10.6899995803833,5.243574142456055
20-01-2009,10.6899995803833,10.739999771118164,105200,10.880000114440918,10.8100004196167,5.302433013916016
21-01-2009,10.65999984741211,10.75,127400,10.850000381469727,10.8100004196167,5.302433013916016
22-01-2009,10.390000343322754,10.789999961853027,129600,10.8100004196167,10.600000381469727,5.199425220489502
23-01-2009,10.279999732971191,10.5,115000,10.539999961853027,10.380000114440918,5.091512203216553
26-01-2009,10.260000228881836,10.399999618530273,123400,10.399999618530273,10.359999656677246,5.081704616546631
27-01-2009,10.319999694824219,10.319999694824219,127900,10.5600004196167,10.550000190734863,5.174904823303223
28-01-2009,10.710000038146973,10.829999923706055,121300,10.850000381469727,10.84000015258789,5.317150115966797
29-01-2009,10.75,10.779999732971191,161800,10.930000305175781,10.819999694824219,5.307340145111084
30-01-2009,10.40999984741211,10.880000114440918,124600,10.880000114440918,10.460000038146973,5.13075590133667
02-02-2009,10.25,10.479999542236328,97700,10.550000190734863,10.260000228881836,5.032653331756592
03-02-2009,10.300000190734863,10.319999694824219,116400,10.869999885559082,10.699999809265137,5.24847936630249
04-02-2009,10.670000076293945,10.699999809265137,183500,11.109999656677246,10.670000076293945,5.233762741088867
05-02-2009,10.770000457763672,10.84000015258789,147600,11.069999694824219,11.069999694824219,5.429967403411865
06-02-2009,11.050000190734863,11.210000038146973,93000,11.229999542236328,11.199999809265137,5.493734359741211
09-02-2009,10.90999984741211,11.100000381469727,166900,11.449999809265137,11.079999923706055,5.434872150421143
10-02-2009,10.90999984741211,10.90999984741211,157100,11.109999656677246,11.079999923706055,5.434872150421143
11-02-2009,10.979999542236328,11.0,98500,11.239999771118164,11.170000076293945,5.50684928894043
12-02-2009,11.0,11.050000190734863,120300,11.270000457763672,11.039999961853027,5.442760467529297
13-02-2009,10.960000038146973,11.039999961853027,53300,11.069999694824219,11.0,5.42303991317749
17-02-2009,10.65999984741211,10.9399995803833,96600,10.970000267028809,10.720000267028809,5.284998893737793
18-02-2009,10.359999656677246,10.609999656677246,190300,10.720000267028809,10.479999542236328,5.166679859161377
19-02-2009,10.3100004196167,10.420000076293945,121600,10.449999809265137,10.319999694824219,5.087799549102783
20-02-2009,9.84000015258789,10.319999694824219,192800,10.319999694824219,10.079999923706055,4.969473838806152
23-02-2009,9.800000190734863,9.90999984741211,190100,10.039999961853027,9.800000190734863,4.831437110900879
24-02-2009,9.579999923706055,9.800000190734863,154600,10.529999732971191,10.420000076293945,5.137097358703613
25-02-2009,10.319999694824219,10.529999732971191,80600,10.699999809265137,10.649999618530273,5.250487804412842
26-02-2009,10.420000076293945,10.649999618530273,105000,10.84000015258789,10.710000038146973,5.280067443847656
27-02-2009,10.649999618530273,10.710000038146973,128200,10.920000076293945,10.699999809265137,5.275140762329102
02-03-2009,10.489999771118164,10.65999984741211,148100,10.84000015258789,10.5,5.176541328430176
03-03-2009,9.930000305175781,10.399999618530273,233500,10.5,10.220000267028809,5.0384979248046875
04-03-2009,10.0600004196167,10.0600004196167,119600,10.5,10.449999809265137,5.151886940002441
05-03-2009,10.180000305175781,10.479999542236328,78600,10.5,10.390000343322754,5.122308731079102
06-03-2009,10.25,10.279999732971191,128200,10.5,10.319999694824219,5.087799549102783
09-03-2009,10.130000114440918,10.300000190734863,127400,10.359999656677246,10.1899995803833,5.023706912994385
10-03-2009,10.149999618530273,10.149999618530273,78500,10.510000228881836,10.5,5.176541328430176
11-03-2009,10.449999809265137,10.859999656677246,149700,11.100000381469727,10.630000114440918,5.240626811981201
12-03-2009,10.510000228881836,10.600000381469727,92900,10.720000267028809,10.640000343322754,5.273338317871094
13-03-2009,10.199999809265137,10.699999809265137,94100,10.699999809265137,10.510000228881836,5.2089104652404785
16-03-2009,10.5,10.699999809265137,45400,10.699999809265137,10.609999656677246,5.2584733963012695
17-03-2009,10.5,10.710000038146973,75500,10.710000038146973,10.600000381469727,5.253513336181641
18-03-2009,10.5,10.5,82700,10.6899995803833,10.65999984741211,5.28325080871582
19-03-2009,10.619999885559082,10.649999618530273,52400,10.75,10.699999809265137,5.3030781745910645
20-03-2009,10.65999984741211,10.65999984741211,72900,10.84000015258789,10.760000228881836,5.3328118324279785
23-03-2009,10.670000076293945,10.850000381469727,95700,10.899999618530273,10.680000305175781,5.293161869049072
24-03-2009,10.609999656677246,10.699999809265137,129600,10.770000457763672,10.699999809265137,5.3030781745910645
25-03-2009,10.699999809265137,10.699999809265137,50200,10.8100004196167,10.779999732971191,5.3427252769470215
26-03-2009,10.729999542236328,10.729999542236328,111700,10.989999771118164,10.920000076293945,5.412112236022949
27-03-2009,10.880000114440918,10.979999542236328,71000,10.989999771118164,10.960000038146973,5.431936740875244
30-03-2009,10.779999732971191,10.779999732971191,69600,10.960000038146973,10.859999656677246,5.3823747634887695
31-03-2009,10.789999961853027,10.789999961853027,61000,10.979999542236328,10.890000343322754,5.397242069244385
01-04-2009,10.779999732971191,10.779999732971191,107400,11.09000015258789,11.050000190734863,5.476537704467773
02-04-2009,10.989999771118164,11.069999694824219,100800,11.1899995803833,11.09000015258789,5.496365547180176
03-04-2009,10.930000305175781,10.989999771118164,52000,11.09000015258789,11.050000190734863,5.476537704467773
06-04-2009,10.979999542236328,11.050000190734863,47100,11.100000381469727,11.0600004196167,5.481495380401611
07-04-2009,10.819999694824219,10.90999984741211,92800,11.0600004196167,10.869999885559082,5.387328624725342
08-04-2009,10.800000190734863,10.869999885559082,72500,10.920000076293945,10.819999694824219,5.362550258636475
09-04-2009,10.819999694824219,10.899999618530273,65500,10.930000305175781,10.859999656677246,5.3823747634887695
13-04-2009,10.680000305175781,10.760000228881836,67500,10.789999961853027,10.760000228881836,5.3604536056518555
14-04-2009,10.609999656677246,10.670000076293945,104100,10.720000267028809,10.65999984741211,5.310636043548584
15-04-2009,10.65999984741211,10.680000305175781,91500,10.800000190734863,10.800000190734863,5.3803815841674805
16-04-2009,10.6899995803833,10.770000457763672,63700,10.859999656677246,10.739999771118164,5.350490093231201
17-04-2009,10.789999961853027,10.789999961853027,56500,10.989999771118164,10.9399995803833,5.450128555297852
20-04-2009,10.880000114440918,10.930000305175781,68300,10.989999771118164,10.979999542236328,5.470057010650635
21-04-2009,10.859999656677246,10.859999656677246,141700,11.119999885559082,11.050000190734863,5.5049238204956055
22-04-2009,11.039999961853027,11.050000190734863,106900,11.1899995803833,11.180000305175781,5.569690227508545
23-04-2009,11.199999809265137,11.199999809265137,142700,11.479999542236328,11.359999656677246,5.659363269805908
24-04-2009,11.239999771118164,11.3100004196167,64200,11.4399995803833,11.329999923706055,5.644420623779297
27-04-2009,11.279999732971191,11.300000190734863,153600,11.40999984741211,11.3100004196167,5.634453773498535
28-04-2009,11.229999542236328,11.319999694824219,68300,11.359999656677246,11.270000457763672,5.614528179168701
29-04-2009,11.100000381469727,11.260000228881836,107200,11.289999961853027,11.130000114440918,5.54478120803833
30-04-2009,11.180000305175781,11.180000305175781,96300,11.260000228881836,11.1899995803833,5.574671268463135
01-05-2009,11.220000267028809,11.239999771118164,69300,11.319999694824219,11.289999961853027,5.6244916915893555
04-05-2009,11.25,11.300000190734863,74600,11.40999984741211,11.329999923706055,5.644420623779297
05-05-2009,11.229999542236328,11.329999923706055,66400,11.40999984741211,11.329999923706055,5.644420623779297
06-05-2009,11.220000267028809,11.300000190734863,121100,11.350000381469727,11.289999961853027,5.6244916915893555
07-05-2009,11.25,11.279999732971191,96000,11.399999618530273,11.399999618530273,5.679289817810059
08-05-2009,11.34000015258789,11.489999771118164,103700,11.5,11.449999809265137,5.704202651977539
11-05-2009,11.399999618530273,11.420000076293945,51600,11.479999542236328,11.430000305175781,5.694236755371094
12-05-2009,11.319999694824219,11.460000038146973,126900,11.470000267028809,11.369999885559082,5.664345741271973
13-05-2009,11.199999809265137,11.239999771118164,103000,11.279999732971191,11.239999771118164,5.627299785614014
14-05-2009,11.180000305175781,11.229999542236328,53000,11.329999923706055,11.329999923706055,5.672357559204102
15-05-2009,11.3100004196167,11.390000343322754,97600,11.4399995803833,11.4399995803833,5.727426052093506
18-05-2009,11.380000114440918,11.420000076293945,104600,11.479999542236328,11.430000305175781,5.722423553466797
19-05-2009,10.90999984741211,10.989999771118164,58200,11.4399995803833,11.369999885559082,5.692382335662842
20-05-2009,11.319999694824219,11.319999694824219,103200,11.510000228881836,11.470000267028809,5.742451190948486
21-05-2009,11.359999656677246,11.470000267028809,86400,11.489999771118164,11.4399995803833,5.727426052093506
22-05-2009,11.4399995803833,11.4399995803833,78000,11.569999694824219,11.520000457763672,5.767480850219727
26-05-2009,11.529999732971191,11.579999923706055,111500,11.59000015258789,11.5600004196167,5.787505626678467
27-05-2009,11.529999732971191,11.529999732971191,99700,11.710000038146973,11.579999923706055,5.7975172996521
28-05-2009,11.5,11.640000343322754,74300,11.640000343322754,11.5600004196167,5.787505626678467
29-05-2009,11.449999809265137,11.5600004196167,57300,11.5600004196167,11.479999542236328,5.747454643249512
01-06-2009,11.380000114440918,11.569999694824219,87500,11.609999656677246,11.390000343322754,5.702396392822266
02-06-2009,11.390000343322754,11.430000305175781,89100,11.470000267028809,11.430000305175781,5.722423553466797
03-06-2009,11.369999885559082,11.369999885559082,80700,11.5,11.479999542236328,5.747454643249512
04-06-2009,11.430000305175781,11.430000305175781,147300,11.649999618530273,11.5600004196167,5.787505626678467
05-06-2009,11.239999771118164,11.5600004196167,155400,11.649999618530273,11.260000228881836,5.637312412261963
08-06-2009,11.270000457763672,11.270000457763672,103200,11.390000343322754,11.380000114440918,5.697385787963867
09-06-2009,11.380000114440918,11.390000343322754,59900,11.430000305175781,11.399999618530273,5.707401275634766
10-06-2009,11.359999656677246,11.390000343322754,91200,11.460000038146973,11.4399995803833,5.727426052093506
11-06-2009,11.319999694824219,11.399999618530273,139700,11.449999809265137,11.399999618530273,5.737997055053711
12-06-2009,11.15999984741211,11.329999923706055,152900,11.399999618530273,11.199999809265137,5.637334823608398
15-06-2009,11.010000228881836,11.180000305175781,110300,11.210000038146973,11.039999961853027,5.556797027587891
16-06-2009,10.989999771118164,11.039999961853027,140700,11.199999809265137,11.119999885559082,5.597066402435303
17-06-2009,11.130000114440918,11.130000114440918,80000,11.180000305175781,11.15999984741211,5.617197513580322
18-06-2009,11.119999885559082,11.119999885559082,70900,11.34000015258789,11.229999542236328,5.652430534362793
19-06-2009,11.170000076293945,11.180000305175781,71300,11.390000343322754,11.369999885559082,5.722897529602051
22-06-2009,11.239999771118164,11.319999694824219,97300,11.329999923706055,11.260000228881836,5.667532444000244
23-06-2009,11.1899995803833,11.289999961853027,154300,11.390000343322754,11.220000267028809,5.647400379180908
24-06-2009,11.199999809265137,11.369999885559082,86000,11.369999885559082,11.289999961853027,5.682631015777588
25-06-2009,11.229999542236328,11.300000190734863,75200,11.34000015258789,11.270000457763672,5.672566890716553
26-06-2009,11.25,11.25,58300,11.470000267028809,11.470000267028809,5.773235321044922
29-06-2009,11.460000038146973,11.510000228881836,93700,11.550000190734863,11.529999732971191,5.803433895111084
30-06-2009,11.350000381469727,11.550000190734863,80100,11.550000190734863,11.359999656677246,5.717865943908691
01-07-2009,11.34000015258789,11.449999809265137,55100,11.479999542236328,11.479999542236328,5.778265476226807
02-07-2009,11.34000015258789,11.380000114440918,63100,11.600000381469727,11.600000381469727,5.838665008544922
06-07-2009,11.460000038146973,11.539999961853027,87700,11.600000381469727,11.550000190734863,5.813498020172119
07-07-2009,11.399999618530273,11.579999923706055,101700,11.579999923706055,11.539999961853027,5.808462142944336
08-07-2009,11.5,11.550000190734863,94400,11.720000267028809,11.6899995803833,5.883962154388428
09-07-2009,11.649999618530273,11.760000228881836,91300,11.869999885559082,11.800000190734863,5.939330577850342
10-07-2009,11.720000267028809,11.720000267028809,96700,11.930000305175781,11.930000305175781,6.004764080047607
13-07-2009,11.800000190734863,11.859999656677246,79000,11.930000305175781,11.869999885559082,6.005268573760986
14-07-2009,11.760000228881836,11.880000114440918,191300,11.880000114440918,11.869999885559082,6.005268573760986
15-07-2009,11.800000190734863,11.800000190734863,94700,11.899999618530273,11.869999885559082,6.005268573760986
16-07-2009,11.829999923706055,11.869999885559082,90400,11.930000305175781,11.899999618530273,6.020449161529541
17-07-2009,11.760000228881836,11.920000076293945,62400,11.920000076293945,11.770000457763672,5.954677581787109
20-07-2009,11.770000457763672,11.789999961853027,66700,11.859999656677246,11.850000381469727,5.9951491355896
21-07-2009,11.819999694824219,11.819999694824219,77400,11.920000076293945,11.920000076293945,6.030567169189453
22-07-2009,11.760000228881836,11.869999885559082,94800,11.920000076293945,11.869999885559082,6.005268573760986
23-07-2009,11.789999961853027,11.800000190734863,96800,11.949999809265137,11.9399995803833,6.040683746337891
24-07-2009,11.880000114440918,11.90999984741211,47100,12.0,12.0,6.071038246154785
27-07-2009,11.869999885559082,12.069999694824219,101500,12.069999694824219,11.9399995803833,6.040683746337891
28-07-2009,11.829999923706055,11.829999923706055,88600,11.949999809265137,11.930000305175781,6.0356292724609375
29-07-2009,11.829999923706055,11.829999923706055,69200,12.039999961853027,12.039999961853027,6.091278076171875
30-07-2009,12.010000228881836,12.010000228881836,61200,12.109999656677246,12.079999923706055,6.111514091491699
31-07-2009,12.100000381469727,12.100000381469727,38000,12.140000343322754,12.140000343322754,6.141866207122803
03-08-2009,12.039999961853027,12.140000343322754,101700,12.199999809265137,12.100000381469727,6.121633052825928
04-08-2009,11.949999809265137,12.149999618530273,118700,12.149999618530273,12.020000457763672,6.081158638000488
05-08-2009,11.930000305175781,11.970000267028809,81600,12.050000190734863,12.0,6.071038246154785
06-08-2009,11.899999618530273,12.0,54400,12.0,11.949999809265137,6.045742034912109
07-08-2009,11.930000305175781,11.970000267028809,86700,12.0600004196167,11.970000267028809,6.055863857269287
10-08-2009,12.010000228881836,12.010000228881836,80200,12.119999885559082,12.109999656677246,6.126693248748779
11-08-2009,12.050000190734863,12.050000190734863,43200,12.180000305175781,12.180000305175781,6.162106513977051
12-08-2009,12.039999961853027,12.109999656677246,95600,12.15999984741211,12.130000114440918,6.167705059051514
13-08-2009,12.010000228881836,12.1899995803833,69100,12.1899995803833,12.069999694824219,6.137192249298096
14-08-2009,11.970000267028809,12.09000015258789,75700,12.100000381469727,11.970000267028809,6.08634614944458
17-08-2009,11.770000457763672,11.819999694824219,122200,11.920000076293945,11.819999694824219,6.010073184967041
18-08-2009,11.819999694824219,11.84000015258789,66700,12.029999732971191,12.010000228881836,6.106685161590576
19-08-2009,11.960000038146973,12.0,70200,12.079999923706055,12.069999694824219,6.137192249298096
20-08-2009,11.970000267028809,12.069999694824219,101400,12.140000343322754,12.079999923706055,6.142275810241699
21-08-2009,12.029999732971191,12.119999885559082,73600,12.25,12.199999809265137,6.203289031982422
24-08-2009,12.130000114440918,12.199999809265137,99800,12.270000457763672,12.199999809265137,6.203289031982422
25-08-2009,12.170000076293945,12.199999809265137,81200,12.319999694824219,12.300000190734863,6.254136562347412
26-08-2009,12.300000190734863,12.449999809265137,73800,12.449999809265137,12.319999694824219,6.264310359954834
27-08-2009,12.3100004196167,12.329999923706055,76500,12.420000076293945,12.399999618530273,6.3049845695495605
28-08-2009,12.319999694824219,12.329999923706055,104300,12.399999618530273,12.34000015258789,6.274474620819092
31-08-2009,12.300000190734863,12.350000381469727,85200,12.380000114440918,12.329999923706055,6.269392490386963
01-09-2009,12.300000190734863,12.300000190734863,93200,12.369999885559082,12.34000015258789,6.274474620819092
02-09-2009,12.300000190734863,12.3100004196167,75600,12.390000343322754,12.380000114440918,6.294814109802246
03-09-2009,12.34000015258789,12.399999618530273,115400,12.5,12.479999542236328,6.345661163330078
04-09-2009,12.430000305175781,12.430000305175781,82500,12.710000038146973,12.680000305175781,6.447356700897217
08-09-2009,12.630000114440918,12.630000114440918,101100,12.800000190734863,12.729999542236328,6.472776889801025
09-09-2009,12.729999542236328,12.729999542236328,62800,12.800000190734863,12.800000190734863,6.5083723068237305
10-09-2009,12.65999984741211,12.850000381469727,51800,12.850000381469727,12.720000267028809,6.4676947593688965
11-09-2009,12.619999885559082,12.649999618530273,71500,12.770000457763672,12.6899995803833,6.483529567718506
14-09-2009,12.630000114440918,12.65999984741211,64700,12.720000267028809,12.6899995803833,6.483529567718506
15-09-2009,12.649999618530273,12.649999618530273,112800,12.800000190734863,12.779999732971191,6.529515743255615
16-09-2009,12.699999809265137,12.800000190734863,144600,12.890000343322754,12.739999771118164,6.509076118469238
17-09-2009,12.65999984741211,12.699999809265137,79900,12.770000457763672,12.729999542236328,6.503967761993408
18-09-2009,12.720000267028809,12.789999961853027,78400,12.789999961853027,12.779999732971191,6.529515743255615
21-09-2009,12.619999885559082,12.649999618530273,100100,12.760000228881836,12.720000267028809,6.498860836029053
22-09-2009,12.729999542236328,12.75,113100,12.800000190734863,12.789999961853027,6.534624099731445
23-09-2009,12.729999542236328,12.75,135900,12.850000381469727,12.829999923706055,6.555059432983398
24-09-2009,12.699999809265137,12.75,119200,12.829999923706055,12.760000228881836,6.519299030303955
25-09-2009,12.6899995803833,12.6899995803833,94700,12.770000457763672,12.729999542236328,6.503967761993408
28-09-2009,12.550000190734863,12.550000190734863,90800,12.789999961853027,12.779999732971191,6.529515743255615
29-09-2009,12.710000038146973,12.729999542236328,97400,12.819999694824219,12.710000038146973,6.493751525878906
30-09-2009,12.720000267028809,12.75,78100,12.779999732971191,12.760000228881836,6.519299030303955
01-10-2009,12.739999771118164,12.8100004196167,121100,12.829999923706055,12.789999961853027,6.534624099731445
02-10-2009,12.770000457763672,12.789999961853027,95100,12.869999885559082,12.869999885559082,6.575497150421143
05-10-2009,12.890000343322754,12.899999618530273,97500,13.0,12.970000267028809,6.626593589782715
06-10-2009,13.020000457763672,13.020000457763672,105600,13.09000015258789,13.09000015258789,6.687896251678467
07-10-2009,13.029999732971191,13.0600004196167,68800,13.09000015258789,13.069999694824219,6.677680969238281
08-10-2009,13.020000457763672,13.050000190734863,123900,13.109999656677246,13.109999656677246,6.698113441467285
09-10-2009,12.670000076293945,13.0600004196167,187800,13.109999656677246,12.800000190734863,6.539735794067383
12-10-2009,12.399999618530273,12.699999809265137,334300,12.779999732971191,12.489999771118164,6.381350040435791
13-10-2009,12.399999618530273,12.399999618530273,118300,12.640000343322754,12.579999923706055,6.458878517150879
14-10-2009,12.229999542236328,12.59000015258789,254800,12.600000381469727,12.3100004196167,6.320249557495117
15-10-2009,11.460000038146973,12.199999809265137,472700,12.199999809265137,12.0,6.161088466644287
16-10-2009,11.960000038146973,11.960000038146973,130300,12.199999809265137,12.1899995803833,6.258640289306641
19-10-2009,12.170000076293945,12.239999771118164,113200,12.329999923706055,12.170000076293945,6.248371124267578
20-10-2009,12.1899995803833,12.1899995803833,94700,12.430000305175781,12.420000076293945,6.376729965209961
21-10-2009,12.279999732971191,12.40999984741211,90900,12.430000305175781,12.279999732971191,6.3048505783081055
22-10-2009,12.239999771118164,12.319999694824219,100400,12.380000114440918,12.270000457763672,6.299714088439941
23-10-2009,12.25,12.25,121900,12.350000381469727,12.3100004196167,6.320249557495117
26-10-2009,12.260000228881836,12.359999656677246,92800,12.359999656677246,12.279999732971191,6.3048505783081055
27-10-2009,12.220000267028809,12.220000267028809,58400,12.319999694824219,12.270000457763672,6.299714088439941
28-10-2009,12.199999809265137,12.300000190734863,75500,12.319999694824219,12.199999809265137,6.263774394989014
29-10-2009,12.180000305175781,12.180000305175781,104200,12.329999923706055,12.25,6.2894463539123535
30-10-2009,12.039999961853027,12.300000190734863,74600,12.300000190734863,12.079999923706055,6.202165603637695
02-11-2009,12.0600004196167,12.149999618530273,122500,12.199999809265137,12.09000015258789,6.207298278808594
03-11-2009,12.020000457763672,12.050000190734863,70200,12.140000343322754,12.09000015258789,6.207298278808594
04-11-2009,12.130000114440918,12.15999984741211,73500,12.25,12.210000038146973,6.268906593322754
05-11-2009,12.170000076293945,12.170000076293945,70800,12.25,12.239999771118164,6.284308433532715
06-11-2009,12.210000038146973,12.220000267028809,82300,12.289999961853027,12.289999961853027,6.309983253479004
09-11-2009,12.260000228881836,12.289999961853027,112500,12.34000015258789,12.329999923706055,6.330520153045654
10-11-2009,12.0600004196167,12.279999732971191,80800,12.289999961853027,12.069999694824219,6.227841377258301
11-11-2009,12.0,12.050000190734863,151300,12.109999656677246,12.09000015258789,6.238158702850342
12-11-2009,11.899999618530273,12.09000015258789,126500,12.100000381469727,11.90999984741211,6.145281791687012
13-11-2009,11.890000343322754,11.899999618530273,73300,11.970000267028809,11.9399995803833,6.160762310028076
16-11-2009,11.920000076293945,11.920000076293945,125100,12.020000457763672,12.020000457763672,6.20204496383667
17-11-2009,11.960000038146973,12.0,106500,12.010000228881836,11.979999542236328,6.181403160095215
18-11-2009,11.960000038146973,12.0,81300,12.039999961853027,11.960000038146973,6.171083927154541
19-11-2009,11.90999984741211,11.979999542236328,88000,12.0,11.989999771118164,6.18656063079834
20-11-2009,11.989999771118164,12.0,135400,12.199999809265137,12.069999694824219,6.227841377258301
23-11-2009,12.020000457763672,12.069999694824219,131600,12.229999542236328,12.0600004196167,6.222681522369385
24-11-2009,12.029999732971191,12.039999961853027,79300,12.100000381469727,12.039999961853027,6.212359428405762
25-11-2009,12.0,12.039999961853027,69800,12.050000190734863,12.039999961853027,6.212359428405762
27-11-2009,11.890000343322754,11.890000343322754,40600,12.119999885559082,12.119999885559082,6.253639221191406
30-11-2009,12.109999656677246,12.130000114440918,84200,12.210000038146973,12.199999809265137,6.294912338256836
01-12-2009,12.199999809265137,12.199999809265137,129300,12.270000457763672,12.270000457763672,6.331036567687988
02-12-2009,12.329999923706055,12.34000015258789,87100,12.369999885559082,12.359999656677246,6.377474308013916
03-12-2009,12.390000343322754,12.390000343322754,79500,12.460000038146973,12.449999809265137,6.423911094665527
04-12-2009,12.329999923706055,12.529999732971191,118900,12.539999961853027,12.420000076293945,6.4084320068359375
07-12-2009,12.3100004196167,12.649999618530273,150800,12.649999618530273,12.34000015258789,6.367154598236084
08-12-2009,12.220000267028809,12.329999923706055,117300,12.369999885559082,12.34000015258789,6.367154598236084
09-12-2009,12.319999694824219,12.34000015258789,113100,12.399999618530273,12.359999656677246,6.377474308013916
10-12-2009,12.380000114440918,12.380000114440918,84300,12.460000038146973,12.4399995803833,6.418752670288086
11-12-2009,12.350000381469727,12.350000381469727,122600,12.420000076293945,12.380000114440918,6.41927433013916
14-12-2009,12.300000190734863,12.390000343322754,153000,12.430000305175781,12.300000190734863,6.377788066864014
15-12-2009,12.149999618530273,12.270000457763672,203500,12.300000190734863,12.180000305175781,6.315568447113037
16-12-2009,12.109999656677246,12.229999542236328,200700,12.260000228881836,12.15999984741211,6.305194854736328
17-12-2009,12.100000381469727,12.100000381469727,162200,12.170000076293945,12.140000343322754,6.294826984405518
18-12-2009,12.170000076293945,12.1899995803833,134700,12.25,12.229999542236328,6.341491222381592
21-12-2009,12.210000038146973,12.210000038146973,113200,12.34000015258789,12.300000190734863,6.377788066864014
22-12-2009,12.180000305175781,12.34000015258789,93700,12.34000015258789,12.289999961853027,6.372608184814453
23-12-2009,12.180000305175781,12.25,163600,12.300000190734863,12.260000228881836,6.357049465179443
24-12-2009,12.199999809265137,12.279999732971191,56100,12.289999961853027,12.289999961853027,6.372608184814453
28-12-2009,12.170000076293945,12.289999961853027,124200,12.319999694824219,12.210000038146973,6.331122875213623
29-12-2009,12.180000305175781,12.180000305175781,109300,12.25,12.25,6.3518595695495605
30-12-2009,12.15999984741211,12.15999984741211,144300,12.300000190734863,12.260000228881836,6.357049465179443
31-12-2009,12.210000038146973,12.300000190734863,125200,12.329999923706055,12.260000228881836,6.357049465179443
04-01-2010,12.229999542236328,12.229999542236328,88200,12.420000076293945,12.369999885559082,6.414085388183594
05-01-2010,12.319999694824219,12.34000015258789,87700,12.399999618530273,12.380000114440918,6.41927433013916
06-01-2010,12.390000343322754,12.390000343322754,95400,12.430000305175781,12.40999984741211,6.434823989868164
07-01-2010,12.390000343322754,12.399999618530273,86400,12.449999809265137,12.449999809265137,6.455569267272949
08-01-2010,12.380000114440918,12.4399995803833,94900,12.510000228881836,12.5,6.481488227844238
11-01-2010,12.470000267028809,12.489999771118164,75900,12.529999732971191,12.5,6.481488227844238
12-01-2010,12.460000038146973,12.510000228881836,78500,12.520000457763672,12.5,6.481488227844238
13-01-2010,12.430000305175781,12.470000267028809,69200,12.479999542236328,12.479999542236328,6.502854347229004
14-01-2010,12.4399995803833,12.4399995803833,121900,12.489999771118164,12.460000038146973,6.492439270019531
15-01-2010,12.479999542236328,12.5,61400,12.539999961853027,12.539999961853027,6.534120559692383
19-01-2010,12.479999542236328,12.479999542236328,135000,12.539999961853027,12.529999732971191,6.528911590576172
20-01-2010,12.489999771118164,12.539999961853027,81100,12.569999694824219,12.489999771118164,6.5080671310424805
21-01-2010,12.449999809265137,12.510000228881836,180300,12.5600004196167,12.5,6.513272762298584
22-01-2010,12.4399995803833,12.449999809265137,99000,12.550000190734863,12.470000267028809,6.4976487159729
25-01-2010,12.4399995803833,12.479999542236328,137700,12.529999732971191,12.470000267028809,6.4976487159729
26-01-2010,12.369999885559082,12.470000267028809,306200,12.539999961853027,12.369999885559082,6.445541858673096
27-01-2010,12.329999923706055,12.329999923706055,111000,12.470000267028809,12.460000038146973,6.492439270019531
28-01-2010,12.40999984741211,12.520000457763672,153800,12.529999732971191,12.529999732971191,6.528911590576172
29-01-2010,12.489999771118164,12.5,120600,12.600000381469727,12.59000015258789,6.560173988342285
01-02-2010,12.539999961853027,12.5600004196167,164400,12.630000114440918,12.579999923706055,6.554962635040283
02-02-2010,12.550000190734863,12.600000381469727,110000,12.729999542236328,12.729999542236328,6.633121490478516
03-02-2010,12.739999771118164,12.739999771118164,167000,12.890000343322754,12.8100004196167,6.674803733825684
04-02-2010,12.729999542236328,12.8100004196167,87300,12.899999618530273,12.770000457763672,6.653965950012207
05-02-2010,12.65999984741211,12.680000305175781,112100,12.859999656677246,12.779999732971191,6.659177780151367
08-02-2010,12.739999771118164,12.760000228881836,98400,12.899999618530273,12.890000343322754,6.716492652893066
09-02-2010,12.829999923706055,12.880000114440918,94700,12.880000114440918,12.850000381469727,6.695647239685059
10-02-2010,12.779999732971191,12.800000190734863,72400,12.869999885559082,12.850000381469727,6.7275848388671875
11-02-2010,12.829999923706055,12.84000015258789,85300,12.899999618530273,12.850000381469727,6.7275848388671875
12-02-2010,12.760000228881836,12.869999885559082,65400,12.869999885559082,12.84000015258789,6.722350120544434
16-02-2010,12.800000190734863,12.819999694824219,109300,12.930000305175781,12.800000190734863,6.701412677764893
17-02-2010,12.640000343322754,12.819999694824219,133200,12.869999885559082,12.6899995803833,6.643819808959961
18-02-2010,12.619999885559082,12.699999809265137,167700,12.8100004196167,12.770000457763672,6.685703754425049
19-02-2010,12.670000076293945,12.699999809265137,78700,12.8100004196167,12.75,6.675233364105225
22-02-2010,12.65999984741211,12.699999809265137,134300,12.760000228881836,12.710000038146973,6.654290676116943
23-02-2010,12.630000114440918,12.670000076293945,150400,12.739999771118164,12.710000038146973,6.654290676116943
24-02-2010,12.729999542236328,12.729999542236328,108900,12.859999656677246,12.829999923706055,6.717116832733154
25-02-2010,12.800000190734863,12.800000190734863,116300,12.90999984741211,12.859999656677246,6.7328200340271
26-02-2010,12.850000381469727,12.850000381469727,117400,12.979999542236328,12.960000038146973,6.7851786613464355
01-03-2010,12.890000343322754,12.979999542236328,106800,12.989999771118164,12.920000076293945,6.764237880706787
02-03-2010,12.890000343322754,12.930000305175781,155600,12.979999542236328,12.930000305175781,6.76947021484375
03-03-2010,12.850000381469727,12.880000114440918,130200,12.949999809265137,12.890000343322754,6.7485270500183105
04-03-2010,12.869999885559082,12.899999618530273,123100,12.930000305175781,12.90999984741211,6.759002208709717
05-03-2010,12.90999984741211,12.989999771118164,110100,12.989999771118164,12.960000038146973,6.7851786613464355
08-03-2010,12.930000305175781,12.930000305175781,137100,13.050000190734863,13.010000228881836,6.811355113983154
09-03-2010,12.920000076293945,12.979999542236328,89500,13.050000190734863,12.970000267028809,6.7904181480407715
10-03-2010,12.930000305175781,12.930000305175781,103900,13.010000228881836,12.979999542236328,6.795647621154785
11-03-2010,12.819999694824219,12.890000343322754,107400,12.90999984741211,12.859999656677246,6.7672295570373535
12-03-2010,12.850000381469727,12.899999618530273,127700,13.010000228881836,12.979999542236328,6.830377101898193
15-03-2010,12.949999809265137,12.949999809265137,58300,13.010000228881836,12.960000038146973,6.819856643676758
16-03-2010,12.859999656677246,12.970000267028809,115700,13.020000457763672,12.880000114440918,6.777760028839111
17-03-2010,12.90999984741211,12.979999542236328,87100,13.050000190734863,12.960000038146973,6.819856643676758
18-03-2010,12.9399995803833,12.949999809265137,65400,13.0,12.979999542236328,6.830377101898193
19-03-2010,12.949999809265137,13.0,68100,13.029999732971191,13.0,6.840902328491211
22-03-2010,12.920000076293945,13.010000228881836,141700,13.069999694824219,12.949999809265137,6.814591884613037
23-03-2010,12.899999618530273,12.989999771118164,170300,13.010000228881836,12.930000305175781,6.804066181182861
24-03-2010,12.8100004196167,12.869999885559082,124300,12.970000267028809,12.970000267028809,6.825120449066162
25-03-2010,12.930000305175781,12.979999542236328,94800,13.010000228881836,12.9399995803833,6.809331893920898
26-03-2010,12.859999656677246,12.930000305175781,72300,12.979999542236328,12.899999618530273,6.788282871246338
29-03-2010,12.9399995803833,12.949999809265137,76600,13.050000190734863,12.970000267028809,6.825120449066162
30-03-2010,12.90999984741211,12.960000038146973,78300,12.979999542236328,12.979999542236328,6.830377101898193
31-03-2010,12.970000267028809,12.970000267028809,88300,13.09000015258789,13.09000015258789,6.888261795043945
01-04-2010,13.050000190734863,13.0600004196167,68200,13.09000015258789,13.050000190734863,6.867212772369385
05-04-2010,13.0,13.069999694824219,99100,13.100000381469727,13.050000190734863,6.867212772369385
06-04-2010,13.039999961853027,13.079999923706055,64800,13.149999618530273,13.119999885559082,6.904052734375
07-04-2010,13.109999656677246,13.130000114440918,78100,13.149999618530273,13.140000343322754,6.914575099945068
08-04-2010,13.109999656677246,13.119999885559082,81500,13.149999618530273,13.119999885559082,6.904052734375
09-04-2010,13.09000015258789,13.109999656677246,73500,13.149999618530273,13.109999656677246,6.8987908363342285
12-04-2010,13.09000015258789,13.119999885559082,119800,13.149999618530273,13.109999656677246,6.8987908363342285
13-04-2010,13.010000228881836,13.039999961853027,57500,13.09000015258789,13.010000228881836,6.88080358505249
14-04-2010,13.020000457763672,13.029999732971191,89000,13.069999694824219,13.020000457763672,6.886094570159912
15-04-2010,12.979999542236328,13.010000228881836,104200,13.050000190734863,13.050000190734863,6.901961326599121
16-04-2010,12.899999618530273,12.930000305175781,100500,13.010000228881836,12.949999809265137,6.849070072174072
19-04-2010,12.90999984741211,12.90999984741211,108000,13.0600004196167,13.010000228881836,6.88080358505249
20-04-2010,13.029999732971191,13.029999732971191,76600,13.079999923706055,13.069999694824219,6.912540912628174
21-04-2010,12.979999542236328,13.069999694824219,111700,13.09000015258789,13.069999694824219,6.912540912628174
22-04-2010,13.020000457763672,13.020000457763672,81900,13.119999885559082,13.109999656677246,6.933692932128906
23-04-2010,13.079999923706055,13.079999923706055,105800,13.15999984741211,13.149999618530273,6.954848766326904
26-04-2010,13.119999885559082,13.119999885559082,71600,13.15999984741211,13.149999618530273,6.954848766326904
27-04-2010,13.100000381469727,13.149999618530273,124700,13.15999984741211,13.140000343322754,6.949563980102539
28-04-2010,13.09000015258789,13.140000343322754,114700,13.15999984741211,13.119999885559082,6.938986301422119
29-04-2010,13.079999923706055,13.15999984741211,92100,13.15999984741211,13.100000381469727,6.92840576171875
30-04-2010,13.050000190734863,13.140000343322754,84400,13.149999618530273,13.130000114440918,6.944268226623535
03-05-2010,13.130000114440918,13.130000114440918,91100,13.199999809265137,13.199999809265137,6.981294631958008
04-05-2010,13.140000343322754,13.149999618530273,109600,13.199999809265137,13.199999809265137,6.981294631958008
05-05-2010,13.15999984741211,13.180000305175781,95100,13.3100004196167,13.239999771118164,7.002448081970215
06-05-2010,13.0,13.25,137200,13.329999923706055,13.199999809265137,6.981294631958008
07-05-2010,12.699999809265137,13.300000190734863,150100,13.300000190734863,13.069999694824219,6.912540912628174
10-05-2010,13.109999656677246,13.170000076293945,128600,13.25,13.15999984741211,6.960136413574219
11-05-2010,13.149999618530273,13.149999618530273,69900,13.1899995803833,13.170000076293945,6.965428352355957
12-05-2010,13.130000114440918,13.140000343322754,119700,13.210000038146973,13.199999809265137,7.016456127166748
13-05-2010,13.180000305175781,13.220000267028809,63700,13.270000457763672,13.260000228881836,7.048349857330322
14-05-2010,13.149999618530273,13.260000228881836,150500,13.289999961853027,13.149999618530273,6.989876747131348
17-05-2010,13.0,13.15999984741211,111400,13.199999809265137,13.039999961853027,6.931406497955322
18-05-2010,13.050000190734863,13.079999923706055,180200,13.260000228881836,13.229999542236328,7.0323991775512695
19-05-2010,13.0600004196167,13.149999618530273,104200,13.25,13.180000305175781,7.005825996398926
20-05-2010,13.069999694824219,13.069999694824219,121400,13.199999809265137,13.15999984741211,6.99519157409668
21-05-2010,13.069999694824219,13.100000381469727,77800,13.25,13.25,7.043034076690674
24-05-2010,13.149999618530273,13.149999618530273,106700,13.279999732971191,13.180000305175781,7.005825996398926
25-05-2010,13.039999961853027,13.039999961853027,79900,13.210000038146973,13.149999618530273,6.989876747131348
26-05-2010,13.149999618530273,13.199999809265137,85700,13.25,13.15999984741211,6.99519157409668
27-05-2010,13.199999809265137,13.289999961853027,103000,13.289999961853027,13.239999771118164,7.037716865539551
28-05-2010,13.210000038146973,13.229999542236328,71700,13.289999961853027,13.210000038146973,7.0217695236206055
01-06-2010,13.170000076293945,13.220000267028809,67500,13.25,13.170000076293945,7.0005106925964355
02-06-2010,13.210000038146973,13.229999542236328,77200,13.270000457763672,13.220000267028809,7.027084827423096
03-06-2010,13.199999809265137,13.260000228881836,113400,13.270000457763672,13.229999542236328,7.0323991775512695
04-06-2010,13.130000114440918,13.130000114440918,95000,13.270000457763672,13.229999542236328,7.0323991775512695
07-06-2010,13.220000267028809,13.25,118100,13.369999885559082,13.369999885559082,7.106820106506348
08-06-2010,13.3100004196167,13.319999694824219,102000,13.5,13.5,7.175923824310303
09-06-2010,13.319999694824219,13.460000038146973,133400,13.550000190734863,13.34000015258789,7.090875148773193
10-06-2010,13.300000190734863,13.399999618530273,140200,13.470000267028809,13.40999984741211,7.128079891204834
11-06-2010,13.319999694824219,13.319999694824219,160000,13.579999923706055,13.529999732971191,7.2301459312438965
14-06-2010,13.399999618530273,13.600000381469727,186900,13.649999618530273,13.609999656677246,7.272900581359863
15-06-2010,13.4399995803833,13.75,153900,13.75,13.5,7.214118003845215
16-06-2010,13.359999656677246,13.4399995803833,98600,13.59000015258789,13.539999961853027,7.235490322113037
17-06-2010,13.420000076293945,13.510000228881836,81000,13.539999961853027,13.470000267028809,7.198083400726318
18-06-2010,13.479999542236328,13.5,159000,13.630000114440918,13.630000114440918,7.283583641052246
21-06-2010,13.630000114440918,13.779999732971191,93500,13.779999732971191,13.739999771118164,7.342372417449951
22-06-2010,13.569999694824219,13.6899995803833,134500,13.739999771118164,13.6899995803833,7.31564998626709
23-06-2010,13.640000343322754,13.6899995803833,84800,13.739999771118164,13.6899995803833,7.31564998626709
24-06-2010,13.649999618530273,13.649999618530273,99100,13.729999542236328,13.729999542236328,7.337022304534912
25-06-2010,13.6899995803833,13.6899995803833,82200,13.859999656677246,13.850000381469727,7.401146411895752
28-06-2010,13.84000015258789,13.899999618530273,121100,13.930000305175781,13.930000305175781,7.443897247314453
29-06-2010,13.699999809265137,13.869999885559082,145800,13.920000076293945,13.8100004196167,7.379775524139404
30-06-2010,13.75,13.779999732971191,120200,13.850000381469727,13.819999694824219,7.385115146636963
01-07-2010,13.729999542236328,13.84000015258789,127500,13.84000015258789,13.789999961853027,7.369086742401123
02-07-2010,13.770000457763672,13.770000457763672,121200,13.9399995803833,13.850000381469727,7.401146411895752
06-07-2010,13.819999694824219,13.84000015258789,115300,13.90999984741211,13.90999984741211,7.43320894241333
07-07-2010,13.8100004196167,13.899999618530273,100700,13.9399995803833,13.869999885559082,7.411834239959717
08-07-2010,13.699999809265137,13.890000343322754,120400,13.890000343322754,13.779999732971191,7.363746643066406
09-07-2010,13.760000228881836,13.760000228881836,102300,13.819999694824219,13.770000457763672,7.358394622802734
12-07-2010,13.699999809265137,13.8100004196167,117000,13.8100004196167,13.800000190734863,7.3744306564331055
13-07-2010,13.720000267028809,13.729999542236328,121200,13.779999732971191,13.779999732971191,7.401825428009033
14-07-2010,13.760000228881836,13.779999732971191,134500,13.90999984741211,13.899999618530273,7.466280937194824
15-07-2010,13.869999885559082,13.9399995803833,119600,13.970000267028809,13.930000305175781,7.482396602630615
16-07-2010,13.899999618530273,13.960000038146973,51600,14.0,13.960000038146973,7.498507976531982
19-07-2010,13.960000038146973,13.979999542236328,88600,14.020000457763672,13.960000038146973,7.498507976531982
20-07-2010,13.949999809265137,13.970000267028809,122200,14.09000015258789,14.0600004196167,7.55222749710083
21-07-2010,14.020000457763672,14.039999961853027,102700,14.079999923706055,14.0600004196167,7.55222749710083
22-07-2010,14.010000228881836,14.039999961853027,123100,14.09000015258789,14.09000015258789,7.568341255187988
23-07-2010,14.039999961853027,14.09000015258789,178400,14.130000114440918,14.050000190734863,7.546855449676514
26-07-2010,14.010000228881836,14.069999694824219,122800,14.109999656677246,14.029999732971191,7.536105155944824
27-07-2010,13.989999771118164,14.039999961853027,116900,14.069999694824219,14.010000228881836,7.525368690490723
28-07-2010,13.979999542236328,13.979999542236328,98900,14.039999961853027,14.029999732971191,7.536105155944824
29-07-2010,14.0,14.0,78600,14.170000076293945,14.170000076293945,7.611307144165039
30-07-2010,14.100000381469727,14.130000114440918,112000,14.260000228881836,14.170000076293945,7.611307144165039
02-08-2010,14.15999984741211,14.180000305175781,115600,14.229999542236328,14.180000305175781,7.616684913635254
03-08-2010,14.109999656677246,14.180000305175781,150000,14.300000190734863,14.300000190734863,7.681137561798096
04-08-2010,14.220000267028809,14.270000457763672,112700,14.369999885559082,14.319999694824219,7.691882610321045
05-08-2010,14.270000457763672,14.3100004196167,81900,14.369999885559082,14.270000457763672,7.665030002593994
06-08-2010,14.229999542236328,14.279999732971191,102400,14.350000381469727,14.289999961853027,7.675765037536621
09-08-2010,14.229999542236328,14.300000190734863,98500,14.34000015258789,14.279999732971191,7.670398712158203
10-08-2010,14.130000114440918,14.130000114440918,175100,14.279999732971191,14.279999732971191,7.670398712158203
11-08-2010,14.180000305175781,14.180000305175781,87200,14.420000076293945,14.350000381469727,7.707995414733887
12-08-2010,14.25,14.260000228881836,103000,14.34000015258789,14.3100004196167,7.724732398986816
13-08-2010,14.229999542236328,14.260000228881836,137500,14.319999694824219,14.319999694824219,7.730127334594727
16-08-2010,14.300000190734863,14.34000015258789,133900,14.5,14.479999542236328,7.816497325897217
17-08-2010,14.4399995803833,14.449999809265137,102900,14.5,14.460000038146973,7.805700778961182
18-08-2010,14.40999984741211,14.449999809265137,120800,14.5,14.5,7.827295780181885
19-08-2010,14.289999961853027,14.430000305175781,127300,14.489999771118164,14.369999885559082,7.757120609283447
20-08-2010,14.319999694824219,14.369999885559082,64500,14.380000114440918,14.359999656677246,7.751719951629639
23-08-2010,14.390000343322754,14.399999618530273,73700,14.479999542236328,14.479999542236328,7.816497325897217
24-08-2010,14.449999809265137,14.460000038146973,88100,14.5600004196167,14.520000457763672,7.8380913734436035
25-08-2010,14.319999694824219,14.460000038146973,141800,14.5600004196167,14.350000381469727,7.746321201324463
26-08-2010,14.319999694824219,14.430000305175781,134700,14.479999542236328,14.319999694824219,7.730127334594727
27-08-2010,14.319999694824219,14.34000015258789,104800,14.40999984741211,14.369999885559082,7.757120609283447
30-08-2010,14.390000343322754,14.399999618530273,122000,14.489999771118164,14.489999771118164,7.821897029876709
31-08-2010,14.380000114440918,14.479999542236328,137900,14.489999771118164,14.390000343322754,7.767914295196533
01-09-2010,14.369999885559082,14.4399995803833,118700,14.449999809265137,14.390000343322754,7.767914295196533
02-09-2010,14.359999656677246,14.380000114440918,112700,14.470000267028809,14.470000267028809,7.811099052429199
03-09-2010,14.359999656677246,14.470000267028809,100200,14.5,14.369999885559082,7.757120609283447
07-09-2010,14.359999656677246,14.390000343322754,69800,14.449999809265137,14.449999809265137,7.800304412841797
08-09-2010,14.380000114440918,14.449999809265137,86300,14.479999542236328,14.479999542236328,7.816497325897217
09-09-2010,14.430000305175781,14.470000267028809,85600,14.479999542236328,14.470000267028809,7.811099052429199
10-09-2010,14.4399995803833,14.4399995803833,114400,14.479999542236328,14.460000038146973,7.805700778961182
13-09-2010,14.289999961853027,14.359999656677246,155500,14.40999984741211,14.3100004196167,7.763388633728027
14-09-2010,14.1899995803833,14.3100004196167,180900,14.329999923706055,14.239999771118164,7.725409030914307
15-09-2010,13.829999923706055,14.260000228881836,305900,14.289999961853027,13.949999809265137,7.568084239959717
16-09-2010,13.779999732971191,14.0,237200,14.09000015258789,13.829999923706055,7.502978801727295
17-09-2010,13.84000015258789,13.869999885559082,173100,14.010000228881836,13.930000305175781,7.5572309494018555
20-09-2010,13.899999618530273,13.899999618530273,149800,14.100000381469727,14.100000381469727,7.6494574546813965
21-09-2010,14.050000190734863,14.100000381469727,152500,14.170000076293945,14.100000381469727,7.6494574546813965
22-09-2010,14.100000381469727,14.140000343322754,90100,14.229999542236328,14.149999618530273,7.6765828132629395
23-09-2010,14.109999656677246,14.199999809265137,177700,14.239999771118164,14.140000343322754,7.671158790588379
24-09-2010,14.0600004196167,14.199999809265137,73100,14.199999809265137,14.119999885559082,7.660308361053467
27-09-2010,14.100000381469727,14.140000343322754,115300,14.229999542236328,14.229999542236328,7.71998405456543
28-09-2010,14.140000343322754,14.229999542236328,154100,14.25,14.210000038146973,7.709136962890625
29-09-2010,14.119999885559082,14.149999618530273,131100,14.199999809265137,14.199999809265137,7.703706741333008
30-09-2010,14.119999885559082,14.180000305175781,102500,14.210000038146973,14.170000076293945,7.68743371963501
01-10-2010,14.050000190734863,14.170000076293945,174700,14.170000076293945,14.140000343322754,7.671158790588379
04-10-2010,14.050000190734863,14.119999885559082,180100,14.180000305175781,14.130000114440918,7.665732383728027
05-10-2010,14.029999732971191,14.100000381469727,164100,14.119999885559082,14.029999732971191,7.611478328704834
06-10-2010,13.850000381469727,14.119999885559082,211600,14.119999885559082,13.899999618530273,7.540952682495117
07-10-2010,13.8100004196167,13.890000343322754,149100,13.90999984741211,13.899999618530273,7.540952682495117
08-10-2010,13.819999694824219,13.949999809265137,145000,14.079999923706055,14.079999923706055,7.638607025146484
11-10-2010,14.010000228881836,14.010000228881836,91500,14.069999694824219,14.050000190734863,7.6223368644714355
12-10-2010,13.970000267028809,14.0,135900,14.100000381469727,14.100000381469727,7.6494574546813965
13-10-2010,13.960000038146973,14.140000343322754,166800,14.140000343322754,14.029999732971191,7.650547027587891
14-10-2010,14.0,14.0600004196167,104900,14.100000381469727,14.100000381469727,7.688721656799316
15-10-2010,14.020000457763672,14.079999923706055,96000,14.079999923706055,14.029999732971191,7.650547027587891
18-10-2010,13.949999809265137,14.0,155500,14.0600004196167,13.979999542236328,7.623284816741943
19-10-2010,13.899999618530273,13.960000038146973,136900,13.979999542236328,13.979999542236328,7.623284816741943
20-10-2010,13.90999984741211,13.949999809265137,99100,13.989999771118164,13.960000038146973,7.612377166748047
21-10-2010,13.930000305175781,13.949999809265137,97100,14.020000457763672,13.989999771118164,7.62873649597168
22-10-2010,13.9399995803833,14.020000457763672,81900,14.050000190734863,14.050000190734863,7.661454677581787
25-10-2010,14.020000457763672,14.020000457763672,137000,14.180000305175781,14.149999618530273,7.7159833908081055
26-10-2010,14.09000015258789,14.119999885559082,100400,14.170000076293945,14.170000076293945,7.726892948150635
27-10-2010,14.029999732971191,14.109999656677246,104200,14.15999984741211,14.140000343322754,7.71053409576416
28-10-2010,13.949999809265137,14.149999618530273,126100,14.149999618530273,14.029999732971191,7.650547027587891
29-10-2010,13.970000267028809,13.979999542236328,84900,14.0600004196167,14.050000190734863,7.661454677581787
01-11-2010,14.029999732971191,14.069999694824219,142700,14.180000305175781,14.170000076293945,7.726892948150635
02-11-2010,14.0600004196167,14.119999885559082,136300,14.1899995803833,14.140000343322754,7.71053409576416
03-11-2010,14.079999923706055,14.119999885559082,128600,14.119999885559082,14.119999885559082,7.6996235847473145
04-11-2010,14.020000457763672,14.109999656677246,119800,14.109999656677246,14.09000015258789,7.683263301849365
05-11-2010,14.010000228881836,14.069999694824219,95800,14.109999656677246,14.069999694824219,7.67236328125
08-11-2010,13.960000038146973,14.029999732971191,94300,14.050000190734863,13.989999771118164,7.62873649597168
09-11-2010,13.710000038146973,14.0,216200,14.020000457763672,13.84000015258789,7.546941757202148
10-11-2010,13.1899995803833,13.710000038146973,291100,13.779999732971191,13.390000343322754,7.339737415313721
11-11-2010,12.59000015258789,13.359999656677246,469300,13.380000114440918,13.119999885559082,7.191738128662109
12-11-2010,12.949999809265137,13.09000015258789,327200,13.100000381469727,12.989999771118164,7.120478630065918
15-11-2010,12.180000305175781,12.920000076293945,642800,12.930000305175781,12.220000267028809,6.698408126831055
16-11-2010,11.899999618530273,12.039999961853027,731200,12.619999885559082,12.609999656677246,6.912182807922363
17-11-2010,12.479999542236328,12.600000381469727,303000,12.979999542236328,12.899999618530273,7.071141719818115
18-11-2010,12.470000267028809,12.9399995803833,357100,12.9399995803833,12.779999732971191,7.005366325378418
19-11-2010,12.65999984741211,12.760000228881836,195000,12.899999618530273,12.84000015258789,7.038258075714111
22-11-2010,12.859999656677246,12.859999656677246,218000,13.079999923706055,13.020000457763672,7.136926174163818
23-11-2010,13.0,13.039999961853027,178400,13.180000305175781,13.15999984741211,7.213665962219238
24-11-2010,13.119999885559082,13.130000114440918,114000,13.199999809265137,13.180000305175781,7.224628925323486
26-11-2010,13.119999885559082,13.170000076293945,59200,13.289999961853027,13.239999771118164,7.257515907287598
29-11-2010,13.220000267028809,13.270000457763672,116900,13.289999961853027,13.289999961853027,7.2849225997924805
30-11-2010,13.199999809265137,13.239999771118164,152500,13.300000190734863,13.270000457763672,7.273964881896973
01-12-2010,12.970000267028809,13.329999923706055,173300,13.329999923706055,13.010000228881836,7.131440162658691
02-12-2010,12.680000305175781,13.0600004196167,174100,13.0600004196167,12.720000267028809,6.972479343414307
03-12-2010,12.699999809265137,12.739999771118164,190300,12.960000038146973,12.770000457763672,6.9998860359191895
06-12-2010,12.510000228881836,12.760000228881836,208300,12.770000457763672,12.579999923706055,6.895737648010254
07-12-2010,12.260000228881836,12.65999984741211,383600,12.65999984741211,12.449999809265137,6.824477672576904
08-12-2010,12.229999542236328,12.359999656677246,300300,12.4399995803833,12.350000381469727,6.7696638107299805
09-12-2010,12.270000457763672,12.380000114440918,234100,12.430000305175781,12.420000076293945,6.808032512664795
10-12-2010,12.180000305175781,12.420000076293945,317800,12.420000076293945,12.3100004196167,6.747735977172852
13-12-2010,12.050000190734863,12.15999984741211,213000,12.229999542236328,12.1899995803833,6.721269130706787
14-12-2010,12.0,12.119999885559082,327000,12.1899995803833,12.149999618530273,6.699216365814209
15-12-2010,11.989999771118164,12.100000381469727,258700,12.279999732971191,12.220000267028809,6.737816333770752
16-12-2010,12.170000076293945,12.170000076293945,284500,12.729999542236328,12.729999542236328,7.019015312194824
17-12-2010,12.550000190734863,12.649999618530273,224900,12.789999961853027,12.569999694824219,6.9307942390441895
20-12-2010,12.010000228881836,12.550000190734863,328500,12.550000190734863,12.15999984741211,6.704730033874512
21-12-2010,11.979999542236328,12.130000114440918,377600,12.180000305175781,12.029999732971191,6.633052825927734
22-12-2010,12.010000228881836,12.010000228881836,213200,12.149999618530273,12.0600004196167,6.649592876434326
23-12-2010,12.029999732971191,12.100000381469727,231800,12.140000343322754,12.09000015258789,6.666135787963867
27-12-2010,12.050000190734863,12.079999923706055,191600,12.119999885559082,12.079999923706055,6.660621166229248
28-12-2010,12.050000190734863,12.100000381469727,343600,12.119999885559082,12.079999923706055,6.660621166229248
29-12-2010,12.050000190734863,12.09000015258789,237800,12.199999809265137,12.180000305175781,6.715756893157959
30-12-2010,12.119999885559082,12.130000114440918,233100,12.279999732971191,12.279999732971191,6.770897388458252
31-12-2010,12.260000228881836,12.260000228881836,183100,12.529999732971191,12.470000267028809,6.875656604766846
03-01-2011,12.34000015258789,12.479999542236328,117900,12.479999542236328,12.359999656677246,6.81500244140625
04-01-2011,12.300000190734863,12.34000015258789,186200,12.479999542236328,12.399999618530273,6.837059020996094
05-01-2011,12.350000381469727,12.350000381469727,129600,12.460000038146973,12.399999618530273,6.837059020996094
06-01-2011,12.3100004196167,12.380000114440918,94300,12.470000267028809,12.3100004196167,6.787433624267578
07-01-2011,12.260000228881836,12.3100004196167,114900,12.359999656677246,12.359999656677246,6.81500244140625
10-01-2011,12.170000076293945,12.289999961853027,128200,12.359999656677246,12.25,6.75435209274292
11-01-2011,12.109999656677246,12.229999542236328,255800,12.229999542236328,12.149999618530273,6.699216365814209
12-01-2011,11.920000076293945,12.0600004196167,197600,12.0600004196167,11.960000038146973,6.633768558502197
13-01-2011,11.609999656677246,11.920000076293945,420500,11.930000305175781,11.6899995803833,6.484007835388184
14-01-2011,11.210000038146973,11.550000190734863,513600,11.630000114440918,11.449999809265137,6.350885391235352
18-01-2011,11.300000190734863,11.350000381469727,333200,11.550000190734863,11.520000457763672,6.389715671539307
19-01-2011,11.260000228881836,11.510000228881836,289200,11.579999923706055,11.579999923706055,6.422995090484619
20-01-2011,11.460000038146973,11.550000190734863,249000,11.8100004196167,11.720000267028809,6.500648021697998
21-01-2011,11.75,11.75,211700,11.949999809265137,11.819999694824219,6.5561089515686035
24-01-2011,11.819999694824219,11.819999694824219,153700,11.989999771118164,11.960000038146973,6.633768558502197
25-01-2011,11.899999618530273,12.039999961853027,182800,12.149999618530273,12.079999923706055,6.700327396392822
26-01-2011,12.039999961853027,12.130000114440918,147200,12.149999618530273,12.09000015258789,6.705873489379883
27-01-2011,11.949999809265137,12.069999694824219,343600,12.220000267028809,12.199999809265137,6.766881942749023
28-01-2011,12.09000015258789,12.199999809265137,150600,12.199999809265137,12.180000305175781,6.755792140960693
31-01-2011,12.130000114440918,12.1899995803833,136100,12.239999771118164,12.170000076293945,6.750242233276367
01-02-2011,12.140000343322754,12.140000343322754,151000,12.260000228881836,12.229999542236328,6.7835235595703125
02-02-2011,12.170000076293945,12.180000305175781,106900,12.279999732971191,12.170000076293945,6.750242233276367
03-02-2011,11.970000267028809,12.130000114440918,159600,12.199999809265137,11.970000267028809,6.639312267303467
04-02-2011,11.890000343322754,11.9399995803833,194600,12.020000457763672,11.989999771118164,6.650407791137695
07-02-2011,11.930000305175781,11.930000305175781,213300,12.15999984741211,12.149999618530273,6.739150524139404
08-02-2011,12.029999732971191,12.069999694824219,100400,12.109999656677246,12.039999961853027,6.678136348724365
09-02-2011,11.979999542236328,12.010000228881836,123100,12.09000015258789,12.029999732971191,6.672595500946045
10-02-2011,11.989999771118164,12.069999694824219,91800,12.069999694824219,11.989999771118164,6.650407791137695
11-02-2011,11.880000114440918,11.880000114440918,186200,12.0600004196167,11.930000305175781,6.657103061676025
14-02-2011,11.829999923706055,11.9399995803833,114900,12.010000228881836,11.970000267028809,6.679421901702881
15-02-2011,11.9399995803833,11.989999771118164,127800,12.050000190734863,12.050000190734863,6.724062919616699
16-02-2011,11.970000267028809,12.020000457763672,155000,12.180000305175781,12.180000305175781,6.796606540679932
17-02-2011,12.119999885559082,12.130000114440918,176400,12.220000267028809,12.180000305175781,6.796606540679932
18-02-2011,12.140000343322754,12.199999809265137,117100,12.220000267028809,12.1899995803833,6.802182197570801
22-02-2011,12.050000190734863,12.180000305175781,174800,12.180000305175781,12.119999885559082,6.763124465942383
23-02-2011,12.0,12.050000190734863,202200,12.270000457763672,12.039999961853027,6.71848201751709
24-02-2011,12.0,12.100000381469727,107200,12.119999885559082,12.09000015258789,6.7463836669921875
25-02-2011,12.020000457763672,12.09000015258789,92900,12.119999885559082,12.079999923706055,6.740803241729736
28-02-2011,12.050000190734863,12.079999923706055,81300,12.149999618530273,12.109999656677246,6.757544040679932
01-03-2011,12.109999656677246,12.149999618530273,156600,12.270000457763672,12.199999809265137,6.807759761810303
02-03-2011,12.180000305175781,12.199999809265137,88800,12.300000190734863,12.279999732971191,6.852409362792969
03-03-2011,12.100000381469727,12.239999771118164,121400,12.289999961853027,12.149999618530273,6.77986478805542
04-03-2011,12.109999656677246,12.119999885559082,136100,12.210000038146973,12.170000076293945,6.791023254394531
07-03-2011,12.130000114440918,12.170000076293945,111600,12.289999961853027,12.289999961853027,6.857990264892578
08-03-2011,12.239999771118164,12.25,136400,12.390000343322754,12.369999885559082,6.902627468109131
09-03-2011,12.289999961853027,12.369999885559082,154000,12.430000305175781,12.319999694824219,6.874724388122559
10-03-2011,12.260000228881836,12.369999885559082,163400,12.40999984741211,12.369999885559082,6.902627468109131
11-03-2011,12.270000457763672,12.270000457763672,90300,12.380000114440918,12.300000190734863,6.903752326965332
14-03-2011,12.289999961853027,12.289999961853027,135300,12.390000343322754,12.369999885559082,6.943043231964111
15-03-2011,12.199999809265137,12.319999694824219,73000,12.359999656677246,12.289999961853027,6.898138046264648
16-03-2011,12.1899995803833,12.300000190734863,74200,12.350000381469727,12.199999809265137,6.84761905670166
17-03-2011,12.210000038146973,12.220000267028809,69900,12.300000190734863,12.279999732971191,6.8925251960754395
18-03-2011,12.180000305175781,12.289999961853027,110700,12.3100004196167,12.210000038146973,6.853236675262451
21-03-2011,12.050000190734863,12.199999809265137,200600,12.239999771118164,12.09000015258789,6.78588342666626
22-03-2011,11.979999542236328,12.069999694824219,153700,12.09000015258789,12.039999961853027,6.757819175720215
23-03-2011,11.989999771118164,11.989999771118164,155200,12.119999885559082,12.109999656677246,6.797107696533203
24-03-2011,12.029999732971191,12.109999656677246,119800,12.170000076293945,12.050000190734863,6.763431549072266
25-03-2011,11.960000038146973,12.069999694824219,203300,12.069999694824219,12.029999732971191,6.752203941345215
28-03-2011,11.979999542236328,11.979999542236328,134000,12.09000015258789,12.010000228881836,6.740973949432373
29-03-2011,11.949999809265137,12.0,136400,12.0600004196167,11.979999542236328,6.7241411209106445
30-03-2011,11.989999771118164,12.020000457763672,87800,12.079999923706055,12.039999961853027,6.757819175720215
31-03-2011,12.020000457763672,12.020000457763672,115300,12.09000015258789,12.050000190734863,6.763431549072266
01-04-2011,12.0600004196167,12.09000015258789,75000,12.130000114440918,12.109999656677246,6.797107696533203
04-04-2011,11.90999984741211,12.0600004196167,247300,12.09000015258789,11.9399995803833,6.701687812805176
05-04-2011,11.90999984741211,11.90999984741211,106900,12.029999732971191,11.960000038146973,6.712916374206543
06-04-2011,11.920000076293945,11.960000038146973,144000,12.020000457763672,11.930000305175781,6.6960768699646
07-04-2011,11.859999656677246,11.920000076293945,113400,11.960000038146973,11.930000305175781,6.6960768699646
08-04-2011,11.829999923706055,11.880000114440918,122700,11.930000305175781,11.829999923706055,6.639947414398193
11-04-2011,11.720000267028809,11.850000381469727,119900,11.869999885559082,11.789999961853027,6.617490768432617
12-04-2011,11.710000038146973,11.800000190734863,96900,11.84000015258789,11.819999694824219,6.634335517883301
13-04-2011,11.609999656677246,11.800000190734863,176100,11.800000190734863,11.640000343322754,6.573344707489014
14-04-2011,11.59000015258789,11.600000381469727,124700,11.760000228881836,11.670000076293945,6.590286731719971
15-04-2011,11.630000114440918,11.670000076293945,109800,11.699999809265137,11.65999984741211,6.584639072418213
18-04-2011,11.579999923706055,11.649999618530273,124600,11.819999694824219,11.789999961853027,6.658051490783691
19-04-2011,11.779999732971191,11.829999923706055,144200,11.850000381469727,11.779999732971191,6.652407169342041
20-04-2011,11.8100004196167,11.859999656677246,129600,11.949999809265137,11.90999984741211,6.725821018218994
21-04-2011,11.869999885559082,11.899999618530273,47800,11.960000038146973,11.899999618530273,6.7201738357543945
25-04-2011,11.869999885559082,11.9399995803833,87000,11.960000038146973,11.899999618530273,6.7201738357543945
26-04-2011,11.859999656677246,11.90999984741211,123000,11.979999542236328,11.970000267028809,6.759703636169434
27-04-2011,11.970000267028809,12.020000457763672,89100,12.0600004196167,12.020000457763672,6.7879414558410645
28-04-2011,11.970000267028809,12.050000190734863,100000,12.0600004196167,12.010000228881836,6.782291889190674
29-04-2011,11.989999771118164,12.029999732971191,85000,12.069999694824219,12.069999694824219,6.816174030303955
02-05-2011,12.020000457763672,12.069999694824219,136000,12.15999984741211,12.140000343322754,6.855706214904785
03-05-2011,12.050000190734863,12.050000190734863,139000,12.210000038146973,12.140000343322754,6.855706214904785
04-05-2011,12.130000114440918,12.130000114440918,126000,12.260000228881836,12.170000076293945,6.872646808624268
05-05-2011,12.15999984741211,12.15999984741211,120800,12.270000457763672,12.220000267028809,6.900889873504639
06-05-2011,12.180000305175781,12.1899995803833,101100,12.289999961853027,12.239999771118164,6.912177085876465
09-05-2011,12.220000267028809,12.220000267028809,112000,12.390000343322754,12.34000015258789,6.968653678894043
10-05-2011,12.229999542236328,12.3100004196167,184800,12.34000015258789,12.3100004196167,6.951708793640137
11-05-2011,12.300000190734863,12.329999923706055,96800,12.350000381469727,12.350000381469727,6.974300384521484
12-05-2011,12.1899995803833,12.1899995803833,88500,12.329999923706055,12.300000190734863,6.986796855926514
13-05-2011,12.270000457763672,12.270000457763672,118600,12.350000381469727,12.329999923706055,7.003837585449219
16-05-2011,12.300000190734863,12.34000015258789,161000,12.430000305175781,12.430000305175781,7.06063985824585
17-05-2011,12.369999885559082,12.369999885559082,99200,12.449999809265137,12.399999618530273,7.043593883514404
18-05-2011,12.369999885559082,12.449999809265137,122200,12.489999771118164,12.369999885559082,7.026557445526123
19-05-2011,12.390000343322754,12.40999984741211,124300,12.5,12.489999771118164,7.094720363616943
20-05-2011,12.489999771118164,12.5,100600,12.520000457763672,12.5,7.100398063659668
23-05-2011,12.430000305175781,12.460000038146973,140200,12.5600004196167,12.550000190734863,7.128801345825195
24-05-2011,12.4399995803833,12.510000228881836,105100,12.550000190734863,12.4399995803833,7.066317558288574
25-05-2011,12.380000114440918,12.420000076293945,120900,12.470000267028809,12.449999809265137,7.0719990730285645
26-05-2011,12.4399995803833,12.449999809265137,96200,12.5,12.5,7.100398063659668
27-05-2011,12.489999771118164,12.529999732971191,96000,12.539999961853027,12.5,7.100398063659668
31-05-2011,12.479999542236328,12.489999771118164,143500,12.569999694824219,12.550000190734863,7.128801345825195
01-06-2011,12.539999961853027,12.579999923706055,239200,12.640000343322754,12.550000190734863,7.128801345825195
02-06-2011,12.489999771118164,12.550000190734863,215300,12.569999694824219,12.529999732971191,7.117440223693848
03-06-2011,12.5600004196167,12.5600004196167,236800,12.699999809265137,12.699999809265137,7.21400785446167
06-06-2011,12.649999618530273,12.65999984741211,107900,12.720000267028809,12.65999984741211,7.191286087036133
07-06-2011,12.649999618530273,12.649999618530273,171600,12.75,12.65999984741211,7.191286087036133
08-06-2011,12.569999694824219,12.65999984741211,135800,12.680000305175781,12.569999694824219,7.140165328979492
09-06-2011,12.520000457763672,12.539999961853027,142400,12.5600004196167,12.539999961853027,7.1231207847595215
10-06-2011,12.520000457763672,12.520000457763672,126700,12.569999694824219,12.529999732971191,7.117440223693848
13-06-2011,12.390000343322754,12.4399995803833,132000,12.5600004196167,12.430000305175781,7.101444244384766
14-06-2011,12.470000267028809,12.479999542236328,105000,12.5600004196167,12.520000457763672,7.152862548828125
15-06-2011,12.4399995803833,12.4399995803833,105200,12.569999694824219,12.5,7.141433238983154
16-06-2011,12.460000038146973,12.460000038146973,103700,12.5600004196167,12.520000457763672,7.152862548828125
17-06-2011,12.470000267028809,12.489999771118164,125000,12.520000457763672,12.479999542236328,7.130007266998291
20-06-2011,12.449999809265137,12.5,130600,12.550000190734863,12.539999961853027,7.164289951324463
21-06-2011,12.550000190734863,12.569999694824219,120600,12.619999885559082,12.569999694824219,7.181426525115967
22-06-2011,12.569999694824219,12.59000015258789,61700,12.670000076293945,12.670000076293945,7.238559246063232
23-06-2011,12.619999885559082,12.65999984741211,167800,12.789999961853027,12.779999732971191,7.301402568817139
24-06-2011,12.640000343322754,12.8100004196167,97900,12.8100004196167,12.699999809265137,7.255699157714844
27-06-2011,12.630000114440918,12.720000267028809,133900,12.720000267028809,12.670000076293945,7.238559246063232
28-06-2011,12.649999618530273,12.649999618530273,99700,12.710000038146973,12.699999809265137,7.255699157714844
29-06-2011,12.59000015258789,12.720000267028809,104800,12.720000267028809,12.609999656677246,7.204283237457275
30-06-2011,12.539999961853027,12.569999694824219,117100,12.640000343322754,12.539999961853027,7.164289951324463
01-07-2011,12.569999694824219,12.600000381469727,117300,12.630000114440918,12.619999885559082,7.209991455078125
05-07-2011,12.579999923706055,12.65999984741211,81700,12.710000038146973,12.699999809265137,7.255699157714844
06-07-2011,12.649999618530273,12.649999618530273,97100,12.699999809265137,12.670000076293945,7.238559246063232
07-07-2011,12.699999809265137,12.699999809265137,80300,12.789999961853027,12.739999771118164,7.278548717498779
08-07-2011,12.680000305175781,12.720000267028809,135800,12.800000190734863,12.800000190734863,7.312833786010742
11-07-2011,12.699999809265137,12.8100004196167,133000,12.829999923706055,12.710000038146973,7.261410713195801
12-07-2011,12.680000305175781,12.729999542236328,148200,12.770000457763672,12.770000457763672,7.295693397521973
13-07-2011,12.65999984741211,12.6899995803833,58600,12.720000267028809,12.65999984741211,7.273855686187744
14-07-2011,12.539999961853027,12.6899995803833,98600,12.699999809265137,12.569999694824219,7.2221503257751465
15-07-2011,12.4399995803833,12.59000015258789,169100,12.600000381469727,12.449999809265137,7.153199672698975
18-07-2011,12.399999618530273,12.470000267028809,103400,12.470000267028809,12.420000076293945,7.135965347290039
19-07-2011,12.399999618530273,12.449999809265137,87600,12.5,12.479999542236328,7.170438766479492
20-07-2011,12.5,12.5,100900,12.630000114440918,12.630000114440918,7.256622791290283
21-07-2011,12.619999885559082,12.619999885559082,79800,12.699999809265137,12.630000114440918,7.256622791290283
22-07-2011,12.619999885559082,12.65999984741211,92900,12.720000267028809,12.6899995803833,7.291092872619629
25-07-2011,12.579999923706055,12.670000076293945,84100,12.670000076293945,12.579999923706055,7.2278947830200195
26-07-2011,12.489999771118164,12.600000381469727,93800,12.609999656677246,12.539999961853027,7.204913139343262
27-07-2011,12.3100004196167,12.479999542236328,104000,12.510000228881836,12.3100004196167,7.072765350341797
28-07-2011,12.180000305175781,12.25,141100,12.369999885559082,12.25,7.0382914543151855
29-07-2011,12.09000015258789,12.229999542236328,238800,12.229999542236328,12.170000076293945,6.992327690124512
01-08-2011,12.25,12.25,69300,12.430000305175781,12.390000343322754,7.118731498718262
02-08-2011,12.4399995803833,12.4399995803833,153200,12.579999923706055,12.5600004196167,7.216408729553223
03-08-2011,12.579999923706055,12.630000114440918,139000,12.680000305175781,12.640000343322754,7.262364387512207
04-08-2011,12.489999771118164,12.680000305175781,170800,12.720000267028809,12.510000228881836,7.187674522399902
05-08-2011,12.329999923706055,12.579999923706055,127200,12.579999923706055,12.449999809265137,7.153199672698975
08-08-2011,11.859999656677246,12.3100004196167,252000,12.3100004196167,12.010000228881836,6.90039587020874
09-08-2011,11.920000076293945,12.010000228881836,185400,12.3100004196167,12.289999961853027,7.061270713806152
10-08-2011,12.25,12.25,146900,12.550000190734863,12.430000305175781,7.1417107582092285
11-08-2011,12.279999732971191,12.300000190734863,170300,12.390000343322754,12.359999656677246,7.142867088317871
12-08-2011,12.359999656677246,12.460000038146973,96100,12.569999694824219,12.569999694824219,7.264225482940674
15-08-2011,12.569999694824219,12.619999885559082,126900,12.729999542236328,12.699999809265137,7.339351654052734
16-08-2011,12.670000076293945,12.680000305175781,115400,12.739999771118164,12.710000038146973,7.345132350921631
17-08-2011,12.680000305175781,12.680000305175781,131700,12.789999961853027,12.760000228881836,7.374028205871582
18-08-2011,12.630000114440918,12.720000267028809,122000,12.770000457763672,12.699999809265137,7.339351654052734
19-08-2011,12.569999694824219,12.569999694824219,64400,12.729999542236328,12.670000076293945,7.322014331817627
22-08-2011,12.6899995803833,12.6899995803833,80100,12.779999732971191,12.739999771118164,7.362471580505371
23-08-2011,12.75,12.779999732971191,133300,12.880000114440918,12.880000114440918,7.44337797164917
24-08-2011,12.75,12.84000015258789,105300,12.90999984741211,12.8100004196167,7.402918815612793
25-08-2011,12.760000228881836,12.850000381469727,98500,12.859999656677246,12.8100004196167,7.402918815612793
26-08-2011,12.800000190734863,12.829999923706055,75500,12.859999656677246,12.800000190734863,7.397143363952637
29-08-2011,12.8100004196167,12.869999885559082,59700,12.890000343322754,12.869999885559082,7.437595367431641
30-08-2011,12.84000015258789,12.84000015258789,99500,12.9399995803833,12.890000343322754,7.449157238006592
31-08-2011,12.800000190734863,12.890000343322754,229700,12.960000038146973,12.859999656677246,7.431820392608643
01-09-2011,12.729999542236328,12.859999656677246,294100,12.890000343322754,12.779999732971191,7.385586738586426
02-09-2011,12.6899995803833,12.760000228881836,153600,12.770000457763672,12.710000038146973,7.345132350921631
06-09-2011,12.569999694824219,12.569999694824219,112800,12.739999771118164,12.720000267028809,7.350914001464844
07-09-2011,12.729999542236328,12.739999771118164,285200,12.8100004196167,12.75,7.368250370025635
08-09-2011,12.75,12.779999732971191,139400,12.829999923706055,12.760000228881836,7.374028205871582
09-09-2011,12.6899995803833,12.720000267028809,150400,12.84000015258789,12.84000015258789,7.420261859893799
12-09-2011,12.8100004196167,12.859999656677246,175900,12.949999809265137,12.930000305175781,7.472270488739014
13-09-2011,12.829999923706055,12.859999656677246,163600,12.899999618530273,12.880000114440918,7.485055923461914
14-09-2011,12.779999732971191,12.890000343322754,164000,12.890000343322754,12.890000343322754,7.490866661071777
15-09-2011,12.779999732971191,12.84000015258789,154100,12.869999885559082,12.779999732971191,7.426942348480225
16-09-2011,12.720000267028809,12.760000228881836,102200,12.829999923706055,12.770000457763672,7.421130180358887
19-09-2011,12.75,12.770000457763672,63100,12.84000015258789,12.84000015258789,7.4618096351623535
20-09-2011,12.850000381469727,12.880000114440918,96400,12.920000076293945,12.920000076293945,7.508302688598633
21-09-2011,12.869999885559082,12.890000343322754,132900,12.949999809265137,12.9399995803833,7.519925117492676
22-09-2011,12.84000015258789,12.859999656677246,107900,12.979999542236328,12.949999809265137,7.525737762451172
23-09-2011,12.869999885559082,12.899999618530273,98000,12.989999771118164,12.949999809265137,7.525737762451172
26-09-2011,12.90999984741211,12.920000076293945,109200,12.989999771118164,12.9399995803833,7.519925117492676
27-09-2011,12.920000076293945,12.970000267028809,142100,13.029999732971191,13.020000457763672,7.5664143562316895
28-09-2011,13.050000190734863,13.050000190734863,141600,13.119999885559082,13.069999694824219,7.595475196838379
29-09-2011,13.100000381469727,13.130000114440918,120000,13.170000076293945,13.15999984741211,7.647775173187256
30-09-2011,13.109999656677246,13.109999656677246,95400,13.229999542236328,13.220000267028809,7.682641983032227
03-10-2011,13.170000076293945,13.220000267028809,111700,13.25,13.1899995803833,7.66520881652832
04-10-2011,12.930000305175781,13.180000305175781,137700,13.1899995803833,13.0,7.554794788360596
05-10-2011,12.960000038146973,13.010000228881836,118800,13.050000190734863,12.960000038146973,7.531546592712402
06-10-2011,12.850000381469727,13.0,88000,13.0,12.850000381469727,7.467624664306641
07-10-2011,12.739999771118164,12.789999961853027,102900,12.869999885559082,12.850000381469727,7.467624664306641
10-10-2011,12.880000114440918,12.930000305175781,115200,12.970000267028809,12.90999984741211,7.502492427825928
11-10-2011,12.890000343322754,12.930000305175781,115900,13.029999732971191,13.0,7.554794788360596
12-10-2011,12.75,12.9399995803833,162100,12.970000267028809,12.869999885559082,7.520898342132568
13-10-2011,12.710000038146973,12.729999542236328,105200,12.930000305175781,12.930000305175781,7.555960178375244
14-10-2011,12.899999618530273,12.9399995803833,132400,13.020000457763672,13.0,7.5968708992004395
17-10-2011,12.90999984741211,12.9399995803833,112900,13.039999961853027,12.949999809265137,7.567647933959961
18-10-2011,12.869999885559082,13.010000228881836,134100,13.0600004196167,12.979999542236328,7.585178375244141
19-10-2011,12.949999809265137,12.970000267028809,88700,13.039999961853027,13.010000228881836,7.602710247039795
20-10-2011,12.989999771118164,13.050000190734863,90200,13.0600004196167,13.050000190734863,7.626086235046387
21-10-2011,13.079999923706055,13.109999656677246,96800,13.239999771118164,13.220000267028809,7.725430011749268
24-10-2011,13.079999923706055,13.180000305175781,76900,13.229999542236328,13.130000114440918,7.672837257385254
25-10-2011,13.050000190734863,13.130000114440918,108800,13.15999984741211,13.0600004196167,7.631929874420166
26-10-2011,13.039999961853027,13.050000190734863,91000,13.119999885559082,13.109999656677246,7.661148548126221
27-10-2011,13.039999961853027,13.180000305175781,89100,13.210000038146973,13.079999923706055,7.643617630004883
28-10-2011,12.949999809265137,13.079999923706055,135600,13.079999923706055,12.979999542236328,7.585178375244141
31-10-2011,12.899999618530273,12.899999618530273,144700,13.119999885559082,13.100000381469727,7.655303478240967
01-11-2011,12.989999771118164,12.989999771118164,121000,13.239999771118164,13.149999618530273,7.684526443481445
02-11-2011,13.119999885559082,13.15999984741211,169700,13.199999809265137,13.149999618530273,7.684526443481445
03-11-2011,13.130000114440918,13.130000114440918,134200,13.199999809265137,13.140000343322754,7.678679466247559
04-11-2011,13.079999923706055,13.079999923706055,79900,13.25,13.25,7.742961406707764
07-11-2011,13.1899995803833,13.1899995803833,107000,13.350000381469727,13.350000381469727,7.8014044761657715
08-11-2011,13.34000015258789,13.399999618530273,118400,13.430000305175781,13.380000114440918,7.818929672241211
09-11-2011,13.300000190734863,13.359999656677246,117400,13.430000305175781,13.399999618530273,7.830615043640137
10-11-2011,13.25,13.34000015258789,98000,13.350000381469727,13.319999694824219,7.825913906097412
11-11-2011,13.25,13.270000457763672,105500,13.350000381469727,13.350000381469727,7.843545436859131
14-11-2011,13.34000015258789,13.380000114440918,104200,13.420000076293945,13.40999984741211,7.8787946701049805
15-11-2011,13.289999961853027,13.289999961853027,160700,13.4399995803833,13.350000381469727,7.843545436859131
16-11-2011,13.369999885559082,13.399999618530273,73500,13.40999984741211,13.390000343322754,7.867041110992432
17-11-2011,13.25,13.420000076293945,63500,13.420000076293945,13.300000190734863,7.8141679763793945
18-11-2011,13.300000190734863,13.329999923706055,87200,13.380000114440918,13.34000015258789,7.837666988372803
21-11-2011,13.300000190734863,13.319999694824219,75100,13.420000076293945,13.420000076293945,7.88467264175415
22-11-2011,13.399999618530273,13.449999809265137,113700,13.470000267028809,13.399999618530273,7.872917175292969
23-11-2011,13.399999618530273,13.399999618530273,102600,13.5,13.5,7.93166971206665
25-11-2011,13.470000267028809,13.489999771118164,91500,13.529999732971191,13.479999542236328,7.919920921325684
28-11-2011,13.479999542236328,13.520000457763672,73100,13.539999961853027,13.5,7.93166971206665
29-11-2011,13.449999809265137,13.449999809265137,118200,13.529999732971191,13.5,7.93166971206665
30-11-2011,13.470000267028809,13.489999771118164,114100,13.5600004196167,13.539999961853027,7.955169677734375
01-12-2011,13.550000190734863,13.59000015258789,122800,13.680000305175781,13.600000381469727,7.990423202514648
02-12-2011,13.59000015258789,13.6899995803833,147100,13.75,13.649999618530273,8.019804000854492
05-12-2011,13.579999923706055,13.649999618530273,165400,13.680000305175781,13.579999923706055,7.978673934936523
06-12-2011,13.5600004196167,13.59000015258789,120300,13.630000114440918,13.5600004196167,7.966926097869873
07-12-2011,13.569999694824219,13.619999885559082,143000,13.6899995803833,13.6899995803833,8.04330062866211
08-12-2011,13.5600004196167,13.65999984741211,125600,13.6899995803833,13.569999694824219,7.9727959632873535
09-12-2011,13.550000190734863,13.59000015258789,122600,13.619999885559082,13.569999694824219,7.9727959632873535
12-12-2011,13.5600004196167,13.640000343322754,96200,13.65999984741211,13.65999984741211,8.025681495666504
13-12-2011,13.510000228881836,13.600000381469727,132800,13.600000381469727,13.5600004196167,8.010320663452148
14-12-2011,13.550000190734863,13.550000190734863,128000,13.640000343322754,13.579999923706055,8.022136688232422
15-12-2011,13.520000457763672,13.579999923706055,99900,13.640000343322754,13.550000190734863,8.004409790039062
16-12-2011,13.539999961853027,13.550000190734863,86200,13.65999984741211,13.649999618530273,8.063486099243164
19-12-2011,13.550000190734863,13.640000343322754,117400,13.649999618530273,13.59000015258789,8.028043746948242
20-12-2011,13.5600004196167,13.5600004196167,159000,13.6899995803833,13.680000305175781,8.081207275390625
21-12-2011,13.649999618530273,13.699999809265137,128200,13.739999771118164,13.739999771118164,8.116653442382812
22-12-2011,13.739999771118164,13.739999771118164,151400,13.819999694824219,13.819999694824219,8.163908958435059
23-12-2011,13.819999694824219,13.819999694824219,86400,13.899999618530273,13.899999618530273,8.211167335510254
27-12-2011,13.90999984741211,13.930000305175781,100100,14.029999732971191,14.029999732971191,8.287962913513184
28-12-2011,14.010000228881836,14.039999961853027,90500,14.0600004196167,14.050000190734863,8.299778938293457
29-12-2011,14.039999961853027,14.039999961853027,96600,14.100000381469727,14.100000381469727,8.329314231872559
30-12-2011,14.09000015258789,14.180000305175781,122800,14.199999809265137,14.140000343322754,8.352943420410156
03-01-2012,14.0600004196167,14.15999984741211,152000,14.15999984741211,14.130000114440918,8.347033500671387
04-01-2012,14.029999732971191,14.15999984741211,155400,14.199999809265137,14.15999984741211,8.364758491516113
05-01-2012,14.180000305175781,14.1899995803833,206300,14.4399995803833,14.390000343322754,8.500631332397461
06-01-2012,14.270000457763672,14.470000267028809,165500,14.510000228881836,14.319999694824219,8.45927619934082
09-01-2012,14.300000190734863,14.300000190734863,154600,14.5,14.3100004196167,8.453369140625
10-01-2012,14.220000267028809,14.420000076293945,147100,14.420000076293945,14.3100004196167,8.453369140625
11-01-2012,14.109999656677246,14.199999809265137,162000,14.270000457763672,14.1899995803833,8.424867630004883
12-01-2012,14.199999809265137,14.270000457763672,138900,14.350000381469727,14.350000381469727,8.519865036010742
13-01-2012,14.350000381469727,14.369999885559082,274800,14.609999656677246,14.520000457763672,8.620798110961914
17-01-2012,14.489999771118164,14.569999694824219,191600,14.6899995803833,14.569999694824219,8.650484085083008
18-01-2012,14.399999618530273,14.649999618530273,322200,14.670000076293945,14.489999771118164,8.602982521057129
19-01-2012,14.520000457763672,14.569999694824219,163600,14.649999618530273,14.649999618530273,8.697977066040039
20-01-2012,14.520000457763672,14.699999809265137,174500,14.699999809265137,14.539999961853027,8.632672309875488
23-01-2012,14.520000457763672,14.59000015258789,156600,14.680000305175781,14.569999694824219,8.650484085083008
24-01-2012,14.420000076293945,14.619999885559082,174100,14.619999885559082,14.430000305175781,8.567360877990723
25-01-2012,14.350000381469727,14.479999542236328,215500,14.529999732971191,14.420000076293945,8.561417579650879
26-01-2012,14.4399995803833,14.4399995803833,227000,14.529999732971191,14.5,8.608919143676758
27-01-2012,14.479999542236328,14.479999542236328,170800,14.640000343322754,14.630000114440918,8.68610954284668
30-01-2012,14.600000381469727,14.630000114440918,305500,14.770000457763672,14.770000457763672,8.769227027893066
31-01-2012,14.8100004196167,14.869999885559082,179100,14.9399995803833,14.90999984741211,8.852347373962402
01-02-2012,14.949999809265137,15.0,211200,15.069999694824219,15.020000457763672,8.917656898498535
02-02-2012,14.819999694824219,15.010000228881836,166100,15.050000190734863,14.869999885559082,8.828598976135254
03-02-2012,14.680000305175781,15.020000457763672,206200,15.020000457763672,14.680000305175781,8.715790748596191
06-02-2012,14.619999885559082,14.6899995803833,192900,14.720000267028809,14.710000038146973,8.733604431152344
07-02-2012,14.710000038146973,14.720000267028809,191600,14.84000015258789,14.84000015258789,8.810783386230469
08-02-2012,14.8100004196167,14.890000343322754,111600,14.930000305175781,14.90999984741211,8.852347373962402
09-02-2012,14.770000457763672,14.90999984741211,157000,14.979999542236328,14.890000343322754,8.840474128723145
10-02-2012,14.8100004196167,14.899999618530273,187100,14.920000076293945,14.920000076293945,8.858283042907715
13-02-2012,14.850000381469727,14.90999984741211,147600,14.930000305175781,14.859999656677246,8.865439414978027
14-02-2012,14.649999618530273,14.800000190734863,138100,14.819999694824219,14.649999618530273,8.740154266357422
15-02-2012,14.640000343322754,14.65999984741211,190300,14.75,14.670000076293945,8.752089500427246
16-02-2012,14.369999885559082,14.720000267028809,269100,14.739999771118164,14.390000343322754,8.585037231445312
17-02-2012,14.180000305175781,14.300000190734863,209100,14.5,14.479999542236328,8.638734817504883
21-02-2012,14.529999732971191,14.5600004196167,150800,14.800000190734863,14.680000305175781,8.75805377960205
22-02-2012,14.510000228881836,14.84000015258789,182200,14.84000015258789,14.510000228881836,8.656627655029297
23-02-2012,14.430000305175781,14.5600004196167,136000,14.579999923706055,14.449999809265137,8.620841979980469
24-02-2012,14.5,14.520000457763672,143400,14.59000015258789,14.569999694824219,8.692432403564453
27-02-2012,14.550000190734863,14.630000114440918,172200,14.670000076293945,14.640000343322754,8.734192848205566
28-02-2012,14.630000114440918,14.680000305175781,101800,14.729999542236328,14.729999542236328,8.787883758544922
29-02-2012,14.720000267028809,14.789999961853027,104900,14.819999694824219,14.770000457763672,8.811749458312988
01-03-2012,14.710000038146973,14.8100004196167,114000,14.850000381469727,14.739999771118164,8.79384994506836
02-03-2012,14.680000305175781,14.710000038146973,137500,14.789999961853027,14.680000305175781,8.75805377960205
05-03-2012,14.600000381469727,14.770000457763672,156900,14.770000457763672,14.649999618530273,8.740154266357422
06-03-2012,14.600000381469727,14.710000038146973,110200,14.710000038146973,14.600000381469727,8.710326194763184
07-03-2012,14.579999923706055,14.59000015258789,175400,14.75,14.710000038146973,8.77595043182373
08-03-2012,14.710000038146973,14.75,106200,14.84000015258789,14.770000457763672,8.811749458312988
09-03-2012,14.710000038146973,14.789999961853027,125600,14.84000015258789,14.770000457763672,8.811749458312988
12-03-2012,14.739999771118164,14.739999771118164,120200,14.880000114440918,14.880000114440918,8.877372741699219
13-03-2012,14.699999809265137,14.800000190734863,132200,14.819999694824219,14.770000457763672,8.854593276977539
14-03-2012,14.25,14.739999771118164,221100,14.739999771118164,14.300000190734863,8.572829246520996
15-03-2012,13.930000305175781,14.300000190734863,476400,14.3100004196167,13.960000038146973,8.368993759155273
16-03-2012,13.5,13.90999984741211,520600,13.920000076293945,13.680000305175781,8.201140403747559
19-03-2012,13.510000228881836,13.680000305175781,332200,13.859999656677246,13.779999732971191,8.261089324951172
20-03-2012,13.800000190734863,13.800000190734863,261900,14.039999961853027,13.970000267028809,8.37499713897705
21-03-2012,13.90999984741211,13.960000038146973,199200,14.109999656677246,14.109999656677246,8.45892333984375
22-03-2012,14.029999732971191,14.1899995803833,131900,14.220000267028809,14.119999885559082,8.46491813659668
23-03-2012,14.050000190734863,14.069999694824219,111300,14.229999542236328,14.1899995803833,8.506881713867188
26-03-2012,14.100000381469727,14.229999542236328,146000,14.260000228881836,14.180000305175781,8.500889778137207
27-03-2012,13.979999542236328,14.130000114440918,147400,14.260000228881836,14.229999542236328,8.530867576599121
28-03-2012,14.239999771118164,14.319999694824219,237000,14.329999923706055,14.289999961853027,8.566829681396484
29-03-2012,14.1899995803833,14.329999923706055,141600,14.380000114440918,14.229999542236328,8.530867576599121
30-03-2012,14.210000038146973,14.239999771118164,100100,14.3100004196167,14.210000038146973,8.518875122070312
02-04-2012,14.130000114440918,14.25,172000,14.329999923706055,14.149999618530273,8.482904434204102
03-04-2012,14.100000381469727,14.170000076293945,164700,14.229999542236328,14.140000343322754,8.476908683776855
04-04-2012,14.15999984741211,14.15999984741211,117300,14.239999771118164,14.1899995803833,8.506881713867188
05-04-2012,14.15999984741211,14.180000305175781,99400,14.289999961853027,14.260000228881836,8.548849105834961
09-04-2012,14.239999771118164,14.289999961853027,105100,14.390000343322754,14.380000114440918,8.620792388916016
10-04-2012,14.359999656677246,14.430000305175781,107100,14.460000038146973,14.430000305175781,8.650762557983398
11-04-2012,14.369999885559082,14.489999771118164,135900,14.520000457763672,14.460000038146973,8.66875171661377
12-04-2012,14.3100004196167,14.380000114440918,176200,14.449999809265137,14.369999885559082,8.657902717590332
13-04-2012,14.350000381469727,14.4399995803833,61800,14.4399995803833,14.380000114440918,8.663931846618652
16-04-2012,14.380000114440918,14.4399995803833,70800,14.460000038146973,14.460000038146973,8.71213150024414
17-04-2012,14.300000190734863,14.449999809265137,80400,14.449999809265137,14.3100004196167,8.62175178527832
18-04-2012,14.359999656677246,14.359999656677246,88900,14.430000305175781,14.430000305175781,8.694052696228027
19-04-2012,14.420000076293945,14.4399995803833,92600,14.470000267028809,14.470000267028809,8.718153953552246
20-04-2012,14.329999923706055,14.40999984741211,99700,14.489999771118164,14.489999771118164,8.730201721191406
23-04-2012,14.430000305175781,14.5,96200,14.529999732971191,14.430000305175781,8.694052696228027
24-04-2012,14.430000305175781,14.479999542236328,110300,14.539999961853027,14.539999961853027,8.760329246520996
25-04-2012,14.470000267028809,14.5600004196167,103200,14.5600004196167,14.529999732971191,8.75430679321289
26-04-2012,14.479999542236328,14.489999771118164,166000,14.609999656677246,14.520000457763672,8.74828052520752
27-04-2012,14.5,14.539999961853027,70400,14.550000190734863,14.520000457763672,8.74828052520752
30-04-2012,14.539999961853027,14.569999694824219,71000,14.619999885559082,14.59000015258789,8.79045295715332
01-05-2012,14.619999885559082,14.649999618530273,112000,14.6899995803833,14.65999984741211,8.832633018493652
02-05-2012,14.619999885559082,14.65999984741211,92000,14.699999809265137,14.619999885559082,8.8085298538208
03-05-2012,14.619999885559082,14.65999984741211,95000,14.699999809265137,14.640000343322754,8.820574760437012
04-05-2012,14.600000381469727,14.600000381469727,94300,14.680000305175781,14.640000343322754,8.820574760437012
07-05-2012,14.600000381469727,14.680000305175781,115000,14.680000305175781,14.600000381469727,8.79648208618164
08-05-2012,14.630000114440918,14.630000114440918,114700,14.729999542236328,14.670000076293945,8.838653564453125
09-05-2012,14.510000228881836,14.729999542236328,140000,14.75,14.729999542236328,8.874802589416504
10-05-2012,14.739999771118164,14.789999961853027,123000,14.84000015258789,14.819999694824219,8.929031372070312
11-05-2012,14.710000038146973,14.800000190734863,66800,14.84000015258789,14.8100004196167,8.966565132141113
14-05-2012,14.729999542236328,14.789999961853027,87200,14.819999694824219,14.779999732971191,8.948405265808105
15-05-2012,14.739999771118164,14.75,82000,14.829999923706055,14.779999732971191,8.948405265808105
16-05-2012,14.729999542236328,14.770000457763672,84000,14.84000015258789,14.8100004196167,8.966565132141113
17-05-2012,14.649999618530273,14.84000015258789,88600,14.84000015258789,14.6899995803833,8.89391040802002
18-05-2012,14.630000114440918,14.760000228881836,114200,14.819999694824219,14.640000343322754,8.863638877868652
21-05-2012,14.609999656677246,14.699999809265137,107400,14.770000457763672,14.729999542236328,8.91812801361084
22-05-2012,14.680000305175781,14.770000457763672,136000,14.800000190734863,14.779999732971191,8.948405265808105
23-05-2012,14.779999732971191,14.789999961853027,101000,14.869999885559082,14.8100004196167,8.966565132141113
24-05-2012,14.75,14.8100004196167,117500,14.850000381469727,14.789999961853027,8.954459190368652
25-05-2012,14.699999809265137,14.829999923706055,87200,14.850000381469727,14.75,8.930237770080566
29-05-2012,14.670000076293945,14.770000457763672,118300,14.779999732971191,14.699999809265137,8.899965286254883
30-05-2012,14.640000343322754,14.710000038146973,80000,14.720000267028809,14.649999618530273,8.869696617126465
31-05-2012,14.65999984741211,14.699999809265137,118100,14.770000457763672,14.75,8.930237770080566
01-06-2012,14.699999809265137,14.789999961853027,87800,14.8100004196167,14.710000038146973,8.906021118164062
04-06-2012,14.670000076293945,14.739999771118164,115400,14.760000228881836,14.720000267028809,8.912074089050293
05-06-2012,14.710000038146973,14.739999771118164,114000,14.789999961853027,14.789999961853027,8.954459190368652
06-06-2012,14.779999732971191,14.819999694824219,127000,14.850000381469727,14.779999732971191,8.948405265808105
07-06-2012,14.729999542236328,14.869999885559082,98200,14.869999885559082,14.779999732971191,8.948405265808105
08-06-2012,14.789999961853027,14.829999923706055,89900,14.899999618530273,14.890000343322754,9.015000343322754
11-06-2012,14.829999923706055,14.899999618530273,109600,14.930000305175781,14.850000381469727,8.990784645080566
12-06-2012,14.800000190734863,14.890000343322754,88800,14.890000343322754,14.8100004196167,8.966565132141113
13-06-2012,14.75,14.779999732971191,111200,14.859999656677246,14.859999656677246,9.040789604187012
14-06-2012,14.739999771118164,14.890000343322754,85500,14.890000343322754,14.75,8.973864555358887
15-06-2012,14.5,14.800000190734863,169600,14.800000190734863,14.619999885559082,8.894777297973633
18-06-2012,14.619999885559082,14.640000343322754,91000,14.760000228881836,14.75,8.973864555358887
19-06-2012,14.75,14.789999961853027,120800,14.84000015258789,14.829999923706055,9.022536277770996
20-06-2012,14.779999732971191,14.779999732971191,107900,14.899999618530273,14.899999618530273,9.065126419067383
21-06-2012,14.819999694824219,14.880000114440918,67200,14.90999984741211,14.899999618530273,9.065126419067383
22-06-2012,14.75,14.930000305175781,89400,14.930000305175781,14.829999923706055,9.022536277770996
25-06-2012,14.729999542236328,14.739999771118164,128200,14.8100004196167,14.729999542236328,8.961698532104492
26-06-2012,14.670000076293945,14.720000267028809,119000,14.770000457763672,14.729999542236328,8.961698532104492
27-06-2012,14.779999732971191,14.800000190734863,130800,14.890000343322754,14.850000381469727,9.034707069396973
28-06-2012,14.770000457763672,14.770000457763672,123500,14.899999618530273,14.869999885559082,9.046878814697266
29-06-2012,14.819999694824219,14.819999694824219,124800,15.0,15.0,9.125965118408203
02-07-2012,14.979999542236328,15.010000228881836,112200,15.069999694824219,15.0600004196167,9.16246509552002
03-07-2012,15.0600004196167,15.0600004196167,59100,15.130000114440918,15.109999656677246,9.192890167236328
05-07-2012,15.09000015258789,15.180000305175781,96400,15.180000305175781,15.109999656677246,9.192890167236328
06-07-2012,15.079999923706055,15.100000381469727,61600,15.180000305175781,15.149999618530273,9.217226028442383
09-07-2012,15.100000381469727,15.100000381469727,99200,15.270000457763672,15.260000228881836,9.28415298461914
10-07-2012,15.260000228881836,15.279999732971191,160500,15.40999984741211,15.3100004196167,9.314569473266602
11-07-2012,15.149999618530273,15.390000343322754,122000,15.40999984741211,15.15999984741211,9.223308563232422
12-07-2012,14.9399995803833,14.9399995803833,145300,15.119999885559082,15.010000228881836,9.175625801086426
13-07-2012,15.079999923706055,15.079999923706055,95200,15.140000343322754,15.109999656677246,9.236761093139648
16-07-2012,15.09000015258789,15.149999618530273,125500,15.199999809265137,15.199999809265137,9.291775703430176
17-07-2012,15.170000076293945,15.239999771118164,140900,15.25,15.239999771118164,9.316227912902832
18-07-2012,15.229999542236328,15.239999771118164,99800,15.34000015258789,15.25,9.322340965270996
19-07-2012,15.109999656677246,15.319999694824219,138500,15.329999923706055,15.149999618530273,9.261210441589355
20-07-2012,15.149999618530273,15.199999809265137,109900,15.25,15.220000267028809,9.304003715515137
23-07-2012,15.220000267028809,15.220000267028809,121800,15.380000114440918,15.380000114440918,9.401808738708496
24-07-2012,15.350000381469727,15.399999618530273,127300,15.449999809265137,15.449999809265137,9.444600105285645
25-07-2012,15.430000305175781,15.430000305175781,123400,15.579999923706055,15.569999694824219,9.517958641052246
26-07-2012,15.470000267028809,15.569999694824219,66400,15.569999694824219,15.5,9.475170135498047
27-07-2012,15.539999961853027,15.569999694824219,175300,15.699999809265137,15.579999923706055,9.524068832397461
30-07-2012,15.539999961853027,15.619999885559082,91600,15.680000305175781,15.649999618530273,9.566863059997559
31-07-2012,15.609999656677246,15.680000305175781,215200,15.819999694824219,15.8100004196167,9.664668083190918
01-08-2012,15.65999984741211,15.789999961853027,159200,15.789999961853027,15.65999984741211,9.57297420501709
02-08-2012,15.649999618530273,15.670000076293945,161700,15.779999732971191,15.699999809265137,9.597423553466797
03-08-2012,15.649999618530273,15.720000267028809,141400,15.760000228881836,15.729999542236328,9.615762710571289
06-08-2012,15.6899995803833,15.760000228881836,74100,15.779999732971191,15.75,9.627992630004883
07-08-2012,15.649999618530273,15.739999771118164,136000,15.760000228881836,15.6899995803833,9.591314315795898
08-08-2012,15.510000228881836,15.680000305175781,200600,15.720000267028809,15.569999694824219,9.517958641052246
09-08-2012,15.460000038146973,15.619999885559082,144600,15.630000114440918,15.460000038146973,9.450716018676758
10-08-2012,15.489999771118164,15.510000228881836,194100,15.670000076293945,15.550000190734863,9.505729675292969
13-08-2012,15.279999732971191,15.529999732971191,124900,15.529999732971191,15.3100004196167,9.402555465698242
14-08-2012,15.210000038146973,15.220000267028809,129800,15.489999771118164,15.489999771118164,9.513100624084473
15-08-2012,15.470000267028809,15.539999961853027,75800,15.649999618530273,15.59000015258789,9.574514389038086
16-08-2012,15.579999923706055,15.600000381469727,126900,15.680000305175781,15.649999618530273,9.61136531829834
17-08-2012,15.579999923706055,15.729999542236328,91300,15.729999542236328,15.619999885559082,9.592941284179688
20-08-2012,15.609999656677246,15.699999809265137,125600,15.760000228881836,15.680000305175781,9.629788398742676
21-08-2012,15.529999732971191,15.75,152800,15.800000190734863,15.550000190734863,9.549949645996094
22-08-2012,15.119999885559082,15.520000457763672,250900,15.539999961853027,15.199999809265137,9.334994316101074
23-08-2012,15.100000381469727,15.260000228881836,124900,15.369999885559082,15.15999984741211,9.310433387756348
24-08-2012,15.100000381469727,15.119999885559082,99200,15.270000457763672,15.180000305175781,9.32271671295166
27-08-2012,15.1899995803833,15.260000228881836,132800,15.430000305175781,15.40999984741211,9.463973045349121
28-08-2012,15.359999656677246,15.489999771118164,93800,15.520000457763672,15.510000228881836,9.525382041931152
29-08-2012,15.5600004196167,15.65999984741211,123000,15.680000305175781,15.65999984741211,9.617501258850098
30-08-2012,15.550000190734863,15.680000305175781,134800,15.680000305175781,15.609999656677246,9.586793899536133
31-08-2012,15.5600004196167,15.680000305175781,82300,15.680000305175781,15.579999923706055,9.568371772766113
04-09-2012,15.449999809265137,15.65999984741211,134700,15.670000076293945,15.479999542236328,9.506961822509766
05-09-2012,15.449999809265137,15.510000228881836,138500,15.579999923706055,15.569999694824219,9.562235832214355
06-09-2012,15.460000038146973,15.640000343322754,93200,15.640000343322754,15.569999694824219,9.562235832214355
07-09-2012,15.520000457763672,15.630000114440918,81600,15.65999984741211,15.619999885559082,9.592941284179688
10-09-2012,15.520000457763672,15.520000457763672,112200,15.670000076293945,15.619999885559082,9.592941284179688
11-09-2012,15.579999923706055,15.579999923706055,86200,15.710000038146973,15.680000305175781,9.629788398742676
12-09-2012,15.579999923706055,15.640000343322754,87500,15.75,15.680000305175781,9.67420482635498
13-09-2012,15.649999618530273,15.65999984741211,119900,15.800000190734863,15.789999961853027,9.742077827453613
14-09-2012,15.699999809265137,15.699999809265137,175600,15.859999656677246,15.8100004196167,9.754414558410645
17-09-2012,15.670000076293945,15.8100004196167,129100,15.8100004196167,15.720000267028809,9.698890686035156
18-09-2012,15.619999885559082,15.770000457763672,116400,15.770000457763672,15.670000076293945,9.668042182922363
19-09-2012,15.59000015258789,15.75,88000,15.75,15.619999885559082,9.637191772460938
20-09-2012,15.609999656677246,15.699999809265137,188900,15.779999732971191,15.65999984741211,9.661869049072266
21-09-2012,15.619999885559082,15.649999618530273,112100,15.770000457763672,15.720000267028809,9.698890686035156
24-09-2012,15.680000305175781,15.779999732971191,102300,15.819999694824219,15.680000305175781,9.67420482635498
25-09-2012,15.680000305175781,15.680000305175781,66400,15.789999961853027,15.770000457763672,9.72973918914795
26-09-2012,15.75,15.800000190734863,129700,15.920000076293945,15.829999923706055,9.766754150390625
27-09-2012,15.760000228881836,15.84000015258789,61000,15.84000015258789,15.800000190734863,9.748249053955078
28-09-2012,15.800000190734863,15.800000190734863,69000,15.869999885559082,15.859999656677246,9.785264015197754
01-10-2012,15.84000015258789,15.850000381469727,117600,15.949999809265137,15.890000343322754,9.803773880004883
02-10-2012,15.859999656677246,15.930000305175781,129500,16.030000686645508,15.930000305175781,9.828458786010742
03-10-2012,15.850000381469727,15.890000343322754,77100,15.979999542236328,15.920000076293945,9.822287559509277
04-10-2012,15.789999961853027,15.920000076293945,53700,15.920000076293945,15.869999885559082,9.791433334350586
05-10-2012,15.800000190734863,15.800000190734863,107400,15.949999809265137,15.899999618530273,9.80994701385498
08-10-2012,15.829999923706055,15.960000038146973,69500,15.960000038146973,15.829999923706055,9.766754150390625
09-10-2012,15.6899995803833,15.789999961853027,137200,15.829999923706055,15.6899995803833,9.680377960205078
10-10-2012,15.5,15.710000038146973,110400,15.710000038146973,15.569999694824219,9.606343269348145
11-10-2012,15.399999618530273,15.399999618530273,193400,15.579999923706055,15.479999542236328,9.595184326171875
12-10-2012,15.40999984741211,15.449999809265137,113900,15.5600004196167,15.460000038146973,9.582788467407227
15-10-2012,15.369999885559082,15.40999984741211,109600,15.479999542236328,15.380000114440918,9.533196449279785
16-10-2012,15.359999656677246,15.359999656677246,80000,15.479999542236328,15.4399995803833,9.570387840270996
17-10-2012,15.420000076293945,15.420000076293945,105400,15.569999694824219,15.569999694824219,9.650970458984375
18-10-2012,15.5,15.529999732971191,132100,15.609999656677246,15.59000015258789,9.663365364074707
19-10-2012,15.510000228881836,15.5600004196167,127800,15.680000305175781,15.680000305175781,9.719147682189941
22-10-2012,15.539999961853027,15.619999885559082,84200,15.649999618530273,15.640000343322754,9.694365501403809
23-10-2012,15.609999656677246,15.640000343322754,99300,15.6899995803833,15.65999984741211,9.706756591796875
24-10-2012,15.729999542236328,15.739999771118164,207900,15.880000114440918,15.84000015258789,9.818328857421875
25-10-2012,15.850000381469727,15.880000114440918,94500,15.949999809265137,15.949999809265137,9.886512756347656
26-10-2012,15.899999618530273,16.020000457763672,102500,16.020000457763672,16.010000228881836,9.923700332641602
31-10-2012,15.880000114440918,15.899999618530273,120200,16.0,15.949999809265137,9.886512756347656
01-11-2012,15.880000114440918,16.010000228881836,121200,16.010000228881836,15.970000267028809,9.898910522460938
02-11-2012,15.739999771118164,15.920000076293945,125600,15.9399995803833,15.75,9.762543678283691
05-11-2012,15.5,15.6899995803833,146500,15.760000228881836,15.539999961853027,9.632377624511719
06-11-2012,15.479999542236328,15.489999771118164,158800,15.680000305175781,15.619999885559082,9.681961059570312
07-11-2012,15.579999923706055,15.579999923706055,159900,15.960000038146973,15.949999809265137,9.886512756347656
08-11-2012,15.899999618530273,15.899999618530273,107100,16.09000015258789,16.049999237060547,9.948497772216797
09-11-2012,16.020000457763672,16.049999237060547,118800,16.100000381469727,16.100000381469727,9.979490280151367
12-11-2012,16.010000228881836,16.079999923706055,107000,16.100000381469727,16.079999923706055,9.96709156036377
13-11-2012,15.779999732971191,15.960000038146973,198100,15.960000038146973,15.869999885559082,9.88116455078125
14-11-2012,15.720000267028809,15.829999923706055,160200,15.829999923706055,15.739999771118164,9.800226211547852
15-11-2012,15.4399995803833,15.699999809265137,235200,15.75,15.649999618530273,9.744185447692871
16-11-2012,15.619999885559082,15.729999542236328,269700,15.9399995803833,15.829999923706055,9.856260299682617
19-11-2012,15.800000190734863,15.850000381469727,190000,16.040000915527344,15.869999885559082,9.88116455078125
20-11-2012,15.8100004196167,15.9399995803833,169800,16.09000015258789,16.030000686645508,9.980791091918945
21-11-2012,15.970000267028809,16.049999237060547,144400,16.100000381469727,16.100000381469727,10.024372100830078
23-11-2012,16.0,16.010000228881836,33400,16.079999923706055,16.030000686645508,9.980791091918945
26-11-2012,15.779999732971191,15.979999542236328,146900,16.030000686645508,15.90999984741211,9.906072616577148
27-11-2012,15.869999885559082,15.949999809265137,181400,16.170000076293945,16.149999618530273,10.055503845214844
28-11-2012,16.079999923706055,16.079999923706055,126000,16.200000762939453,16.18000030517578,10.074183464050293
29-11-2012,16.149999618530273,16.190000534057617,125400,16.280000686645508,16.25,10.117766380310059
30-11-2012,16.25,16.260000228881836,110800,16.3700008392334,16.360000610351562,10.186257362365723
03-12-2012,16.25,16.40999984741211,164800,16.40999984741211,16.389999389648438,10.204934120178223
04-12-2012,16.290000915527344,16.3799991607666,239300,16.40999984741211,16.34000015258789,10.17380428314209
05-12-2012,16.280000686645508,16.329999923706055,222300,16.40999984741211,16.360000610351562,10.186257362365723
06-12-2012,16.31999969482422,16.399999618530273,198000,16.540000915527344,16.5,10.273426055908203
07-12-2012,16.280000686645508,16.479999542236328,157500,16.5,16.31999969482422,10.161351203918457
10-12-2012,16.059999465942383,16.350000381469727,245700,16.350000381469727,16.110000610351562,10.03060245513916
11-12-2012,15.800000190734863,16.15999984741211,259000,16.229999542236328,16.09000015258789,10.018148422241211
12-12-2012,15.9399995803833,16.049999237060547,294700,16.190000534057617,16.100000381469727,10.071317672729492
13-12-2012,15.899999618530273,16.110000610351562,267500,16.209999084472656,16.0,10.008763313293457
14-12-2012,15.649999618530273,16.040000915527344,262600,16.040000915527344,15.720000267028809,9.83360767364502
17-12-2012,15.25,15.680000305175781,303200,15.710000038146973,15.3100004196167,9.577140808105469
18-12-2012,15.0600004196167,15.260000228881836,279800,15.380000114440918,15.260000228881836,9.545859336853027
19-12-2012,15.300000190734863,15.300000190734863,237200,15.529999732971191,15.470000267028809,9.67722225189209
20-12-2012,15.34000015258789,15.5600004196167,350600,15.5600004196167,15.399999618530273,9.633432388305664
21-12-2012,15.34000015258789,15.369999885559082,270000,15.550000190734863,15.430000305175781,9.652201652526855
24-12-2012,15.359999656677246,15.359999656677246,115500,15.670000076293945,15.569999694824219,9.739776611328125
26-12-2012,15.369999885559082,15.630000114440918,161600,15.630000114440918,15.390000343322754,9.627184867858887
27-12-2012,15.130000114440918,15.300000190734863,197400,15.369999885559082,15.260000228881836,9.545859336853027
28-12-2012,15.199999809265137,15.199999809265137,173500,15.399999618530273,15.289999961853027,9.564619064331055
31-12-2012,15.199999809265137,15.25,172400,15.300000190734863,15.300000190734863,9.570883750915527
02-01-2013,15.34000015258789,15.34000015258789,123800,15.819999694824219,15.819999694824219,9.89616584777832
03-01-2013,15.819999694824219,15.880000114440918,107900,16.010000228881836,15.979999542236328,9.996249198913574
04-01-2013,15.930000305175781,15.930000305175781,105900,16.149999618530273,16.010000228881836,10.01501750946045
07-01-2013,16.010000228881836,16.059999465942383,122800,16.100000381469727,16.100000381469727,10.071317672729492
08-01-2013,16.040000915527344,16.079999923706055,199300,16.190000534057617,16.18000030517578,10.12136173248291
09-01-2013,16.149999618530273,16.239999771118164,100700,16.239999771118164,16.209999084472656,10.140128135681152
10-01-2013,16.059999465942383,16.209999084472656,154200,16.209999084472656,16.059999465942383,10.046295166015625
11-01-2013,15.899999618530273,16.040000915527344,146600,16.1200008392334,15.989999771118164,10.047554969787598
14-01-2013,15.869999885559082,16.09000015258789,153800,16.110000610351562,15.899999618530273,9.991003036499023
15-01-2013,15.699999809265137,15.84000015258789,160500,16.040000915527344,15.8100004196167,9.934443473815918
16-01-2013,15.619999885559082,15.75,186100,15.859999656677246,15.8100004196167,9.934443473815918
17-01-2013,15.800000190734863,15.850000381469727,125200,15.920000076293945,15.8100004196167,9.934443473815918
18-01-2013,15.8100004196167,15.8100004196167,102300,15.930000305175781,15.930000305175781,10.009856224060059
22-01-2013,15.90999984741211,15.989999771118164,146900,16.0,15.949999809265137,10.022417068481445
23-01-2013,16.0,16.0,145000,16.110000610351562,16.100000381469727,10.116674423217773
24-01-2013,16.049999237060547,16.1299991607666,115000,16.170000076293945,16.139999389648438,10.14180850982666
25-01-2013,16.030000686645508,16.170000076293945,110000,16.170000076293945,16.149999618530273,10.148090362548828
28-01-2013,15.760000228881836,16.110000610351562,198700,16.1200008392334,15.779999732971191,9.915596961975098
29-01-2013,15.619999885559082,15.729999542236328,217800,15.899999618530273,15.6899995803833,9.859042167663574
30-01-2013,15.600000381469727,15.65999984741211,136600,15.739999771118164,15.640000343322754,9.827625274658203
31-01-2013,15.59000015258789,15.630000114440918,152700,15.699999809265137,15.65999984741211,9.840193748474121
01-02-2013,15.630000114440918,15.75,157900,15.789999961853027,15.630000114440918,9.821338653564453
04-02-2013,15.579999923706055,15.6899995803833,145400,15.6899995803833,15.65999984741211,9.840193748474121
05-02-2013,15.600000381469727,15.699999809265137,153800,15.720000267028809,15.699999809265137,9.865328788757324
06-02-2013,15.640000343322754,15.699999809265137,108500,15.75,15.680000305175781,9.852757453918457
07-02-2013,15.670000076293945,15.710000038146973,82600,15.75,15.739999771118164,9.890463829040527
08-02-2013,15.699999809265137,15.75,121800,15.970000267028809,15.729999542236328,9.884173393249512
11-02-2013,15.670000076293945,15.720000267028809,100300,15.75,15.6899995803833,9.859042167663574
12-02-2013,15.65999984741211,15.699999809265137,117700,15.75,15.729999542236328,9.884173393249512
13-02-2013,15.449999809265137,15.609999656677246,155200,15.619999885559082,15.489999771118164,9.778125762939453
14-02-2013,15.34000015258789,15.449999809265137,227400,15.529999732971191,15.460000038146973,9.759190559387207
15-02-2013,15.359999656677246,15.489999771118164,96800,15.489999771118164,15.40999984741211,9.727630615234375
19-02-2013,15.329999923706055,15.380000114440918,160900,15.479999542236328,15.390000343322754,9.715005874633789
20-02-2013,15.279999732971191,15.369999885559082,187600,15.449999809265137,15.420000076293945,9.733936309814453
21-02-2013,15.40999984741211,15.449999809265137,83900,15.550000190734863,15.520000457763672,9.797065734863281
22-02-2013,15.420000076293945,15.470000267028809,91200,15.520000457763672,15.489999771118164,9.778125762939453
25-02-2013,15.34000015258789,15.460000038146973,108600,15.510000228881836,15.34000015258789,9.683436393737793
26-02-2013,15.270000457763672,15.289999961853027,159900,15.380000114440918,15.369999885559082,9.702380180358887
27-02-2013,15.3100004196167,15.3100004196167,86400,15.40999984741211,15.40999984741211,9.727630615234375
28-02-2013,15.369999885559082,15.369999885559082,118300,15.470000267028809,15.470000267028809,9.765501022338867
01-03-2013,15.430000305175781,15.430000305175781,102800,15.5600004196167,15.479999542236328,9.77181339263916
04-03-2013,15.449999809265137,15.510000228881836,98100,15.550000190734863,15.539999961853027,9.8096923828125
05-03-2013,15.470000267028809,15.619999885559082,103100,15.619999885559082,15.510000228881836,9.790750503540039
06-03-2013,15.470000267028809,15.5,115700,15.579999923706055,15.579999923706055,9.834940910339355
07-03-2013,15.489999771118164,15.579999923706055,136800,15.609999656677246,15.569999694824219,9.828627586364746
08-03-2013,15.390000343322754,15.569999694824219,159700,15.569999694824219,15.4399995803833,9.746559143066406
11-03-2013,15.15999984741211,15.4399995803833,191000,15.4399995803833,15.170000076293945,9.576127052307129
12-03-2013,15.069999694824219,15.180000305175781,223000,15.260000228881836,15.260000228881836,9.632940292358398
13-03-2013,14.960000038146973,15.119999885559082,236800,15.199999809265137,14.989999771118164,9.50736141204834
14-03-2013,14.449999809265137,14.920000076293945,627500,14.960000038146973,14.59000015258789,9.253661155700684
15-03-2013,14.369999885559082,14.449999809265137,403600,14.649999618530273,14.479999542236328,9.183889389038086
18-03-2013,14.380000114440918,14.380000114440918,194700,14.850000381469727,14.84000015258789,9.412222862243652
19-03-2013,14.699999809265137,14.8100004196167,135700,14.899999618530273,14.859999656677246,9.424906730651855
20-03-2013,14.869999885559082,14.899999618530273,143500,15.079999923706055,15.079999923706055,9.56443977355957
21-03-2013,14.84000015258789,15.020000457763672,192300,15.09000015258789,14.970000267028809,9.494672775268555
22-03-2013,14.920000076293945,14.989999771118164,135000,15.020000457763672,15.0,9.513696670532227
25-03-2013,14.880000114440918,15.039999961853027,150100,15.050000190734863,15.0,9.513696670532227
26-03-2013,14.770000457763672,14.859999656677246,178500,15.010000228881836,14.979999542236328,9.501015663146973
27-03-2013,14.960000038146973,15.020000457763672,209400,15.3100004196167,15.300000190734863,9.703977584838867
28-03-2013,15.210000038146973,15.25,100600,15.3100004196167,15.260000228881836,9.678606986999512
01-04-2013,15.149999618530273,15.34000015258789,103600,15.380000114440918,15.210000038146973,9.646892547607422
02-04-2013,15.029999732971191,15.199999809265137,183900,15.239999771118164,15.039999961853027,9.539066314697266
03-04-2013,14.930000305175781,14.930000305175781,198500,15.149999618530273,15.020000457763672,9.526385307312012
04-04-2013,15.029999732971191,15.079999923706055,119100,15.180000305175781,15.130000114440918,9.596150398254395
05-04-2013,15.239999771118164,15.239999771118164,160600,15.420000076293945,15.399999618530273,9.767399787902832
08-04-2013,15.149999618530273,15.430000305175781,184300,15.430000305175781,15.15999984741211,9.615179061889648
09-04-2013,15.109999656677246,15.229999542236328,87500,15.260000228881836,15.25,9.672266960144043
10-04-2013,15.069999694824219,15.130000114440918,165500,15.260000228881836,15.239999771118164,9.665919303894043
11-04-2013,15.100000381469727,15.220000267028809,46800,15.220000267028809,15.119999885559082,9.635330200195312
12-04-2013,15.09000015258789,15.15999984741211,116000,15.270000457763672,15.270000457763672,9.73092269897461
15-04-2013,15.079999923706055,15.25,92700,15.25,15.180000305175781,9.673568725585938
16-04-2013,15.119999885559082,15.210000038146973,85500,15.220000267028809,15.1899995803833,9.679941177368164
17-04-2013,15.149999618530273,15.170000076293945,66600,15.260000228881836,15.199999809265137,9.68631649017334
18-04-2013,15.09000015258789,15.239999771118164,127200,15.279999732971191,15.15999984741211,9.660821914672852
19-04-2013,15.170000076293945,15.210000038146973,42200,15.270000457763672,15.270000457763672,9.73092269897461
22-04-2013,15.229999542236328,15.239999771118164,71800,15.369999885559082,15.329999923706055,9.76915168762207
23-04-2013,15.350000381469727,15.350000381469727,123800,15.479999542236328,15.40999984741211,9.820134162902832
24-04-2013,15.300000190734863,15.449999809265137,85500,15.449999809265137,15.300000190734863,9.750039100646973
25-04-2013,15.260000228881836,15.380000114440918,77900,15.380000114440918,15.270000457763672,9.73092269897461
26-04-2013,15.289999961853027,15.329999923706055,68000,15.329999923706055,15.3100004196167,9.756410598754883
29-04-2013,15.270000457763672,15.3100004196167,85400,15.460000038146973,15.40999984741211,9.820134162902832
30-04-2013,15.289999961853027,15.380000114440918,116500,15.470000267028809,15.300000190734863,9.750039100646973
01-05-2013,15.300000190734863,15.380000114440918,169700,15.399999618530273,15.390000343322754,9.807394981384277
02-05-2013,15.390000343322754,15.449999809265137,149600,15.5600004196167,15.5600004196167,9.915724754333496
03-05-2013,15.399999618530273,15.510000228881836,98300,15.529999732971191,15.449999809265137,9.845622062683105
06-05-2013,15.399999618530273,15.4399995803833,145100,15.600000381469727,15.510000228881836,9.883862495422363
07-05-2013,15.4399995803833,15.460000038146973,115200,15.550000190734863,15.520000457763672,9.89023208618164
08-05-2013,15.430000305175781,15.5600004196167,115400,15.569999694824219,15.489999771118164,9.871119499206543
09-05-2013,15.329999923706055,15.430000305175781,139900,15.489999771118164,15.369999885559082,9.794647216796875
10-05-2013,15.34000015258789,15.4399995803833,97100,15.460000038146973,15.359999656677246,9.788275718688965
13-05-2013,15.069999694824219,15.260000228881836,121400,15.279999732971191,15.15999984741211,9.706320762634277
14-05-2013,15.050000190734863,15.109999656677246,142800,15.1899995803833,15.140000343322754,9.693513870239258
15-05-2013,15.010000228881836,15.210000038146973,138200,15.229999542236328,15.050000190734863,9.635890007019043
16-05-2013,14.9399995803833,15.079999923706055,167100,15.170000076293945,15.0,9.603876113891602
17-05-2013,14.979999542236328,15.0600004196167,99300,15.09000015258789,15.039999961853027,9.629483222961426
20-05-2013,15.0,15.0,128800,15.1899995803833,15.15999984741211,9.706320762634277
21-05-2013,14.989999771118164,15.100000381469727,106800,15.100000381469727,15.039999961853027,9.629483222961426
22-05-2013,14.989999771118164,15.09000015258789,115200,15.100000381469727,15.010000228881836,9.610280990600586
23-05-2013,14.920000076293945,14.949999809265137,150500,15.119999885559082,15.109999656677246,9.674307823181152
24-05-2013,14.960000038146973,15.0600004196167,103000,15.100000381469727,15.069999694824219,9.648697853088379
28-05-2013,14.869999885559082,15.109999656677246,123600,15.109999656677246,14.899999618530273,9.539854049682617
29-05-2013,14.399999618530273,14.800000190734863,320900,14.800000190734863,14.479999542236328,9.270941734313965
30-05-2013,14.270000457763672,14.489999771118164,253400,14.600000381469727,14.34000015258789,9.181309700012207
31-05-2013,13.899999618530273,14.350000381469727,394800,14.380000114440918,14.020000457763672,8.976422309875488
03-06-2013,13.770000457763672,14.0600004196167,444600,14.0600004196167,13.789999961853027,8.8291654586792
04-06-2013,13.510000228881836,13.789999961853027,579400,14.09000015258789,14.079999923706055,9.014842987060547
05-06-2013,14.050000190734863,14.130000114440918,677900,14.350000381469727,14.329999923706055,9.17490291595459
06-06-2013,14.3100004196167,14.390000343322754,343600,14.710000038146973,14.680000305175781,9.398995399475098
07-06-2013,14.609999656677246,14.789999961853027,373600,14.890000343322754,14.75,9.443809509277344
10-06-2013,14.359999656677246,14.710000038146973,250400,14.710000038146973,14.430000305175781,9.238931655883789
11-06-2013,14.050000190734863,14.3100004196167,333600,14.350000381469727,14.279999732971191,9.142892837524414
12-06-2013,13.880000114440918,14.140000343322754,315600,14.1899995803833,13.880000114440918,8.931817054748535
13-06-2013,13.75,13.819999694824219,362100,14.1899995803833,14.119999885559082,9.08626651763916
14-06-2013,14.079999923706055,14.079999923706055,225000,14.550000190734863,14.479999542236328,9.317923545837402
17-06-2013,14.119999885559082,14.4399995803833,170000,14.4399995803833,14.3100004196167,9.208532333374023
18-06-2013,14.0,14.300000190734863,279200,14.300000190734863,14.130000114440918,9.092697143554688
19-06-2013,13.970000267028809,14.0600004196167,182800,14.140000343322754,13.970000267028809,8.989739418029785
20-06-2013,13.569999694824219,13.899999618530273,351500,13.899999618530273,13.6899995803833,8.80955982208252
21-06-2013,13.550000190734863,13.550000190734863,382200,13.739999771118164,13.609999656677246,8.758078575134277
24-06-2013,13.100000381469727,13.5,461100,13.520000457763672,13.430000305175781,8.642243385314941
25-06-2013,13.1899995803833,13.479999542236328,310600,13.5,13.5,8.68729305267334
26-06-2013,13.619999885559082,13.670000076293945,270900,14.039999961853027,13.960000038146973,8.983306884765625
27-06-2013,13.979999542236328,14.0,236400,14.170000076293945,14.029999732971191,9.02834701538086
28-06-2013,13.850000381469727,14.010000228881836,161700,14.100000381469727,13.960000038146973,8.983306884765625
01-07-2013,14.0600004196167,14.069999694824219,125100,14.1899995803833,14.09000015258789,9.066959381103516
02-07-2013,13.930000305175781,14.100000381469727,110500,14.109999656677246,13.930000305175781,8.964000701904297
03-07-2013,13.5,13.789999961853027,377600,13.789999961853027,13.579999923706055,8.73877239227295
05-07-2013,13.25,13.460000038146973,144900,13.470000267028809,13.359999656677246,8.597203254699707
08-07-2013,13.210000038146973,13.359999656677246,216300,13.529999732971191,13.229999542236328,8.513547897338867
09-07-2013,13.220000267028809,13.25,196300,13.390000343322754,13.390000343322754,8.616506576538086
10-07-2013,13.239999771118164,13.300000190734863,142600,13.350000381469727,13.279999732971191,8.545719146728516
11-07-2013,13.300000190734863,13.300000190734863,283100,13.579999923706055,13.529999732971191,8.754054069519043
12-07-2013,13.430000305175781,13.529999732971191,188700,13.630000114440918,13.630000114440918,8.818760871887207
15-07-2013,13.329999923706055,13.630000114440918,165100,13.630000114440918,13.34000015258789,8.631128311157227
16-07-2013,13.270000457763672,13.380000114440918,125500,13.4399995803833,13.420000076293945,8.68288516998291
17-07-2013,13.34000015258789,13.390000343322754,161500,13.520000457763672,13.449999809265137,8.70229721069336
18-07-2013,13.399999618530273,13.449999809265137,176600,13.5,13.489999771118164,8.728174209594727
19-07-2013,13.270000457763672,13.479999542236328,256600,13.479999542236328,13.329999923706055,8.624656677246094
22-07-2013,12.979999542236328,13.25,241300,13.25,12.989999771118164,8.404671669006348
23-07-2013,12.920000076293945,13.020000457763672,148100,13.15999984741211,13.039999961853027,8.43702220916748
24-07-2013,12.850000381469727,12.880000114440918,292100,13.010000228881836,12.869999885559082,8.327030181884766
25-07-2013,12.729999542236328,12.819999694824219,234900,12.859999656677246,12.779999732971191,8.268800735473633
26-07-2013,12.680000305175781,12.75,233700,12.90999984741211,12.800000190734863,8.281744003295898
29-07-2013,12.760000228881836,12.760000228881836,179500,12.930000305175781,12.890000343322754,8.33996868133545
30-07-2013,12.779999732971191,12.949999809265137,238500,12.949999809265137,12.90999984741211,8.352909088134766
31-07-2013,12.65999984741211,12.899999618530273,340200,12.899999618530273,12.800000190734863,8.281744003295898
01-08-2013,12.649999618530273,12.859999656677246,170400,12.859999656677246,12.649999618530273,8.184690475463867
02-08-2013,12.619999885559082,12.630000114440918,186300,12.760000228881836,12.670000076293945,8.197630882263184
05-08-2013,12.510000228881836,12.59000015258789,211100,12.65999984741211,12.529999732971191,8.107048988342285
06-08-2013,12.350000381469727,12.430000305175781,307700,12.479999542236328,12.399999618530273,8.022936820983887
07-08-2013,12.279999732971191,12.300000190734863,308300,12.4399995803833,12.420000076293945,8.035877227783203
08-08-2013,12.350000381469727,12.380000114440918,325100,12.600000381469727,12.5600004196167,8.126458168029785
09-08-2013,12.40999984741211,12.460000038146973,159600,12.59000015258789,12.59000015258789,8.145870208740234
12-08-2013,12.539999961853027,12.59000015258789,268000,12.710000038146973,12.550000190734863,8.119989395141602
13-08-2013,12.279999732971191,12.399999618530273,261400,12.4399995803833,12.369999885559082,8.049708366394043
14-08-2013,12.220000267028809,12.319999694824219,231000,12.34000015258789,12.270000457763672,7.984638214111328
15-08-2013,12.100000381469727,12.15999984741211,287500,12.289999961853027,12.239999771118164,7.965109348297119
16-08-2013,12.050000190734863,12.239999771118164,265900,12.239999771118164,12.170000076293945,7.919556617736816
19-08-2013,12.170000076293945,12.220000267028809,575300,12.390000343322754,12.359999656677246,8.043201446533203
20-08-2013,12.34000015258789,12.350000381469727,349900,12.720000267028809,12.670000076293945,8.2449312210083
21-08-2013,12.600000381469727,12.670000076293945,393800,12.920000076293945,12.869999885559082,8.375081062316895
22-08-2013,12.800000190734863,12.829999923706055,371400,13.109999656677246,13.100000381469727,8.524751663208008
23-08-2013,12.949999809265137,13.069999694824219,249700,13.109999656677246,12.970000267028809,8.440154075622559
26-08-2013,12.619999885559082,12.989999771118164,311800,12.989999771118164,12.710000038146973,8.270959854125977
27-08-2013,12.430000305175781,12.579999923706055,425200,12.760000228881836,12.579999923706055,8.18636703491211
28-08-2013,12.470000267028809,12.510000228881836,187800,12.670000076293945,12.550000190734863,8.16684341430664
29-08-2013,12.350000381469727,12.569999694824219,233900,12.579999923706055,12.449999809265137,8.101767539978027
30-08-2013,12.329999923706055,12.359999656677246,190800,12.470000267028809,12.420000076293945,8.082245826721191
03-09-2013,12.3100004196167,12.460000038146973,195200,12.470000267028809,12.420000076293945,8.082245826721191
04-09-2013,12.300000190734863,12.369999885559082,215400,12.569999694824219,12.5600004196167,8.173351287841797
05-09-2013,12.350000381469727,12.5600004196167,185400,12.5600004196167,12.4399995803833,8.095260620117188
06-09-2013,12.300000190734863,12.40999984741211,277400,12.470000267028809,12.399999618530273,8.069229125976562
09-09-2013,12.399999618530273,12.399999618530273,216300,12.510000228881836,12.420000076293945,8.082245826721191
10-09-2013,12.380000114440918,12.449999809265137,199000,12.529999732971191,12.489999771118164,8.127798080444336
11-09-2013,12.380000114440918,12.40999984741211,203600,12.479999542236328,12.460000038146973,8.1082763671875
12-09-2013,12.329999923706055,12.420000076293945,258100,12.489999771118164,12.329999923706055,8.070311546325684
13-09-2013,12.25,12.289999961853027,318500,12.390000343322754,12.319999694824219,8.063764572143555
16-09-2013,12.369999885559082,12.369999885559082,261100,12.550000190734863,12.470000267028809,8.16195011138916
17-09-2013,12.449999809265137,12.460000038146973,412000,12.899999618530273,12.890000343322754,8.436844825744629
18-09-2013,12.770000457763672,12.850000381469727,363200,13.220000267028809,13.210000038146973,8.646294593811035
19-09-2013,13.109999656677246,13.25,291900,13.300000190734863,13.15999984741211,8.613571166992188
20-09-2013,13.0,13.140000343322754,229600,13.300000190734863,13.239999771118164,8.665933609008789
23-09-2013,13.1899995803833,13.1899995803833,200100,13.390000343322754,13.220000267028809,8.652841567993164
24-09-2013,13.1899995803833,13.260000228881836,217600,13.40999984741211,13.350000381469727,8.73792839050293
25-09-2013,13.260000228881836,13.260000228881836,174500,13.40999984741211,13.390000343322754,8.764110565185547
26-09-2013,13.350000381469727,13.350000381469727,148400,13.520000457763672,13.510000228881836,8.842652320861816
27-09-2013,13.380000114440918,13.380000114440918,115000,13.520000457763672,13.420000076293945,8.783743858337402
30-09-2013,13.039999961853027,13.329999923706055,290200,13.420000076293945,13.09000015258789,8.567754745483398
01-10-2013,13.010000228881836,13.09000015258789,169600,13.09000015258789,13.09000015258789,8.567754745483398
02-10-2013,12.84000015258789,12.869999885559082,345400,13.020000457763672,12.930000305175781,8.463028907775879
03-10-2013,12.850000381469727,12.899999618530273,132700,12.970000267028809,12.869999885559082,8.42375659942627
04-10-2013,12.850000381469727,12.850000381469727,145200,12.9399995803833,12.880000114440918,8.430299758911133
07-10-2013,12.6899995803833,12.880000114440918,137200,12.90999984741211,12.699999809265137,8.312485694885254
08-10-2013,12.619999885559082,12.720000267028809,126400,12.720000267028809,12.649999618530273,8.279764175415039
09-10-2013,12.619999885559082,12.619999885559082,175300,12.779999732971191,12.720000267028809,8.32557487487793
10-10-2013,12.739999771118164,12.800000190734863,289200,12.880000114440918,12.8100004196167,8.38448715209961
11-10-2013,12.699999809265137,12.75,141900,12.850000381469727,12.779999732971191,8.412131309509277
14-10-2013,12.720000267028809,12.739999771118164,99400,12.819999694824219,12.770000457763672,8.405548095703125
15-10-2013,12.699999809265137,12.739999771118164,182600,12.770000457763672,12.699999809265137,8.359471321105957
16-10-2013,12.710000038146973,12.720000267028809,156400,12.880000114440918,12.850000381469727,8.458203315734863
17-10-2013,12.84000015258789,12.869999885559082,333500,13.229999542236328,13.199999809265137,8.688584327697754
18-10-2013,13.0600004196167,13.279999732971191,277100,13.369999885559082,13.079999923706055,8.609598159790039
21-10-2013,12.899999618530273,13.069999694824219,238000,13.100000381469727,12.9399995803833,8.51744556427002
22-10-2013,12.930000305175781,13.0,141500,13.0600004196167,13.020000457763672,8.570107460021973
23-10-2013,12.960000038146973,13.0,175900,13.140000343322754,13.069999694824219,8.603014945983887
24-10-2013,12.979999542236328,13.100000381469727,131500,13.119999885559082,13.020000457763672,8.570107460021973
25-10-2013,12.989999771118164,13.010000228881836,96500,13.140000343322754,13.079999923706055,8.609598159790039
28-10-2013,13.09000015258789,13.09000015258789,84600,13.199999809265137,13.199999809265137,8.688584327697754
29-10-2013,13.109999656677246,13.199999809265137,136500,13.25,13.149999618530273,8.655673027038574
30-10-2013,13.010000228881836,13.210000038146973,109200,13.210000038146973,13.069999694824219,8.603014945983887
31-10-2013,12.9399995803833,13.0600004196167,151400,13.09000015258789,12.989999771118164,8.550357818603516
01-11-2013,12.789999961853027,12.989999771118164,205800,12.989999771118164,12.819999694824219,8.438462257385254
04-11-2013,12.75,12.850000381469727,155300,12.880000114440918,12.760000228881836,8.39896297454834
05-11-2013,12.710000038146973,12.710000038146973,139300,12.949999809265137,12.899999618530273,8.491114616394043
06-11-2013,12.699999809265137,12.989999771118164,221100,12.989999771118164,12.739999771118164,8.385802268981934
07-11-2013,12.619999885559082,12.720000267028809,275700,12.729999542236328,12.6899995803833,8.352890014648438
08-11-2013,12.5,12.680000305175781,245900,12.680000305175781,12.539999961853027,8.254156112670898
11-11-2013,12.489999771118164,12.510000228881836,139800,12.600000381469727,12.550000190734863,8.260738372802734
12-11-2013,12.399999618530273,12.5,336700,12.539999961853027,12.4399995803833,8.188333511352539
13-11-2013,12.3100004196167,12.369999885559082,200600,12.390000343322754,12.319999694824219,8.156554222106934
14-11-2013,12.3100004196167,12.329999923706055,235800,12.399999618530273,12.399999618530273,8.20952033996582
15-11-2013,12.329999923706055,12.359999656677246,290200,12.40999984741211,12.369999885559082,8.189657211303711
18-11-2013,12.300000190734863,12.369999885559082,348600,12.420000076293945,12.34000015258789,8.169795036315918
19-11-2013,12.25,12.350000381469727,277500,12.359999656677246,12.279999732971191,8.130070686340332
20-11-2013,12.25,12.260000228881836,225100,12.319999694824219,12.279999732971191,8.130070686340332
21-11-2013,12.180000305175781,12.270000457763672,284000,12.300000190734863,12.229999542236328,8.096968650817871
22-11-2013,12.15999984741211,12.220000267028809,265200,12.260000228881836,12.220000267028809,8.090349197387695
25-11-2013,12.15999984741211,12.15999984741211,242900,12.229999542236328,12.210000038146973,8.083727836608887
26-11-2013,12.15999984741211,12.170000076293945,278700,12.279999732971191,12.1899995803833,8.070491790771484
27-11-2013,12.130000114440918,12.180000305175781,238000,12.210000038146973,12.170000076293945,8.057249069213867
29-11-2013,12.149999618530273,12.199999809265137,85800,12.210000038146973,12.199999809265137,8.077107429504395
02-12-2013,12.119999885559082,12.149999618530273,381900,12.199999809265137,12.149999618530273,8.044005393981934
03-12-2013,12.0600004196167,12.100000381469727,711400,12.289999961853027,12.260000228881836,8.11683177947998
04-12-2013,12.119999885559082,12.1899995803833,288000,12.239999771118164,12.180000305175781,8.06386661529541
05-12-2013,12.0600004196167,12.149999618530273,387800,12.149999618530273,12.079999923706055,7.997661590576172
06-12-2013,12.029999732971191,12.069999694824219,333200,12.149999618530273,12.149999618530273,8.044005393981934
09-12-2013,12.039999961853027,12.109999656677246,322400,12.149999618530273,12.09000015258789,8.004279136657715
10-12-2013,12.069999694824219,12.069999694824219,400800,12.15999984741211,12.15999984741211,8.050625801086426
11-12-2013,12.050000190734863,12.109999656677246,298900,12.15999984741211,12.130000114440918,8.07859992980957
12-12-2013,12.100000381469727,12.119999885559082,404000,12.140000343322754,12.119999885559082,8.071935653686523
13-12-2013,12.050000190734863,12.100000381469727,422400,12.140000343322754,12.119999885559082,8.071935653686523
16-12-2013,12.079999923706055,12.100000381469727,498900,12.220000267028809,12.15999984741211,8.098575592041016
17-12-2013,12.140000343322754,12.149999618530273,428500,12.420000076293945,12.40999984741211,8.265076637268066
18-12-2013,12.369999885559082,12.449999809265137,624700,12.550000190734863,12.520000457763672,8.338336944580078
19-12-2013,12.470000267028809,12.510000228881836,491900,12.729999542236328,12.6899995803833,8.451555252075195
20-12-2013,12.65999984741211,12.65999984741211,426200,12.800000190734863,12.779999732971191,8.51149845123291
23-12-2013,12.75,12.800000190734863,473800,12.979999542236328,12.970000267028809,8.63803768157959
24-12-2013,12.800000190734863,12.90999984741211,194400,12.9399995803833,12.869999885559082,8.571443557739258
26-12-2013,12.630000114440918,12.899999618530273,394400,12.90999984741211,12.670000076293945,8.438238143920898
27-12-2013,12.5600004196167,12.579999923706055,435600,12.819999694824219,12.619999885559082,8.40494155883789
30-12-2013,12.539999961853027,12.550000190734863,351100,12.609999656677246,12.600000381469727,8.391619682312012
31-12-2013,12.539999961853027,12.5600004196167,370600,12.680000305175781,12.65999984741211,8.431578636169434
02-01-2014,12.569999694824219,12.630000114440918,192100,12.739999771118164,12.729999542236328,8.47819995880127
03-01-2014,12.670000076293945,12.779999732971191,159300,12.829999923706055,12.829999923706055,8.54479694366455
06-01-2014,12.84000015258789,12.850000381469727,331800,13.069999694824219,12.970000267028809,8.63803768157959
07-01-2014,13.010000228881836,13.069999694824219,273000,13.100000381469727,13.0600004196167,8.697976112365723
08-01-2014,12.970000267028809,12.989999771118164,142400,13.0600004196167,13.029999732971191,8.677999496459961
09-01-2014,12.9399995803833,13.029999732971191,141600,13.0600004196167,12.979999542236328,8.644700050354004
10-01-2014,13.010000228881836,13.029999732971191,189800,13.180000305175781,13.180000305175781,8.777897834777832
13-01-2014,13.09000015258789,13.229999542236328,200100,13.229999542236328,13.100000381469727,8.772540092468262
14-01-2014,13.050000190734863,13.140000343322754,107400,13.140000343322754,13.09000015258789,8.765849113464355
15-01-2014,13.020000457763672,13.069999694824219,110000,13.069999694824219,13.029999732971191,8.725667953491211
16-01-2014,13.0,13.079999923706055,259400,13.149999618530273,13.029999732971191,8.725667953491211
17-01-2014,13.020000457763672,13.0600004196167,160300,13.109999656677246,13.039999961853027,8.732358932495117
21-01-2014,13.029999732971191,13.0600004196167,262100,13.15999984741211,13.130000114440918,8.792632102966309
22-01-2014,13.100000381469727,13.15999984741211,82200,13.180000305175781,13.119999885559082,8.78593921661377
23-01-2014,13.140000343322754,13.140000343322754,107200,13.25,13.1899995803833,8.83281421661377
24-01-2014,13.180000305175781,13.210000038146973,160600,13.279999732971191,13.210000038146973,8.846202850341797
27-01-2014,13.100000381469727,13.239999771118164,124700,13.25,13.15999984741211,8.812721252441406
28-01-2014,13.109999656677246,13.140000343322754,126500,13.1899995803833,13.140000343322754,8.799324035644531
29-01-2014,13.119999885559082,13.15999984741211,144200,13.180000305175781,13.119999885559082,8.78593921661377
30-01-2014,13.109999656677246,13.119999885559082,81700,13.170000076293945,13.130000114440918,8.792632102966309
31-01-2014,13.130000114440918,13.130000114440918,240900,13.289999961853027,13.289999961853027,8.899775505065918
03-02-2014,13.270000457763672,13.300000190734863,252300,13.369999885559082,13.270000457763672,8.886385917663574
04-02-2014,13.229999542236328,13.289999961853027,228700,13.380000114440918,13.279999732971191,8.893078804016113
05-02-2014,13.180000305175781,13.229999542236328,120800,13.279999732971191,13.180000305175781,8.8261137008667
06-02-2014,13.199999809265137,13.210000038146973,168700,13.289999961853027,13.289999961853027,8.899775505065918
07-02-2014,13.25,13.289999961853027,103300,13.369999885559082,13.369999885559082,8.953350067138672
10-02-2014,13.329999923706055,13.399999618530273,176900,13.479999542236328,13.34000015258789,8.933260917663574
11-02-2014,13.300000190734863,13.390000343322754,131500,13.399999618530273,13.319999694824219,8.919864654541016
12-02-2014,13.149999618530273,13.289999961853027,121100,13.289999961853027,13.149999618530273,8.85388469696045
13-02-2014,13.109999656677246,13.130000114440918,150600,13.199999809265137,13.149999618530273,8.85388469696045
14-02-2014,13.09000015258789,13.119999885559082,153900,13.149999618530273,13.109999656677246,8.82695198059082
18-02-2014,13.079999923706055,13.079999923706055,152600,13.130000114440918,13.100000381469727,8.82021713256836
19-02-2014,13.100000381469727,13.100000381469727,158400,13.1899995803833,13.130000114440918,8.840417861938477
20-02-2014,13.130000114440918,13.140000343322754,126100,13.1899995803833,13.180000305175781,8.8740816116333
21-02-2014,13.149999618530273,13.239999771118164,140400,13.239999771118164,13.15999984741211,8.860616683959961
24-02-2014,13.140000343322754,13.15999984741211,135900,13.220000267028809,13.199999809265137,8.887550354003906
25-02-2014,13.199999809265137,13.220000267028809,84400,13.270000457763672,13.270000457763672,8.93468189239502
26-02-2014,13.279999732971191,13.34000015258789,194800,13.380000114440918,13.359999656677246,8.995278358459473
27-02-2014,13.34000015258789,13.369999885559082,97900,13.390000343322754,13.390000343322754,9.015478134155273
28-02-2014,13.34000015258789,13.369999885559082,92400,13.420000076293945,13.359999656677246,8.995278358459473
03-03-2014,13.350000381469727,13.380000114440918,104300,13.420000076293945,13.359999656677246,8.995278358459473
04-03-2014,13.369999885559082,13.380000114440918,139800,13.430000305175781,13.380000114440918,9.00874137878418
05-03-2014,13.380000114440918,13.380000114440918,171200,13.449999809265137,13.390000343322754,9.015478134155273
06-03-2014,13.260000228881836,13.390000343322754,191000,13.390000343322754,13.289999961853027,8.94814395904541
07-03-2014,13.109999656677246,13.220000267028809,223400,13.220000267028809,13.140000343322754,8.847146987915039
10-03-2014,13.15999984741211,13.15999984741211,82500,13.270000457763672,13.260000228881836,8.927950859069824
11-03-2014,13.239999771118164,13.260000228881836,112200,13.300000190734863,13.300000190734863,8.954878807067871
12-03-2014,13.220000267028809,13.25,97100,13.350000381469727,13.3100004196167,9.01175594329834
13-03-2014,13.289999961853027,13.329999923706055,98300,13.369999885559082,13.319999694824219,9.018524169921875
14-03-2014,13.270000457763672,13.319999694824219,91200,13.34000015258789,13.3100004196167,9.01175594329834
17-03-2014,13.319999694824219,13.319999694824219,81400,13.369999885559082,13.319999694824219,9.018524169921875
18-03-2014,13.289999961853027,13.319999694824219,112500,13.350000381469727,13.3100004196167,9.01175594329834
19-03-2014,13.119999885559082,13.300000190734863,137900,13.3100004196167,13.130000114440918,8.889877319335938
20-03-2014,13.039999961853027,13.130000114440918,418100,13.229999542236328,13.220000267028809,8.950814247131348
21-03-2014,13.210000038146973,13.220000267028809,172100,13.34000015258789,13.319999694824219,9.018524169921875
24-03-2014,13.319999694824219,13.359999656677246,150300,13.460000038146973,13.430000305175781,9.093002319335938
25-03-2014,13.350000381469727,13.449999809265137,155900,13.470000267028809,13.40999984741211,9.07945728302002
26-03-2014,13.390000343322754,13.479999542236328,131500,13.5,13.489999771118164,9.133626937866211
27-03-2014,13.460000038146973,13.5,114200,13.5600004196167,13.520000457763672,9.153936386108398
28-03-2014,13.5,13.5600004196167,116600,13.5600004196167,13.550000190734863,9.174246788024902
31-03-2014,13.5,13.529999732971191,178800,13.600000381469727,13.600000381469727,9.208106994628906
01-04-2014,13.510000228881836,13.619999885559082,149600,13.619999885559082,13.59000015258789,9.201329231262207
02-04-2014,13.399999618530273,13.569999694824219,207300,13.569999694824219,13.470000267028809,9.120087623596191
03-04-2014,13.460000038146973,13.460000038146973,128900,13.539999961853027,13.520000457763672,9.153936386108398
04-04-2014,13.510000228881836,13.65999984741211,106900,13.65999984741211,13.520000457763672,9.153936386108398
07-04-2014,13.5,13.520000457763672,112000,13.579999923706055,13.550000190734863,9.174246788024902
08-04-2014,13.539999961853027,13.579999923706055,142200,13.649999618530273,13.600000381469727,9.208106994628906
09-04-2014,13.59000015258789,13.619999885559082,95200,13.65999984741211,13.640000343322754,9.235184669494629
10-04-2014,13.649999618530273,13.6899995803833,121300,13.720000267028809,13.680000305175781,9.2622652053833
11-04-2014,13.5600004196167,13.609999656677246,153000,13.649999618530273,13.609999656677246,9.26498794555664
14-04-2014,13.569999694824219,13.649999618530273,107800,13.649999618530273,13.630000114440918,9.278605461120605
15-04-2014,13.600000381469727,13.649999618530273,131500,13.670000076293945,13.630000114440918,9.278605461120605
16-04-2014,13.59000015258789,13.680000305175781,99800,13.680000305175781,13.600000381469727,9.258187294006348
17-04-2014,13.59000015258789,13.630000114440918,155100,13.65999984741211,13.640000343322754,9.28541374206543
21-04-2014,13.619999885559082,13.619999885559082,120300,13.720000267028809,13.6899995803833,9.319450378417969
22-04-2014,13.670000076293945,13.699999809265137,69000,13.760000228881836,13.710000038146973,9.3330659866333
23-04-2014,13.729999542236328,13.789999961853027,128800,13.8100004196167,13.8100004196167,9.401141166687012
24-04-2014,13.800000190734863,13.869999885559082,101400,13.890000343322754,13.859999656677246,9.43517780303955
25-04-2014,13.859999656677246,13.859999656677246,76900,13.949999809265137,13.949999809265137,9.496441841125488
28-04-2014,13.899999618530273,13.989999771118164,135700,14.0,13.899999618530273,9.462408065795898
29-04-2014,13.829999923706055,13.899999618530273,108300,13.920000076293945,13.880000114440918,9.448792457580566
30-04-2014,13.880000114440918,13.949999809265137,131900,13.970000267028809,13.949999809265137,9.496441841125488
01-05-2014,13.9399995803833,13.949999809265137,194600,14.079999923706055,13.970000267028809,9.510061264038086
02-05-2014,13.850000381469727,13.979999542236328,102000,13.979999542236328,13.9399995803833,9.489638328552246
05-05-2014,13.890000343322754,13.9399995803833,91600,13.949999809265137,13.899999618530273,9.462408065795898
06-05-2014,13.880000114440918,13.90999984741211,129000,13.960000038146973,13.930000305175781,9.482833862304688
07-05-2014,13.930000305175781,13.930000305175781,88800,14.010000228881836,14.010000228881836,9.53729248046875
08-05-2014,13.9399995803833,14.0,132300,14.039999961853027,13.979999542236328,9.516865730285645
09-05-2014,13.9399995803833,14.020000457763672,103000,14.020000457763672,13.960000038146973,9.503255844116211
12-05-2014,13.920000076293945,14.0,167900,14.0,13.949999809265137,9.496441841125488
13-05-2014,13.84000015258789,13.880000114440918,297900,13.890000343322754,13.84000015258789,9.47180461883545
14-05-2014,13.8100004196167,13.880000114440918,197600,13.890000343322754,13.880000114440918,9.499181747436523
15-05-2014,13.890000343322754,13.90999984741211,95000,13.960000038146973,13.960000038146973,9.553935050964355
16-05-2014,13.930000305175781,13.970000267028809,86000,14.039999961853027,13.960000038146973,9.553935050964355
19-05-2014,13.9399995803833,13.970000267028809,69900,13.989999771118164,13.979999542236328,9.567619323730469
20-05-2014,13.949999809265137,13.979999542236328,94700,14.0,14.0,9.581304550170898
21-05-2014,13.930000305175781,13.949999809265137,66200,14.0,14.0,9.581304550170898
22-05-2014,13.9399995803833,14.0,80600,14.020000457763672,14.020000457763672,9.594993591308594
23-05-2014,13.970000267028809,14.020000457763672,82400,14.050000190734863,14.039999961853027,9.608683586120605
27-05-2014,13.989999771118164,14.029999732971191,88700,14.050000190734863,14.010000228881836,9.588153839111328
28-05-2014,13.989999771118164,14.020000457763672,114100,14.050000190734863,14.029999732971191,9.60184097290039
29-05-2014,14.039999961853027,14.039999961853027,174800,14.100000381469727,14.0600004196167,9.622368812561035
30-05-2014,14.0,14.050000190734863,96700,14.079999923706055,14.010000228881836,9.588153839111328
02-06-2014,13.960000038146973,14.050000190734863,136500,14.050000190734863,13.960000038146973,9.553935050964355
03-06-2014,13.869999885559082,13.970000267028809,105100,13.970000267028809,13.869999885559082,9.49233627319336
04-06-2014,13.720000267028809,13.869999885559082,155500,13.869999885559082,13.720000267028809,9.389683723449707
05-06-2014,13.670000076293945,13.6899995803833,114600,13.800000190734863,13.770000457763672,9.42389965057373
06-06-2014,13.770000457763672,13.789999961853027,115800,13.869999885559082,13.819999694824219,9.458118438720703
09-06-2014,13.829999923706055,13.859999656677246,112700,13.880000114440918,13.850000381469727,9.478653907775879
10-06-2014,13.819999694824219,13.84000015258789,162000,13.90999984741211,13.859999656677246,9.485495567321777
11-06-2014,13.850000381469727,13.880000114440918,91300,13.920000076293945,13.920000076293945,9.526558876037598
12-06-2014,13.819999694824219,13.869999885559082,69800,13.90999984741211,13.90999984741211,9.570591926574707
13-06-2014,13.819999694824219,13.899999618530273,181000,13.90999984741211,13.84000015258789,9.522429466247559
16-06-2014,13.819999694824219,13.829999923706055,56000,13.899999618530273,13.829999923706055,9.515549659729004
17-06-2014,13.739999771118164,13.84000015258789,162400,13.850000381469727,13.739999771118164,9.453627586364746
18-06-2014,13.729999542236328,13.729999542236328,58300,13.770000457763672,13.75,9.460506439208984
19-06-2014,13.729999542236328,13.770000457763672,91600,13.8100004196167,13.729999542236328,9.44674301147461
20-06-2014,13.720000267028809,13.770000457763672,61400,13.800000190734863,13.770000457763672,9.474266052246094
23-06-2014,13.75,13.75,85200,13.8100004196167,13.789999961853027,9.48802661895752
24-06-2014,13.760000228881836,13.800000190734863,85300,13.84000015258789,13.819999694824219,9.508667945861816
25-06-2014,13.789999961853027,13.850000381469727,108000,13.859999656677246,13.800000190734863,9.494905471801758
26-06-2014,13.789999961853027,13.819999694824219,113600,13.859999656677246,13.859999656677246,9.536187171936035
27-06-2014,13.819999694824219,13.84000015258789,79300,13.880000114440918,13.880000114440918,9.549951553344727
30-06-2014,13.770000457763672,13.890000343322754,150400,13.890000343322754,13.8100004196167,9.501791000366211
01-07-2014,13.770000457763672,13.819999694824219,127300,13.859999656677246,13.8100004196167,9.501791000366211
02-07-2014,13.609999656677246,13.770000457763672,235400,13.770000457763672,13.609999656677246,9.364179611206055
03-07-2014,13.420000076293945,13.569999694824219,248200,13.569999694824219,13.420000076293945,9.233454704284668
07-07-2014,13.4399995803833,13.449999809265137,481900,13.520000457763672,13.460000038146973,9.26097583770752
08-07-2014,13.510000228881836,13.510000228881836,140200,13.600000381469727,13.59000015258789,9.350419044494629
09-07-2014,13.510000228881836,13.600000381469727,134300,13.619999885559082,13.5600004196167,9.329779624938965
10-07-2014,13.550000190734863,13.609999656677246,130100,13.619999885559082,13.59000015258789,9.350419044494629
11-07-2014,13.489999771118164,13.529999732971191,114100,13.59000015258789,13.59000015258789,9.401612281799316
14-07-2014,13.5,13.609999656677246,153000,13.609999656677246,13.5,9.339347839355469
15-07-2014,13.479999542236328,13.489999771118164,102100,13.550000190734863,13.479999542236328,9.325515747070312
16-07-2014,13.489999771118164,13.489999771118164,78100,13.569999694824219,13.539999961853027,9.36702823638916
17-07-2014,13.5600004196167,13.5600004196167,83600,13.630000114440918,13.59000015258789,9.401612281799316
18-07-2014,13.569999694824219,13.59000015258789,69100,13.630000114440918,13.579999923706055,9.394699096679688
21-07-2014,13.600000381469727,13.600000381469727,105900,13.670000076293945,13.670000076293945,9.45695686340332
22-07-2014,13.65999984741211,13.670000076293945,246300,13.779999732971191,13.779999732971191,9.533055305480957
23-07-2014,13.779999732971191,13.8100004196167,96300,13.829999923706055,13.789999961853027,9.539974212646484
24-07-2014,13.739999771118164,13.760000228881836,100800,13.819999694824219,13.770000457763672,9.526139259338379
25-07-2014,13.779999732971191,13.779999732971191,77600,13.84000015258789,13.789999961853027,9.539974212646484
28-07-2014,13.779999732971191,13.789999961853027,72900,13.899999618530273,13.789999961853027,9.539974212646484
29-07-2014,13.770000457763672,13.829999923706055,127700,13.859999656677246,13.770000457763672,9.526139259338379
30-07-2014,13.550000190734863,13.760000228881836,299600,13.760000228881836,13.5600004196167,9.380861282348633
31-07-2014,13.449999809265137,13.5,217900,13.579999923706055,13.460000038146973,9.311676979064941
01-08-2014,13.460000038146973,13.460000038146973,146800,13.579999923706055,13.579999923706055,9.394699096679688
04-08-2014,13.5,13.5600004196167,88500,13.609999656677246,13.529999732971191,9.360100746154785
05-08-2014,13.4399995803833,13.489999771118164,132100,13.529999732971191,13.529999732971191,9.360100746154785
06-08-2014,13.539999961853027,13.550000190734863,91800,13.640000343322754,13.640000343322754,9.436203956604004
07-08-2014,13.609999656677246,13.619999885559082,152800,13.760000228881836,13.720000267028809,9.491549491882324
08-08-2014,13.630000114440918,13.75,215900,13.800000190734863,13.640000343322754,9.436203956604004
11-08-2014,13.649999618530273,13.649999618530273,124500,13.75,13.729999542236328,9.498465538024902
12-08-2014,13.760000228881836,13.779999732971191,156700,13.84000015258789,13.829999923706055,9.567646026611328
13-08-2014,13.75,13.8100004196167,125400,13.8100004196167,13.789999961853027,9.591297149658203
14-08-2014,13.760000228881836,13.819999694824219,109900,13.819999694824219,13.800000190734863,9.598246574401855
15-08-2014,13.779999732971191,13.789999961853027,104800,13.850000381469727,13.819999694824219,9.612157821655273
18-08-2014,13.739999771118164,13.8100004196167,145700,13.850000381469727,13.779999732971191,9.584341049194336
19-08-2014,13.779999732971191,13.789999961853027,129900,13.84000015258789,13.829999923706055,9.61911678314209
20-08-2014,13.789999961853027,13.800000190734863,148100,13.859999656677246,13.800000190734863,9.598246574401855
21-08-2014,13.800000190734863,13.800000190734863,106300,13.850000381469727,13.84000015258789,9.626070976257324
22-08-2014,13.75,13.819999694824219,116300,13.850000381469727,13.829999923706055,9.61911678314209
25-08-2014,13.760000228881836,13.869999885559082,149700,13.869999885559082,13.770000457763672,9.577384948730469
26-08-2014,13.760000228881836,13.779999732971191,129500,13.850000381469727,13.84000015258789,9.626070976257324
27-08-2014,13.789999961853027,13.869999885559082,97400,13.880000114440918,13.850000381469727,9.633027076721191
28-08-2014,13.869999885559082,13.880000114440918,107600,13.930000305175781,13.880000114440918,9.653891563415527
29-08-2014,13.869999885559082,13.899999618530273,53900,13.930000305175781,13.869999885559082,9.646933555603027
02-09-2014,13.789999961853027,13.850000381469727,119500,13.899999618530273,13.789999961853027,9.591297149658203
03-09-2014,13.779999732971191,13.829999923706055,124200,13.850000381469727,13.829999923706055,9.61911678314209
04-09-2014,13.729999542236328,13.829999923706055,130600,13.880000114440918,13.739999771118164,9.5565185546875
05-09-2014,13.739999771118164,13.770000457763672,96500,13.829999923706055,13.739999771118164,9.5565185546875
08-09-2014,13.699999809265137,13.739999771118164,132800,13.789999961853027,13.699999809265137,9.528693199157715
09-09-2014,13.710000038146973,13.710000038146973,54300,13.760000228881836,13.729999542236328,9.549560546875
10-09-2014,13.699999809265137,13.710000038146973,57000,13.760000228881836,13.760000228881836,9.570430755615234
11-09-2014,13.699999809265137,13.729999542236328,54600,13.739999771118164,13.739999771118164,9.60819149017334
12-09-2014,13.609999656677246,13.720000267028809,133800,13.720000267028809,13.619999885559082,9.52427864074707
15-09-2014,13.600000381469727,13.65999984741211,81400,13.6899995803833,13.609999656677246,9.51728343963623
16-09-2014,13.510000228881836,13.600000381469727,162000,13.609999656677246,13.520000457763672,9.45434856414795
17-09-2014,13.510000228881836,13.529999732971191,161700,13.569999694824219,13.510000228881836,9.447349548339844
18-09-2014,13.510000228881836,13.529999732971191,97500,13.569999694824219,13.569999694824219,9.489311218261719
19-09-2014,13.569999694824219,13.579999923706055,121600,13.699999809265137,13.6899995803833,9.573225975036621
22-09-2014,13.600000381469727,13.729999542236328,138400,13.729999542236328,13.720000267028809,9.594205856323242
23-09-2014,13.619999885559082,13.720000267028809,179000,13.720000267028809,13.630000114440918,9.531270980834961
24-09-2014,13.569999694824219,13.569999694824219,127600,13.65999984741211,13.619999885559082,9.52427864074707
25-09-2014,13.619999885559082,13.619999885559082,97300,13.699999809265137,13.699999809265137,9.580214500427246
26-09-2014,13.619999885559082,13.640000343322754,72100,13.670000076293945,13.649999618530273,9.545251846313477
29-09-2014,13.640000343322754,13.649999618530273,93200,13.720000267028809,13.649999618530273,9.545251846313477
30-09-2014,13.630000114440918,13.649999618530273,110000,13.739999771118164,13.710000038146973,9.587209701538086
01-10-2014,13.729999542236328,13.75,142100,13.8100004196167,13.789999961853027,9.643157005310059
02-10-2014,13.699999809265137,13.760000228881836,95100,13.789999961853027,13.770000457763672,9.629168510437012
03-10-2014,13.720000267028809,13.779999732971191,93800,13.779999732971191,13.770000457763672,9.629168510437012
06-10-2014,13.779999732971191,13.779999732971191,152900,13.920000076293945,13.899999618530273,9.720072746276855
07-10-2014,13.890000343322754,13.890000343322754,121500,14.0,13.979999542236328,9.776021957397461
08-10-2014,13.970000267028809,13.989999771118164,167200,14.109999656677246,14.0600004196167,9.831960678100586
09-10-2014,13.989999771118164,14.0600004196167,98800,14.09000015258789,13.989999771118164,9.783011436462402
10-10-2014,13.829999923706055,13.899999618530273,101100,13.9399995803833,13.829999923706055,9.722554206848145
13-10-2014,13.779999732971191,13.829999923706055,113400,13.930000305175781,13.880000114440918,9.757702827453613
14-10-2014,13.869999885559082,13.869999885559082,104400,13.970000267028809,13.899999618530273,9.771759986877441
15-10-2014,13.899999618530273,13.899999618530273,143500,14.039999961853027,13.899999618530273,9.771759986877441
16-10-2014,13.899999618530273,13.899999618530273,83500,13.979999542236328,13.930000305175781,9.792854309082031
17-10-2014,14.020000457763672,14.029999732971191,175100,14.220000267028809,14.020000457763672,9.856123924255371
20-10-2014,14.050000190734863,14.069999694824219,79700,14.109999656677246,14.079999923706055,9.898303985595703
21-10-2014,14.0,14.050000190734863,174800,14.119999885559082,14.039999961853027,9.870183944702148
22-10-2014,14.0,14.069999694824219,111100,14.09000015258789,14.039999961853027,9.870183944702148
23-10-2014,13.960000038146973,14.020000457763672,119100,14.029999732971191,13.979999542236328,9.828006744384766
24-10-2014,14.0,14.029999732971191,61900,14.050000190734863,14.050000190734863,9.877215385437012
27-10-2014,14.010000228881836,14.010000228881836,100900,14.149999618530273,14.09000015258789,9.90533447265625
28-10-2014,14.039999961853027,14.069999694824219,89800,14.100000381469727,14.079999923706055,9.898303985595703
29-10-2014,14.010000228881836,14.109999656677246,111500,14.109999656677246,14.010000228881836,9.849091529846191
30-10-2014,14.010000228881836,14.020000457763672,86900,14.069999694824219,14.029999732971191,9.863157272338867
31-10-2014,13.960000038146973,14.0600004196167,164500,14.069999694824219,13.979999542236328,9.828006744384766
03-11-2014,13.930000305175781,14.020000457763672,118200,14.399999618530273,13.930000305175781,9.792854309082031
04-11-2014,13.949999809265137,13.979999542236328,88400,14.039999961853027,13.989999771118164,9.835034370422363
05-11-2014,13.949999809265137,13.970000267028809,154100,14.050000190734863,13.989999771118164,9.835034370422363
06-11-2014,13.979999542236328,14.0,71200,14.069999694824219,14.020000457763672,9.856123924255371
07-11-2014,13.979999542236328,14.020000457763672,76300,14.079999923706055,13.979999542236328,9.828006744384766
10-11-2014,14.0,14.010000228881836,61800,14.069999694824219,14.0600004196167,9.88424015045166
11-11-2014,14.020000457763672,14.0600004196167,104000,14.100000381469727,14.050000190734863,9.877215385437012
12-11-2014,13.970000267028809,13.970000267028809,44100,14.020000457763672,13.979999542236328,9.88003921508789
13-11-2014,13.979999542236328,13.979999542236328,80600,14.050000190734863,14.0,9.89417552947998
14-11-2014,13.989999771118164,14.020000457763672,51800,14.050000190734863,14.029999732971191,9.915379524230957
17-11-2014,13.890000343322754,14.010000228881836,157300,14.010000228881836,13.899999618530273,9.82349967956543
18-11-2014,13.880000114440918,13.90999984741211,90700,13.930000305175781,13.880000114440918,9.809366226196289
19-11-2014,13.75,13.859999656677246,176400,13.920000076293945,13.75,9.717493057250977
20-11-2014,13.720000267028809,13.770000457763672,130600,13.829999923706055,13.75,9.717493057250977
21-11-2014,13.739999771118164,13.789999961853027,172800,13.819999694824219,13.779999732971191,9.73869514465332
24-11-2014,13.739999771118164,13.779999732971191,135400,13.819999694824219,13.800000190734863,9.75283432006836
25-11-2014,13.770000457763672,13.829999923706055,109700,13.859999656677246,13.800000190734863,9.75283432006836
26-11-2014,13.800000190734863,13.800000190734863,99400,13.899999618530273,13.890000343322754,9.816435813903809
28-11-2014,13.819999694824219,13.880000114440918,21200,13.899999618530273,13.84000015258789,9.781099319458008
01-12-2014,13.850000381469727,13.899999618530273,152400,14.039999961853027,13.859999656677246,9.795234680175781
02-12-2014,13.859999656677246,13.859999656677246,91500,13.970000267028809,13.949999809265137,9.858839988708496
03-12-2014,13.9399995803833,13.9399995803833,132700,14.079999923706055,14.020000457763672,9.90831184387207
04-12-2014,14.0600004196167,14.0600004196167,173700,14.1899995803833,14.180000305175781,10.021383285522461
05-12-2014,14.039999961853027,14.15999984741211,122600,14.15999984741211,14.069999694824219,9.943644523620605
08-12-2014,14.039999961853027,14.100000381469727,130700,14.140000343322754,14.100000381469727,9.96484661102295
09-12-2014,14.09000015258789,14.109999656677246,134000,14.149999618530273,14.109999656677246,9.971914291381836
10-12-2014,14.029999732971191,14.069999694824219,114700,14.170000076293945,14.109999656677246,10.025200843811035
11-12-2014,14.029999732971191,14.140000343322754,113100,14.140000343322754,14.100000381469727,10.018098831176758
12-12-2014,14.020000457763672,14.050000190734863,174800,14.149999618530273,14.149999618530273,10.053621292114258
15-12-2014,14.0600004196167,14.149999618530273,123000,14.15999984741211,14.09000015258789,10.010993003845215
16-12-2014,14.029999732971191,14.109999656677246,117500,14.140000343322754,14.119999885559082,10.032307624816895
17-12-2014,14.029999732971191,14.09000015258789,144700,14.15999984741211,14.09000015258789,10.010993003845215
18-12-2014,14.09000015258789,14.100000381469727,80100,14.15999984741211,14.15999984741211,10.0607271194458
19-12-2014,14.109999656677246,14.1899995803833,74400,14.199999809265137,14.199999809265137,10.08914852142334
22-12-2014,14.09000015258789,14.109999656677246,231800,14.15999984741211,14.15999984741211,10.0607271194458
23-12-2014,14.050000190734863,14.270000457763672,255100,14.270000457763672,14.109999656677246,10.025200843811035
24-12-2014,14.069999694824219,14.069999694824219,36400,14.130000114440918,14.130000114440918,10.039411544799805
26-12-2014,14.079999923706055,14.130000114440918,34800,14.170000076293945,14.170000076293945,10.067831993103027
29-12-2014,14.100000381469727,14.140000343322754,77200,14.170000076293945,14.130000114440918,10.039411544799805
30-12-2014,14.079999923706055,14.15999984741211,105600,14.170000076293945,14.149999618530273,10.053621292114258
31-12-2014,14.069999694824219,14.15999984741211,124700,14.229999542236328,14.069999694824219,9.996786117553711
02-01-2015,14.100000381469727,14.100000381469727,83300,14.25,14.25,10.124674797058105
05-01-2015,14.260000228881836,14.260000228881836,155600,14.369999885559082,14.369999885559082,10.209930419921875
06-01-2015,14.380000114440918,14.380000114440918,111100,14.539999961853027,14.520000457763672,10.316512107849121
07-01-2015,14.529999732971191,14.529999732971191,162200,14.670000076293945,14.579999923706055,10.359140396118164
08-01-2015,14.25,14.550000190734863,339700,14.569999694824219,14.350000381469727,10.195722579956055
09-01-2015,14.390000343322754,14.399999618530273,97500,14.529999732971191,14.479999542236328,10.288090705871582
12-01-2015,14.4399995803833,14.5600004196167,160000,14.569999694824219,14.529999732971191,10.323613166809082
13-01-2015,14.40999984741211,14.5,98300,14.5,14.460000038146973,10.326469421386719
14-01-2015,14.449999809265137,14.489999771118164,106400,14.550000190734863,14.550000190734863,10.390739440917969
15-01-2015,14.529999732971191,14.539999961853027,116900,14.59000015258789,14.5600004196167,10.397882461547852
16-01-2015,14.470000267028809,14.579999923706055,92300,14.600000381469727,14.510000228881836,10.36217975616455
20-01-2015,14.489999771118164,14.520000457763672,62300,14.550000190734863,14.550000190734863,10.390739440917969
21-01-2015,14.4399995803833,14.550000190734863,120600,14.5600004196167,14.4399995803833,10.312191009521484
22-01-2015,14.420000076293945,14.460000038146973,86400,14.5,14.449999809265137,10.319331169128418
23-01-2015,14.430000305175781,14.449999809265137,137300,14.520000457763672,14.510000228881836,10.36217975616455
26-01-2015,14.460000038146973,14.539999961853027,72100,14.539999961853027,14.5,10.355034828186035
27-01-2015,14.529999732971191,14.539999961853027,119900,14.59000015258789,14.59000015258789,10.419303894042969
28-01-2015,14.59000015258789,14.59000015258789,164600,14.699999809265137,14.630000114440918,10.447876930236816
29-01-2015,14.619999885559082,14.619999885559082,107900,14.739999771118164,14.720000267028809,10.512147903442383
30-01-2015,14.739999771118164,14.739999771118164,131300,14.829999923706055,14.760000228881836,10.540711402893066
02-02-2015,14.739999771118164,14.779999732971191,154700,14.899999618530273,14.899999618530273,10.640692710876465
03-02-2015,14.779999732971191,14.850000381469727,139800,14.880000114440918,14.779999732971191,10.554994583129883
04-02-2015,14.6899995803833,14.760000228881836,158900,14.800000190734863,14.800000190734863,10.569278717041016
05-02-2015,14.739999771118164,14.770000457763672,137500,14.800000190734863,14.779999732971191,10.554994583129883
06-02-2015,14.600000381469727,14.710000038146973,109000,14.729999542236328,14.619999885559082,10.440729141235352
09-02-2015,14.579999923706055,14.609999656677246,117900,14.649999618530273,14.579999923706055,10.412165641784668
10-02-2015,14.470000267028809,14.5600004196167,120800,14.59000015258789,14.470000267028809,10.333608627319336
11-02-2015,14.300000190734863,14.420000076293945,160100,14.420000076293945,14.3100004196167,10.271883010864258
12-02-2015,14.270000457763672,14.270000457763672,86900,14.34000015258789,14.279999732971191,10.250346183776855
13-02-2015,14.270000457763672,14.279999732971191,74400,14.319999694824219,14.3100004196167,10.271883010864258
17-02-2015,13.989999771118164,14.3100004196167,236800,14.3100004196167,14.039999961853027,10.078068733215332
18-02-2015,13.979999542236328,14.069999694824219,338000,14.180000305175781,14.180000305175781,10.178564071655273
19-02-2015,14.109999656677246,14.15999984741211,117100,14.229999542236328,14.109999656677246,10.128314018249512
20-02-2015,14.149999618530273,14.180000305175781,84600,14.229999542236328,14.15999984741211,10.16420841217041
23-02-2015,14.1899995803833,14.210000038146973,90800,14.239999771118164,14.210000038146973,10.200098037719727
24-02-2015,14.130000114440918,14.199999809265137,231400,14.270000457763672,14.270000457763672,10.24316692352295
25-02-2015,14.239999771118164,14.329999923706055,140500,14.34000015258789,14.239999771118164,10.221638679504395
26-02-2015,14.149999618530273,14.229999542236328,92500,14.260000228881836,14.180000305175781,10.178564071655273
27-02-2015,14.170000076293945,14.170000076293945,77800,14.270000457763672,14.270000457763672,10.24316692352295
02-03-2015,14.1899995803833,14.25,136100,14.279999732971191,14.210000038146973,10.200098037719727
03-03-2015,14.170000076293945,14.180000305175781,142900,14.25,14.210000038146973,10.200098037719727
04-03-2015,14.220000267028809,14.260000228881836,128600,14.300000190734863,14.289999961853027,10.257521629333496
05-03-2015,14.25,14.279999732971191,172500,14.3100004196167,14.289999961853027,10.257521629333496
06-03-2015,14.050000190734863,14.239999771118164,211800,14.239999771118164,14.079999923706055,10.10678482055664
09-03-2015,14.079999923706055,14.079999923706055,101200,14.149999618530273,14.100000381469727,10.121137619018555
10-03-2015,14.119999885559082,14.119999885559082,93500,14.180000305175781,14.15999984741211,10.16420841217041
11-03-2015,14.050000190734863,14.100000381469727,81600,14.100000381469727,14.09000015258789,10.167096138000488
12-03-2015,14.09000015258789,14.109999656677246,102200,14.140000343322754,14.09000015258789,10.167096138000488
13-03-2015,14.029999732971191,14.109999656677246,87700,14.109999656677246,14.0600004196167,10.145447731018066
16-03-2015,13.9399995803833,14.0600004196167,145600,14.079999923706055,13.9399995803833,10.058858871459961
17-03-2015,13.850000381469727,13.9399995803833,183300,13.960000038146973,13.850000381469727,9.993917465209961
18-03-2015,13.880000114440918,13.890000343322754,164200,14.069999694824219,14.050000190734863,10.13823413848877
19-03-2015,13.930000305175781,14.039999961853027,165000,14.0600004196167,13.9399995803833,10.058858871459961
20-03-2015,13.970000267028809,13.979999542236328,55200,14.09000015258789,14.09000015258789,10.167096138000488
23-03-2015,14.039999961853027,14.09000015258789,131000,14.119999885559082,14.039999961853027,10.131014823913574
24-03-2015,13.989999771118164,14.050000190734863,176300,14.140000343322754,14.140000343322754,10.203173637390137
25-03-2015,14.069999694824219,14.140000343322754,117100,14.140000343322754,14.119999885559082,10.188745498657227
26-03-2015,14.039999961853027,14.069999694824219,143900,14.119999885559082,14.069999694824219,10.152663230895996
27-03-2015,14.119999885559082,14.119999885559082,79400,14.1899995803833,14.119999885559082,10.188745498657227
30-03-2015,14.109999656677246,14.149999618530273,81700,14.15999984741211,14.119999885559082,10.188745498657227
31-03-2015,14.119999885559082,14.140000343322754,148000,14.220000267028809,14.199999809265137,10.24647331237793
01-04-2015,14.149999618530273,14.260000228881836,197000,14.289999961853027,14.1899995803833,10.239252090454102
02-04-2015,14.069999694824219,14.140000343322754,233400,14.15999984741211,14.100000381469727,10.174311637878418
06-04-2015,14.119999885559082,14.130000114440918,78800,14.1899995803833,14.140000343322754,10.203173637390137
07-04-2015,14.140000343322754,14.140000343322754,115600,14.220000267028809,14.199999809265137,10.24647331237793
08-04-2015,14.199999809265137,14.220000267028809,101300,14.279999732971191,14.270000457763672,10.296981811523438
09-04-2015,14.210000038146973,14.279999732971191,84100,14.279999732971191,14.229999542236328,10.26811695098877
10-04-2015,14.25,14.270000457763672,76500,14.279999732971191,14.279999732971191,10.30419635772705
13-04-2015,14.1899995803833,14.25,140000,14.270000457763672,14.229999542236328,10.321603775024414
14-04-2015,14.25,14.25,71700,14.3100004196167,14.300000190734863,10.37237548828125
15-04-2015,14.270000457763672,14.329999923706055,66900,14.329999923706055,14.289999961853027,10.365126609802246
16-04-2015,14.260000228881836,14.279999732971191,70800,14.34000015258789,14.300000190734863,10.37237548828125
17-04-2015,14.279999732971191,14.319999694824219,68600,14.329999923706055,14.329999923706055,10.394140243530273
20-04-2015,14.3100004196167,14.369999885559082,131300,14.420000076293945,14.3100004196167,10.379632949829102
21-04-2015,14.3100004196167,14.350000381469727,75100,14.369999885559082,14.34000015258789,10.40139389038086
22-04-2015,14.270000457763672,14.319999694824219,96400,14.34000015258789,14.289999961853027,10.365126609802246
23-04-2015,14.279999732971191,14.300000190734863,78100,14.329999923706055,14.279999732971191,10.357871055603027
24-04-2015,14.239999771118164,14.279999732971191,136000,14.350000381469727,14.319999694824219,10.386886596679688
27-04-2015,14.329999923706055,14.359999656677246,84900,14.380000114440918,14.369999885559082,10.423151969909668
28-04-2015,14.34000015258789,14.34000015258789,101200,14.399999618530273,14.380000114440918,10.43040943145752
29-04-2015,14.3100004196167,14.34000015258789,106800,14.369999885559082,14.359999656677246,10.415895462036133
30-04-2015,14.319999694824219,14.329999923706055,182000,14.520000457763672,14.460000038146973,10.488434791564941
01-05-2015,14.300000190734863,14.460000038146973,107000,14.460000038146973,14.3100004196167,10.379632949829102
04-05-2015,14.279999732971191,14.359999656677246,80800,14.369999885559082,14.289999961853027,10.365126609802246
05-05-2015,14.199999809265137,14.319999694824219,133000,14.350000381469727,14.239999771118164,10.328862190246582
06-05-2015,14.039999961853027,14.229999542236328,185900,14.239999771118164,14.050000190734863,10.191043853759766
07-05-2015,13.979999542236328,14.039999961853027,149800,14.069999694824219,14.029999732971191,10.176535606384277
08-05-2015,14.050000190734863,14.069999694824219,115200,14.100000381469727,14.079999923706055,10.212804794311523
11-05-2015,13.960000038146973,14.079999923706055,124300,14.09000015258789,13.970000267028809,10.133017539978027
12-05-2015,13.90999984741211,13.960000038146973,151800,14.100000381469727,14.0600004196167,10.198296546936035
13-05-2015,13.930000305175781,14.039999961853027,120200,14.039999961853027,13.9399995803833,10.164754867553711
14-05-2015,13.949999809265137,13.949999809265137,153900,14.039999961853027,14.039999961853027,10.2376708984375
15-05-2015,14.029999732971191,14.09000015258789,123500,14.199999809265137,14.170000076293945,10.332464218139648
18-05-2015,14.0,14.149999618530273,130200,14.149999618530273,14.069999694824219,10.25954818725586
19-05-2015,13.979999542236328,14.029999732971191,160000,14.100000381469727,14.050000190734863,10.24496078491211
20-05-2015,13.960000038146973,14.039999961853027,129200,14.050000190734863,13.960000038146973,10.179337501525879
21-05-2015,13.960000038146973,13.960000038146973,78900,14.029999732971191,14.0,10.208507537841797
22-05-2015,13.970000267028809,14.029999732971191,100800,14.029999732971191,14.0,10.208507537841797
26-05-2015,13.960000038146973,14.029999732971191,93000,14.029999732971191,13.979999542236328,10.193921089172363
27-05-2015,13.960000038146973,14.0,113600,14.039999961853027,13.979999542236328,10.193921089172363
28-05-2015,13.960000038146973,13.960000038146973,115000,14.039999961853027,14.029999732971191,10.230382919311523
29-05-2015,13.989999771118164,13.989999771118164,197100,14.079999923706055,14.010000228881836,10.215795516967773
01-06-2015,14.020000457763672,14.020000457763672,152600,14.15999984741211,14.15999984741211,10.325174331665039
02-06-2015,14.020000457763672,14.119999885559082,181100,14.119999885559082,14.100000381469727,10.281423568725586
03-06-2015,14.0,14.0600004196167,123400,14.09000015258789,14.010000228881836,10.215795516967773
04-06-2015,13.930000305175781,14.029999732971191,104900,14.050000190734863,13.989999771118164,10.201214790344238
05-06-2015,13.84000015258789,13.90999984741211,149800,13.930000305175781,13.920000076293945,10.150171279907227
08-06-2015,13.75,13.90999984741211,202800,13.920000076293945,13.819999694824219,10.077254295349121
09-06-2015,13.619999885559082,13.779999732971191,205600,13.960000038146973,13.680000305175781,9.975170135498047
10-06-2015,13.640000343322754,13.699999809265137,168100,13.770000457763672,13.670000076293945,9.967874526977539
11-06-2015,13.649999618530273,13.699999809265137,150400,13.890000343322754,13.890000343322754,10.183422088623047
12-06-2015,13.739999771118164,13.829999923706055,120000,13.949999809265137,13.819999694824219,10.132102012634277
15-06-2015,13.850000381469727,13.880000114440918,152000,13.9399995803833,13.869999885559082,10.1687593460083
16-06-2015,13.800000190734863,13.859999656677246,132900,13.9399995803833,13.90999984741211,10.198089599609375
17-06-2015,13.800000190734863,13.84000015258789,143300,13.930000305175781,13.930000305175781,10.212746620178223
18-06-2015,13.850000381469727,13.930000305175781,141800,14.020000457763672,13.869999885559082,10.1687593460083
19-06-2015,13.880000114440918,13.880000114440918,124500,13.970000267028809,13.930000305175781,10.212746620178223
22-06-2015,13.899999618530273,13.930000305175781,129900,13.989999771118164,13.930000305175781,10.212746620178223
23-06-2015,13.880000114440918,13.930000305175781,100700,13.960000038146973,13.960000038146973,10.234740257263184
24-06-2015,13.920000076293945,13.9399995803833,76100,14.020000457763672,13.970000267028809,10.242072105407715
25-06-2015,13.859999656677246,13.930000305175781,169400,13.979999542236328,13.970000267028809,10.242072105407715
26-06-2015,13.880000114440918,13.930000305175781,98800,13.970000267028809,13.880000114440918,10.176091194152832
29-06-2015,13.760000228881836,13.880000114440918,123000,13.90999984741211,13.770000457763672,10.095447540283203
30-06-2015,13.729999542236328,13.760000228881836,148200,13.829999923706055,13.75,10.080782890319824
01-07-2015,13.680000305175781,13.789999961853027,152000,13.850000381469727,13.680000305175781,10.029462814331055
02-07-2015,13.640000343322754,13.670000076293945,199300,13.880000114440918,13.880000114440918,10.176091194152832
06-07-2015,13.789999961853027,13.880000114440918,183500,13.989999771118164,13.930000305175781,10.212746620178223
07-07-2015,14.0,14.0600004196167,122100,14.09000015258789,14.069999694824219,10.315390586853027
08-07-2015,13.970000267028809,14.050000190734863,55400,14.140000343322754,14.079999923706055,10.322720527648926
09-07-2015,13.970000267028809,14.0600004196167,117500,14.09000015258789,14.0,10.264068603515625
10-07-2015,13.930000305175781,13.970000267028809,110200,14.069999694824219,14.039999961853027,10.2933931350708
13-07-2015,13.789999961853027,13.949999809265137,68500,13.949999809265137,13.850000381469727,10.207898139953613
14-07-2015,13.8100004196167,13.8100004196167,75700,13.960000038146973,13.90999984741211,10.252120018005371
15-07-2015,13.880000114440918,13.930000305175781,122700,14.050000190734863,14.050000190734863,10.355299949645996
16-07-2015,13.859999656677246,13.979999542236328,130900,13.979999542236328,13.90999984741211,10.252120018005371
17-07-2015,13.859999656677246,13.949999809265137,44400,13.949999809265137,13.859999656677246,10.215267181396484
20-07-2015,13.850000381469727,13.850000381469727,75600,13.979999542236328,13.920000076293945,10.259490013122559
21-07-2015,13.880000114440918,13.90999984741211,70800,13.960000038146973,13.880000114440918,10.230010986328125
22-07-2015,13.819999694824219,13.880000114440918,88000,13.899999618530273,13.819999694824219,10.185786247253418
23-07-2015,13.779999732971191,13.800000190734863,71000,13.930000305175781,13.930000305175781,10.266860961914062
24-07-2015,13.869999885559082,13.970000267028809,159700,14.09000015258789,14.09000015258789,10.384787559509277
27-07-2015,13.989999771118164,14.029999732971191,65200,14.0600004196167,14.020000457763672,10.333194732666016
28-07-2015,13.9399995803833,13.960000038146973,80500,14.010000228881836,13.960000038146973,10.288969993591309
29-07-2015,13.9399995803833,14.020000457763672,166800,14.0600004196167,13.9399995803833,10.274230003356934
30-07-2015,13.90999984741211,13.949999809265137,78700,14.0,13.90999984741211,10.252120018005371
31-07-2015,13.9399995803833,14.020000457763672,176400,14.050000190734863,14.039999961853027,10.347932815551758
03-08-2015,14.010000228881836,14.010000228881836,159400,14.130000114440918,14.109999656677246,10.399521827697754
04-08-2015,14.069999694824219,14.109999656677246,76000,14.15999984741211,14.069999694824219,10.370043754577637
05-08-2015,14.0,14.100000381469727,122400,14.149999618530273,14.0,10.318451881408691
06-08-2015,13.960000038146973,14.0,72000,14.050000190734863,14.029999732971191,10.340566635131836
07-08-2015,14.0,14.010000228881836,79600,14.130000114440918,14.029999732971191,10.340566635131836
10-08-2015,14.020000457763672,14.020000457763672,93500,14.180000305175781,14.140000343322754,10.421638488769531
11-08-2015,14.140000343322754,14.15999984741211,108700,14.270000457763672,14.220000267028809,10.480600357055664
12-08-2015,14.100000381469727,14.170000076293945,101300,14.229999542236328,14.140000343322754,10.476156234741211
13-08-2015,14.100000381469727,14.170000076293945,98100,14.1899995803833,14.100000381469727,10.446516036987305
14-08-2015,14.079999923706055,14.109999656677246,54500,14.170000076293945,14.15999984741211,10.490974426269531
17-08-2015,14.0600004196167,14.15999984741211,58900,14.170000076293945,14.069999694824219,10.424291610717773
18-08-2015,14.069999694824219,14.100000381469727,247600,14.279999732971191,14.079999923706055,10.431703567504883
19-08-2015,14.069999694824219,14.069999694824219,37000,14.199999809265137,14.130000114440918,10.468743324279785
20-08-2015,14.069999694824219,14.130000114440918,70000,14.130000114440918,14.100000381469727,10.446516036987305
21-08-2015,14.010000228881836,14.119999885559082,124600,14.130000114440918,14.029999732971191,10.394658088684082
24-08-2015,13.899999618530273,14.029999732971191,193800,14.029999732971191,13.960000038146973,10.342796325683594
25-08-2015,13.84000015258789,13.960000038146973,156000,14.010000228881836,13.850000381469727,10.261298179626465
26-08-2015,13.710000038146973,13.90999984741211,133800,13.90999984741211,13.770000457763672,10.202027320861816
27-08-2015,13.75,13.770000457763672,142600,14.050000190734863,14.050000190734863,10.409473419189453
28-08-2015,13.960000038146973,13.989999771118164,67900,14.050000190734863,14.020000457763672,10.387247085571289
31-08-2015,13.970000267028809,13.979999542236328,193400,14.130000114440918,14.0600004196167,10.416881561279297
01-09-2015,14.079999923706055,14.09000015258789,214900,14.1899995803833,14.109999656677246,10.453927040100098
02-09-2015,14.069999694824219,14.100000381469727,96100,14.1899995803833,14.170000076293945,10.498381614685059
03-09-2015,14.140000343322754,14.229999542236328,90500,14.25,14.239999771118164,10.550241470336914
04-09-2015,14.180000305175781,14.239999771118164,112800,14.289999961853027,14.25,10.557653427124023
08-09-2015,14.119999885559082,14.1899995803833,106300,14.25,14.149999618530273,10.483562469482422
09-09-2015,14.09000015258789,14.149999618530273,67300,14.1899995803833,14.140000343322754,10.476156234741211
10-09-2015,14.010000228881836,14.149999618530273,99900,14.1899995803833,14.029999732971191,10.394658088684082
11-09-2015,13.850000381469727,14.0,164700,14.039999961853027,13.859999656677246,10.323150634765625
14-09-2015,13.829999923706055,13.899999618530273,98100,13.949999809265137,13.829999923706055,10.300811767578125
15-09-2015,13.739999771118164,13.829999923706055,61800,13.829999923706055,13.760000228881836,10.248674392700195
16-09-2015,13.770000457763672,13.779999732971191,67400,13.850000381469727,13.8100004196167,10.28591537475586
17-09-2015,13.770000457763672,13.84000015258789,82100,14.029999732971191,14.029999732971191,10.449773788452148
18-09-2015,13.930000305175781,13.930000305175781,157300,14.109999656677246,14.050000190734863,10.464668273925781
21-09-2015,13.899999618530273,14.069999694824219,120100,14.069999694824219,13.920000076293945,10.367842674255371
22-09-2015,13.899999618530273,13.920000076293945,156300,14.050000190734863,14.039999961853027,10.457219123840332
23-09-2015,13.989999771118164,14.0,70400,14.039999961853027,14.010000228881836,10.434876441955566
24-09-2015,13.960000038146973,14.0,67200,14.050000190734863,13.979999542236328,10.412527084350586
25-09-2015,13.9399995803833,13.960000038146973,32900,13.989999771118164,13.989999771118164,10.419981002807617
28-09-2015,13.979999542236328,14.010000228881836,119800,14.020000457763672,14.020000457763672,10.442323684692383
29-09-2015,14.0,14.039999961853027,58800,14.100000381469727,14.050000190734863,10.464668273925781
30-09-2015,13.970000267028809,14.079999923706055,64200,14.079999923706055,13.970000267028809,10.405084609985352
01-10-2015,13.960000038146973,14.029999732971191,124800,14.0600004196167,14.0,10.427431106567383
02-10-2015,14.020000457763672,14.029999732971191,115400,14.109999656677246,14.100000381469727,10.501908302307129
05-10-2015,13.989999771118164,14.130000114440918,136900,14.130000114440918,14.0,10.427431106567383
06-10-2015,13.989999771118164,14.0,160800,14.119999885559082,14.050000190734863,10.464668273925781
07-10-2015,14.020000457763672,14.0600004196167,60900,14.079999923706055,14.020000457763672,10.442323684692383
08-10-2015,14.020000457763672,14.020000457763672,59400,14.109999656677246,14.039999961853027,10.457219123840332
09-10-2015,14.020000457763672,14.039999961853027,65000,14.09000015258789,14.029999732971191,10.449773788452148
12-10-2015,14.039999961853027,14.039999961853027,65700,14.170000076293945,14.170000076293945,10.554051399230957
13-10-2015,14.010000228881836,14.079999923706055,61500,14.140000343322754,14.140000343322754,10.586990356445312
14-10-2015,14.119999885559082,14.130000114440918,63200,14.260000228881836,14.220000267028809,10.646894454956055
15-10-2015,14.149999618530273,14.239999771118164,65000,14.239999771118164,14.149999618530273,10.594478607177734
16-10-2015,14.109999656677246,14.130000114440918,39200,14.180000305175781,14.170000076293945,10.609455108642578
19-10-2015,14.130000114440918,14.140000343322754,73600,14.1899995803833,14.170000076293945,10.609455108642578
20-10-2015,14.149999618530273,14.149999618530273,43300,14.239999771118164,14.199999809265137,10.631917953491211
21-10-2015,14.1899995803833,14.1899995803833,61200,14.300000190734863,14.25,10.669354438781738
22-10-2015,14.25,14.25,50200,14.289999961853027,14.289999961853027,10.699301719665527
23-10-2015,14.260000228881836,14.260000228881836,105000,14.350000381469727,14.329999923706055,10.729249000549316
26-10-2015,14.25,14.319999694824219,57500,14.329999923706055,14.25,10.669354438781738
27-10-2015,14.149999618530273,14.279999732971191,139400,14.279999732971191,14.15999984741211,10.601967811584473
28-10-2015,14.140000343322754,14.1899995803833,97100,14.239999771118164,14.149999618530273,10.594478607177734
29-10-2015,14.130000114440918,14.149999618530273,191700,14.199999809265137,14.180000305175781,10.61694049835205
30-10-2015,14.149999618530273,14.149999618530273,124000,14.279999732971191,14.279999732971191,10.691814422607422
02-11-2015,14.220000267028809,14.279999732971191,149600,14.34000015258789,14.329999923706055,10.729249000549316
03-11-2015,14.300000190734863,14.350000381469727,131500,14.350000381469727,14.300000190734863,10.706788063049316
04-11-2015,14.25,14.319999694824219,96300,14.350000381469727,14.319999694824219,10.721758842468262
05-11-2015,14.279999732971191,14.34000015258789,113500,14.369999885559082,14.3100004196167,10.714275360107422
06-11-2015,14.109999656677246,14.25,199800,14.25,14.25,10.669354438781738
09-11-2015,14.010000228881836,14.1899995803833,157200,14.1899995803833,14.010000228881836,10.489656448364258
10-11-2015,14.0,14.039999961853027,116600,14.109999656677246,14.109999656677246,10.564528465270996
11-11-2015,14.050000190734863,14.09000015258789,104800,14.119999885559082,14.119999885559082,10.57201862335205
12-11-2015,14.039999961853027,14.079999923706055,105200,14.15999984741211,14.119999885559082,10.62771224975586
13-11-2015,14.079999923706055,14.119999885559082,131800,14.15999984741211,14.149999618530273,10.650293350219727
16-11-2015,14.119999885559082,14.149999618530273,213300,14.289999961853027,14.289999961853027,10.755669593811035
17-11-2015,14.229999542236328,14.229999542236328,126100,14.289999961853027,14.279999732971191,10.748144149780273
18-11-2015,14.239999771118164,14.260000228881836,48900,14.279999732971191,14.279999732971191,10.748144149780273
19-11-2015,14.270000457763672,14.270000457763672,93700,14.369999885559082,14.329999923706055,10.785778045654297
20-11-2015,14.239999771118164,14.300000190734863,93200,14.329999923706055,14.279999732971191,10.748144149780273
23-11-2015,14.260000228881836,14.289999961853027,43900,14.329999923706055,14.329999923706055,10.785778045654297
24-11-2015,14.289999961853027,14.289999961853027,149300,14.399999618530273,14.329999923706055,10.785778045654297
25-11-2015,14.3100004196167,14.329999923706055,54300,14.420000076293945,14.40999984741211,10.845988273620605
27-11-2015,14.390000343322754,14.40999984741211,9000,14.430000305175781,14.430000305175781,10.861042976379395
30-11-2015,14.369999885559082,14.430000305175781,142700,14.520000457763672,14.5,10.913729667663574
01-12-2015,14.539999961853027,14.579999923706055,107200,14.609999656677246,14.550000190734863,10.951363563537598
02-12-2015,14.520000457763672,14.529999732971191,114200,14.609999656677246,14.5600004196167,10.958893775939941
03-12-2015,14.319999694824219,14.5,209200,14.569999694824219,14.34000015258789,10.793305397033691
04-12-2015,14.329999923706055,14.380000114440918,118900,14.479999542236328,14.420000076293945,10.853514671325684
07-12-2015,14.369999885559082,14.449999809265137,102400,14.5,14.489999771118164,10.906201362609863
08-12-2015,14.470000267028809,14.489999771118164,95000,14.600000381469727,14.600000381469727,10.988994598388672
09-12-2015,14.539999961853027,14.600000381469727,97200,14.630000114440918,14.609999656677246,10.996525764465332
10-12-2015,14.4399995803833,14.5600004196167,103600,14.5600004196167,14.479999542236328,10.954160690307617
11-12-2015,14.449999809265137,14.529999732971191,100900,14.550000190734863,14.460000038146973,10.939033508300781
14-12-2015,14.279999732971191,14.460000038146973,139400,14.460000038146973,14.279999732971191,10.802860260009766
15-12-2015,14.25,14.25,92700,14.380000114440918,14.380000114440918,10.878512382507324
16-12-2015,14.289999961853027,14.319999694824219,81600,14.399999618530273,14.380000114440918,10.878512382507324
17-12-2015,14.369999885559082,14.369999885559082,140100,14.520000457763672,14.470000267028809,10.9465970993042
18-12-2015,14.5,14.510000228881836,52700,14.579999923706055,14.5,10.969290733337402
21-12-2015,14.5,14.5,140400,14.569999694824219,14.5,10.969290733337402
22-12-2015,14.470000267028809,14.529999732971191,78000,14.539999961853027,14.489999771118164,10.961726188659668
23-12-2015,14.479999542236328,14.479999542236328,42900,14.579999923706055,14.5600004196167,11.01468276977539
24-12-2015,14.550000190734863,14.579999923706055,20500,14.640000343322754,14.569999694824219,11.022247314453125
28-12-2015,14.529999732971191,14.539999961853027,76700,14.680000305175781,14.680000305175781,11.105462074279785
29-12-2015,14.579999923706055,14.670000076293945,126700,14.680000305175781,14.579999923706055,11.029809951782227
30-12-2015,14.600000381469727,14.600000381469727,91200,14.670000076293945,14.630000114440918,11.067636489868164
31-12-2015,14.649999618530273,14.670000076293945,123400,14.729999542236328,14.729999542236328,11.143285751342773
04-01-2016,14.609999656677246,14.739999771118164,119600,14.800000190734863,14.789999961853027,11.188671112060547
05-01-2016,14.789999961853027,14.819999694824219,154500,14.869999885559082,14.850000381469727,11.234066009521484
06-01-2016,14.920000076293945,14.9399995803833,144500,14.989999771118164,14.9399995803833,11.30215072631836
07-01-2016,14.800000190734863,14.979999542236328,199700,15.020000457763672,14.8100004196167,11.203805923461914
08-01-2016,14.770000457763672,14.8100004196167,115700,14.949999809265137,14.90999984741211,11.279454231262207
11-01-2016,14.8100004196167,14.9399995803833,84000,14.9399995803833,14.890000343322754,11.264324188232422
12-01-2016,14.819999694824219,14.890000343322754,58500,14.890000343322754,14.890000343322754,11.264324188232422
13-01-2016,14.680000305175781,14.850000381469727,85600,14.850000381469727,14.6899995803833,11.168525695800781
14-01-2016,14.699999809265137,14.75,93900,14.75,14.75,11.214147567749023
15-01-2016,14.770000457763672,14.770000457763672,97700,14.859999656677246,14.779999732971191,11.236955642700195
19-01-2016,14.739999771118164,14.779999732971191,121900,14.899999618530273,14.84000015258789,11.282575607299805
20-01-2016,14.670000076293945,14.84000015258789,102600,14.850000381469727,14.729999542236328,11.198942184448242
21-01-2016,14.65999984741211,14.729999542236328,99500,14.8100004196167,14.800000190734863,11.252161026000977
22-01-2016,14.770000457763672,14.859999656677246,72700,14.949999809265137,14.90999984741211,11.335790634155273
25-01-2016,14.680000305175781,14.920000076293945,186200,14.930000305175781,14.6899995803833,11.168525695800781
26-01-2016,14.640000343322754,14.65999984741211,179400,14.739999771118164,14.720000267028809,11.191338539123535
27-01-2016,14.680000305175781,14.84000015258789,179500,14.859999656677246,14.699999809265137,11.176133155822754
28-01-2016,14.729999542236328,14.770000457763672,111100,14.84000015258789,14.789999961853027,11.24455451965332
29-01-2016,14.789999961853027,14.789999961853027,90500,14.9399995803833,14.9399995803833,11.358598709106445
01-02-2016,14.899999618530273,14.9399995803833,160700,15.010000228881836,15.010000228881836,11.411820411682129
02-02-2016,14.960000038146973,15.069999694824219,174800,15.109999656677246,15.0,11.404215812683105
03-02-2016,14.850000381469727,14.960000038146973,201900,15.0,14.850000381469727,11.290176391601562
04-02-2016,14.84000015258789,14.850000381469727,167700,14.9399995803833,14.90999984741211,11.335790634155273
05-02-2016,14.880000114440918,14.960000038146973,101900,15.0,14.890000343322754,11.320584297180176
08-02-2016,14.920000076293945,14.970000267028809,85200,15.0,14.979999542236328,11.38901138305664
09-02-2016,14.90999984741211,14.960000038146973,133500,15.010000228881836,15.0,11.404215812683105
10-02-2016,14.9399995803833,15.010000228881836,102000,15.0600004196167,15.0600004196167,11.44983196258545
11-02-2016,14.850000381469727,15.079999923706055,150100,15.079999923706055,14.930000305175781,11.407047271728516
12-02-2016,14.850000381469727,14.949999809265137,177900,14.949999809265137,14.90999984741211,11.391766548156738
16-02-2016,14.729999542236328,14.880000114440918,117000,14.880000114440918,14.729999542236328,11.254240989685059
17-02-2016,14.680000305175781,14.729999542236328,84400,14.760000228881836,14.729999542236328,11.254240989685059
18-02-2016,14.739999771118164,14.779999732971191,76300,14.850000381469727,14.850000381469727,11.345925331115723
19-02-2016,14.75,14.819999694824219,182900,14.90999984741211,14.760000228881836,11.277162551879883
22-02-2016,14.720000267028809,14.800000190734863,180200,14.920000076293945,14.859999656677246,11.353562355041504
23-02-2016,14.84000015258789,14.850000381469727,145600,14.9399995803833,14.890000343322754,11.376485824584961
24-02-2016,14.800000190734863,14.920000076293945,137000,14.920000076293945,14.84000015258789,11.338287353515625
25-02-2016,14.829999923706055,14.829999923706055,66900,14.930000305175781,14.880000114440918,11.368844985961914
26-02-2016,14.729999542236328,14.850000381469727,194100,14.850000381469727,14.75,11.269522666931152
29-02-2016,14.75,14.75,83300,14.8100004196167,14.8100004196167,11.315366744995117
01-03-2016,14.760000228881836,14.890000343322754,167000,14.90999984741211,14.800000190734863,11.307723045349121
02-03-2016,14.739999771118164,14.800000190734863,157100,14.829999923706055,14.779999732971191,11.29244327545166
03-03-2016,14.739999771118164,14.760000228881836,127100,14.789999961853027,14.75,11.269522666931152
04-03-2016,14.699999809265137,14.75,334400,14.800000190734863,14.770000457763672,11.284805297851562
07-03-2016,14.75,14.75,137500,14.850000381469727,14.850000381469727,11.345925331115723
08-03-2016,14.869999885559082,14.920000076293945,135200,14.979999542236328,14.930000305175781,11.407047271728516
09-03-2016,14.890000343322754,14.890000343322754,95200,14.979999542236328,14.970000267028809,11.437610626220703
10-03-2016,14.890000343322754,15.0,135100,15.0,14.9399995803833,11.414688110351562
11-03-2016,14.760000228881836,14.829999923706055,157900,14.90999984741211,14.770000457763672,11.340975761413574
14-03-2016,14.770000457763672,14.770000457763672,114600,14.850000381469727,14.84000015258789,11.394729614257812
15-03-2016,14.770000457763672,14.880000114440918,73200,14.880000114440918,14.770000457763672,11.340975761413574
16-03-2016,14.779999732971191,14.800000190734863,96000,14.899999618530273,14.899999618530273,11.440796852111816
17-03-2016,14.859999656677246,14.899999618530273,81500,14.970000267028809,14.970000267028809,11.494548797607422
18-03-2016,14.9399995803833,15.0,97700,15.0,15.0,11.517579078674316
21-03-2016,14.949999809265137,15.0,78900,15.020000457763672,14.979999542236328,11.502224922180176
22-03-2016,15.010000228881836,15.039999961853027,131000,15.100000381469727,15.0600004196167,11.56364917755127
23-03-2016,14.970000267028809,15.09000015258789,121200,15.100000381469727,14.979999542236328,11.502224922180176
24-03-2016,14.970000267028809,15.020000457763672,111400,15.039999961853027,14.979999542236328,11.502224922180176
28-03-2016,14.949999809265137,15.069999694824219,135600,15.069999694824219,15.0,11.517579078674316
29-03-2016,14.970000267028809,14.989999771118164,188700,15.079999923706055,15.010000228881836,11.52525806427002
30-03-2016,14.960000038146973,15.0,173900,15.050000190734863,14.989999771118164,11.509902000427246
31-03-2016,15.020000457763672,15.020000457763672,118200,15.09000015258789,15.079999923706055,11.579004287719727
01-04-2016,15.079999923706055,15.100000381469727,115900,15.149999618530273,15.140000343322754,11.62507438659668
04-04-2016,15.029999732971191,15.130000114440918,266100,15.1899995803833,15.1899995803833,11.663470268249512
05-04-2016,15.220000267028809,15.229999542236328,86700,15.319999694824219,15.3100004196167,11.755608558654785
06-04-2016,15.359999656677246,15.380000114440918,211400,15.430000305175781,15.359999656677246,11.794002532958984
07-04-2016,15.3100004196167,15.40999984741211,100900,15.430000305175781,15.329999923706055,11.770964622497559
08-04-2016,15.34000015258789,15.40999984741211,74600,15.40999984741211,15.399999618530273,11.824715614318848
11-04-2016,15.390000343322754,15.420000076293945,131800,15.449999809265137,15.4399995803833,11.855430603027344
12-04-2016,15.449999809265137,15.449999809265137,179500,15.59000015258789,15.59000015258789,11.970603942871094
13-04-2016,15.399999618530273,15.520000457763672,184500,15.520000457763672,15.399999618530273,11.881108283996582
14-04-2016,15.289999961853027,15.489999771118164,152500,15.510000228881836,15.289999961853027,11.796242713928223
15-04-2016,15.329999923706055,15.34000015258789,109700,15.430000305175781,15.390000343322754,11.873396873474121
18-04-2016,15.34000015258789,15.479999542236328,119600,15.489999771118164,15.380000114440918,11.865680694580078
19-04-2016,15.229999542236328,15.430000305175781,195200,15.430000305175781,15.25,11.765385627746582
20-04-2016,15.199999809265137,15.34000015258789,140700,15.350000381469727,15.210000038146973,11.734524726867676
21-04-2016,15.180000305175781,15.270000457763672,116200,15.279999732971191,15.180000305175781,11.711380958557129
22-04-2016,15.15999984741211,15.229999542236328,130500,15.239999771118164,15.210000038146973,11.734524726867676
25-04-2016,15.100000381469727,15.220000267028809,156200,15.229999542236328,15.109999656677246,11.657371520996094
26-04-2016,15.0600004196167,15.170000076293945,152800,15.180000305175781,15.079999923706055,11.634223937988281
27-04-2016,15.09000015258789,15.149999618530273,169600,15.180000305175781,15.180000305175781,11.711380958557129
28-04-2016,15.130000114440918,15.239999771118164,123900,15.260000228881836,15.210000038146973,11.734524726867676
29-04-2016,15.15999984741211,15.210000038146973,130800,15.289999961853027,15.289999961853027,11.796242713928223
02-05-2016,15.300000190734863,15.369999885559082,165800,15.40999984741211,15.359999656677246,11.850251197814941
03-05-2016,15.380000114440918,15.390000343322754,190200,15.539999961853027,15.470000267028809,11.935113906860352
04-05-2016,15.4399995803833,15.529999732971191,101200,15.529999732971191,15.4399995803833,11.911972045898438
05-05-2016,15.4399995803833,15.489999771118164,86500,15.539999961853027,15.4399995803833,11.911972045898438
06-05-2016,15.479999542236328,15.5,114100,15.609999656677246,15.609999656677246,12.043123245239258
09-05-2016,15.479999542236328,15.649999618530273,132000,15.649999618530273,15.529999732971191,11.98140811920166
10-05-2016,15.430000305175781,15.569999694824219,154200,15.59000015258789,15.4399995803833,11.911972045898438
11-05-2016,15.460000038146973,15.5,129500,15.550000190734863,15.550000190734863,11.996834754943848
12-05-2016,15.470000267028809,15.520000457763672,116900,15.5600004196167,15.550000190734863,12.054198265075684
13-05-2016,15.5600004196167,15.59000015258789,119900,15.640000343322754,15.5600004196167,12.061955451965332
16-05-2016,15.5600004196167,15.600000381469727,133400,15.649999618530273,15.609999656677246,12.1007080078125
17-05-2016,15.550000190734863,15.569999694824219,127200,15.619999885559082,15.569999694824219,12.0697021484375
18-05-2016,15.430000305175781,15.579999923706055,193000,15.640000343322754,15.4399995803833,11.9689302444458
19-05-2016,15.15999984741211,15.430000305175781,224400,15.4399995803833,15.1899995803833,11.775131225585938
20-05-2016,15.15999984741211,15.270000457763672,118100,15.329999923706055,15.180000305175781,11.767378807067871
23-05-2016,15.199999809265137,15.229999542236328,54100,15.3100004196167,15.220000267028809,11.798385620117188
24-05-2016,15.260000228881836,15.260000228881836,111500,15.390000343322754,15.390000343322754,11.930170059204102
25-05-2016,15.279999732971191,15.430000305175781,123700,15.430000305175781,15.34000015258789,11.89140796661377
26-05-2016,15.350000381469727,15.399999618530273,96100,15.420000076293945,15.359999656677246,11.906912803649902
27-05-2016,15.3100004196167,15.4399995803833,39800,15.4399995803833,15.3100004196167,11.868155479431152
31-05-2016,15.220000267028809,15.359999656677246,111500,15.359999656677246,15.220000267028809,11.798385620117188
01-06-2016,15.260000228881836,15.329999923706055,155300,15.380000114440918,15.380000114440918,11.922418594360352
02-06-2016,15.279999732971191,15.319999694824219,154500,15.470000267028809,15.4399995803833,11.9689302444458
03-06-2016,15.4399995803833,15.510000228881836,93400,15.579999923706055,15.539999961853027,12.046445846557617
06-06-2016,15.470000267028809,15.5,80900,15.579999923706055,15.539999961853027,12.046445846557617
07-06-2016,15.479999542236328,15.569999694824219,77700,15.579999923706055,15.539999961853027,12.046445846557617
08-06-2016,15.449999809265137,15.579999923706055,106500,15.579999923706055,15.449999809265137,11.976678848266602
09-06-2016,15.430000305175781,15.539999961853027,109800,15.539999961853027,15.430000305175781,11.961176872253418
10-06-2016,15.4399995803833,15.510000228881836,98300,15.579999923706055,15.470000267028809,11.992183685302734
13-06-2016,15.390000343322754,15.470000267028809,103800,15.510000228881836,15.390000343322754,11.982842445373535
14-06-2016,15.319999694824219,15.449999809265137,89100,15.449999809265137,15.34000015258789,11.943907737731934
15-06-2016,15.260000228881836,15.380000114440918,141400,15.380000114440918,15.369999885559082,11.967266082763672
16-06-2016,15.420000076293945,15.420000076293945,141900,15.510000228881836,15.4399995803833,12.021771430969238
17-06-2016,15.40999984741211,15.489999771118164,76000,15.520000457763672,15.40999984741211,11.9984130859375
20-06-2016,15.390000343322754,15.449999809265137,80600,15.510000228881836,15.399999618530273,11.990623474121094
21-06-2016,15.390000343322754,15.430000305175781,99000,15.470000267028809,15.460000038146973,12.03734302520752
22-06-2016,15.420000076293945,15.470000267028809,116900,15.5,15.420000076293945,12.006200790405273
23-06-2016,15.430000305175781,15.479999542236328,74400,15.510000228881836,15.489999771118164,12.060701370239258
24-06-2016,15.399999618530273,15.399999618530273,91100,15.609999656677246,15.550000190734863,12.10741901397705
27-06-2016,15.569999694824219,15.699999809265137,83700,15.699999809265137,15.649999618530273,12.185279846191406
28-06-2016,15.619999885559082,15.720000267028809,85300,15.720000267028809,15.670000076293945,12.200854301452637
29-06-2016,15.680000305175781,15.699999809265137,85700,15.75,15.739999771118164,12.255354881286621
30-06-2016,15.65999984741211,15.770000457763672,181900,15.84000015258789,15.65999984741211,12.193065643310547
01-07-2016,15.649999618530273,15.760000228881836,125900,15.760000228881836,15.670000076293945,12.200854301452637
05-07-2016,15.600000381469727,15.670000076293945,99300,15.720000267028809,15.619999885559082,12.161921501159668
06-07-2016,15.649999618530273,15.6899995803833,82400,15.729999542236328,15.699999809265137,12.22420883178711
07-07-2016,15.680000305175781,15.680000305175781,97500,15.850000381469727,15.829999923706055,12.325428009033203
08-07-2016,15.779999732971191,15.850000381469727,113900,15.869999885559082,15.859999656677246,12.348786354064941
11-07-2016,15.779999732971191,15.880000114440918,130300,15.880000114440918,15.800000190734863,12.302067756652832
12-07-2016,15.65999984741211,15.789999961853027,109600,15.800000190734863,15.670000076293945,12.200854301452637
13-07-2016,15.3100004196167,15.550000190734863,264500,15.630000114440918,15.420000076293945,12.058527946472168
14-07-2016,15.020000457763672,15.4399995803833,308100,15.4399995803833,15.0600004196167,11.777003288269043
15-07-2016,15.09000015258789,15.109999656677246,150000,15.279999732971191,15.1899995803833,11.878667831420898
18-07-2016,15.300000190734863,15.300000190734863,122300,15.4399995803833,15.380000114440918,12.027249336242676
19-07-2016,15.319999694824219,15.460000038146973,89200,15.479999542236328,15.399999618530273,12.042884826660156
20-07-2016,15.4399995803833,15.479999542236328,119000,15.520000457763672,15.510000228881836,12.12890625
21-07-2016,15.5,15.550000190734863,127600,15.739999771118164,15.6899995803833,12.269670486450195
22-07-2016,15.65999984741211,15.6899995803833,38700,15.739999771118164,15.699999809265137,12.277486801147461
25-07-2016,15.609999656677246,15.649999618530273,110800,15.720000267028809,15.649999618530273,12.238388061523438
26-07-2016,15.59000015258789,15.699999809265137,61800,15.699999809265137,15.609999656677246,12.207106590270996
27-07-2016,15.550000190734863,15.550000190734863,144000,15.670000076293945,15.65999984741211,12.246207237243652
28-07-2016,15.600000381469727,15.6899995803833,60000,15.6899995803833,15.609999656677246,12.207106590270996
29-07-2016,15.619999885559082,15.649999618530273,63200,15.670000076293945,15.649999618530273,12.238388061523438
01-08-2016,15.59000015258789,15.600000381469727,82700,15.649999618530273,15.609999656677246,12.207106590270996
02-08-2016,15.479999542236328,15.539999961853027,88100,15.550000190734863,15.489999771118164,12.113265991210938
03-08-2016,15.510000228881836,15.5600004196167,50200,15.600000381469727,15.600000381469727,12.199288368225098
04-08-2016,15.609999656677246,15.670000076293945,93700,15.699999809265137,15.670000076293945,12.254027366638184
05-08-2016,15.539999961853027,15.710000038146973,80000,15.710000038146973,15.569999694824219,12.175827026367188
08-08-2016,15.579999923706055,15.630000114440918,49900,15.65999984741211,15.65999984741211,12.246207237243652
09-08-2016,15.65999984741211,15.680000305175781,75500,15.739999771118164,15.6899995803833,12.269670486450195
10-08-2016,15.720000267028809,15.729999542236328,58700,15.800000190734863,15.800000190734863,12.35568904876709
11-08-2016,15.65999984741211,15.739999771118164,101000,15.760000228881836,15.670000076293945,12.306995391845703
12-08-2016,15.670000076293945,15.670000076293945,80700,15.800000190734863,15.800000190734863,12.40909481048584
15-08-2016,15.6899995803833,15.789999961853027,71000,15.800000190734863,15.6899995803833,12.322702407836914
16-08-2016,15.649999618530273,15.699999809265137,108000,15.710000038146973,15.710000038146973,12.338412284851074
17-08-2016,15.649999618530273,15.720000267028809,63400,15.720000267028809,15.720000267028809,12.346263885498047
18-08-2016,15.710000038146973,15.779999732971191,58700,15.789999961853027,15.729999542236328,12.354116439819336
19-08-2016,15.680000305175781,15.770000457763672,73900,15.770000457763672,15.699999809265137,12.330556869506836
22-08-2016,15.680000305175781,15.729999542236328,54100,15.729999542236328,15.720000267028809,12.346263885498047
23-08-2016,15.720000267028809,15.760000228881836,70400,15.770000457763672,15.760000228881836,12.377683639526367
24-08-2016,15.6899995803833,15.710000038146973,61500,15.739999771118164,15.6899995803833,12.322702407836914
25-08-2016,15.65999984741211,15.6899995803833,56800,15.710000038146973,15.699999809265137,12.330556869506836
26-08-2016,15.619999885559082,15.649999618530273,72000,15.729999542236328,15.619999885559082,12.267727851867676
29-08-2016,15.640000343322754,15.670000076293945,79900,15.710000038146973,15.680000305175781,12.314849853515625
30-08-2016,15.579999923706055,15.649999618530273,85700,15.65999984741211,15.579999923706055,12.236311912536621
31-08-2016,15.539999961853027,15.5600004196167,90000,15.579999923706055,15.539999961853027,12.2048921585083
01-09-2016,15.520000457763672,15.5600004196167,90600,15.59000015258789,15.539999961853027,12.2048921585083
02-09-2016,15.529999732971191,15.600000381469727,19400,15.600000381469727,15.529999732971191,12.197041511535645
06-09-2016,15.520000457763672,15.520000457763672,72200,15.649999618530273,15.640000343322754,12.283434867858887
07-09-2016,15.529999732971191,15.670000076293945,81800,15.670000076293945,15.539999961853027,12.2048921585083
08-09-2016,15.520000457763672,15.520000457763672,87300,15.59000015258789,15.550000190734863,12.212746620178223
09-09-2016,15.149999618530273,15.510000228881836,202200,15.510000228881836,15.180000305175781,11.92215633392334
12-09-2016,15.109999656677246,15.109999656677246,131200,15.25,15.199999809265137,11.937864303588867
13-09-2016,14.979999542236328,15.119999885559082,149900,15.15999984741211,15.0600004196167,11.881061553955078
14-09-2016,15.029999732971191,15.0600004196167,111700,15.210000038146973,15.170000076293945,11.967843055725098
15-09-2016,15.050000190734863,15.180000305175781,72600,15.180000305175781,15.149999618530273,11.952064514160156
16-09-2016,14.970000267028809,15.210000038146973,83900,15.210000038146973,15.029999732971191,11.857394218444824
19-09-2016,14.960000038146973,14.970000267028809,85700,15.100000381469727,14.970000267028809,11.810063362121582
20-09-2016,14.949999809265137,15.0,158600,15.050000190734863,15.039999961853027,11.865285873413086
21-09-2016,15.020000457763672,15.100000381469727,67000,15.100000381469727,15.100000381469727,11.912619590759277
22-09-2016,15.140000343322754,15.170000076293945,112200,15.25,15.149999618530273,11.952064514160156
23-09-2016,15.100000381469727,15.239999771118164,60300,15.239999771118164,15.100000381469727,11.912619590759277
26-09-2016,15.149999618530273,15.180000305175781,72300,15.199999809265137,15.199999809265137,11.991511344909668
27-09-2016,15.15999984741211,15.279999732971191,86200,15.279999732971191,15.180000305175781,11.975733757019043
28-09-2016,15.229999542236328,15.229999542236328,81600,15.319999694824219,15.319999694824219,12.086177825927734
29-09-2016,15.199999809265137,15.270000457763672,61900,15.300000190734863,15.199999809265137,11.991511344909668
30-09-2016,15.140000343322754,15.210000038146973,97200,15.260000228881836,15.220000267028809,12.00728988647461
03-10-2016,15.079999923706055,15.239999771118164,106800,15.239999771118164,15.119999885559082,11.92839527130127
04-10-2016,14.960000038146973,15.100000381469727,157700,15.119999885559082,15.0,11.83372974395752
05-10-2016,14.880000114440918,15.0,141900,15.039999961853027,14.899999618530273,11.754836082458496
06-10-2016,14.8100004196167,14.880000114440918,175900,14.989999771118164,14.930000305175781,11.7785005569458
07-10-2016,14.800000190734863,14.9399995803833,142300,14.970000267028809,14.920000076293945,11.770613670349121
10-10-2016,14.829999923706055,14.949999809265137,123400,14.970000267028809,14.899999618530273,11.754836082458496
11-10-2016,14.869999885559082,14.869999885559082,111800,14.9399995803833,14.899999618530273,11.754836082458496
12-10-2016,14.550000190734863,14.819999694824219,182700,14.859999656677246,14.59000015258789,11.563040733337402
13-10-2016,14.390000343322754,14.600000381469727,258100,14.600000381469727,14.479999542236328,11.47586441040039
14-10-2016,14.1899995803833,14.399999618530273,215000,14.460000038146973,14.25,11.293582916259766
17-10-2016,13.890000343322754,14.25,292200,14.300000190734863,14.09000015258789,11.166779518127441
18-10-2016,14.029999732971191,14.170000076293945,182000,14.3100004196167,14.3100004196167,11.34113597869873
19-10-2016,14.34000015258789,14.359999656677246,148100,14.5,14.4399995803833,11.444168090820312
20-10-2016,14.390000343322754,14.5,147900,14.600000381469727,14.520000457763672,11.507566452026367
21-10-2016,14.489999771118164,14.489999771118164,100700,14.600000381469727,14.579999923706055,11.555115699768066
24-10-2016,14.479999542236328,14.609999656677246,72700,14.609999656677246,14.479999542236328,11.47586441040039
25-10-2016,14.470000267028809,14.5,121000,14.550000190734863,14.550000190734863,11.531344413757324
26-10-2016,14.369999885559082,14.539999961853027,91200,14.539999961853027,14.369999885559082,11.388687133789062
27-10-2016,14.279999732971191,14.3100004196167,227200,14.359999656677246,14.34000015258789,11.364912986755371
28-10-2016,14.229999542236328,14.34000015258789,112700,14.34000015258789,14.3100004196167,11.34113597869873
31-10-2016,14.149999618530273,14.279999732971191,247200,14.329999923706055,14.170000076293945,11.230181694030762
01-11-2016,14.119999885559082,14.720000267028809,150200,14.720000267028809,14.25,11.293582916259766
02-11-2016,14.279999732971191,14.3100004196167,121800,14.369999885559082,14.369999885559082,11.388687133789062
03-11-2016,14.289999961853027,14.399999618530273,123700,14.399999618530273,14.289999961853027,11.325284957885742
04-11-2016,14.229999542236328,14.300000190734863,85500,14.350000381469727,14.300000190734863,11.333205223083496
07-11-2016,14.229999542236328,14.229999542236328,150600,14.390000343322754,14.289999961853027,11.325284957885742
08-11-2016,14.270000457763672,14.329999923706055,93400,14.329999923706055,14.3100004196167,11.34113597869873
09-11-2016,14.010000228881836,14.010000228881836,209700,14.210000038146973,14.130000114440918,11.198480606079102
10-11-2016,13.619999885559082,14.0600004196167,348600,14.109999656677246,13.640000343322754,10.862414360046387
11-11-2016,13.59000015258789,13.600000381469727,294000,13.75,13.699999809265137,10.910197257995605
14-11-2016,13.289999961853027,13.600000381469727,456200,13.609999656677246,13.350000381469727,10.631465911865234
15-11-2016,13.369999885559082,13.369999885559082,204800,13.619999885559082,13.550000190734863,10.790740013122559
16-11-2016,13.449999809265137,13.579999923706055,216600,13.6899995803833,13.5,10.750923156738281
17-11-2016,13.430000305175781,13.430000305175781,261400,13.550000190734863,13.5,10.750923156738281
18-11-2016,13.350000381469727,13.489999771118164,187500,13.5,13.390000343322754,10.663321495056152
21-11-2016,13.40999984741211,13.470000267028809,230600,13.569999694824219,13.539999961853027,10.7827787399292
22-11-2016,13.479999542236328,13.600000381469727,227400,13.640000343322754,13.59000015258789,10.822593688964844
23-11-2016,13.4399995803833,13.470000267028809,128100,13.579999923706055,13.520000457763672,10.766849517822266
25-11-2016,13.510000228881836,13.520000457763672,39800,13.579999923706055,13.529999732971191,10.774809837341309
28-11-2016,13.489999771118164,13.5600004196167,154600,13.600000381469727,13.529999732971191,10.774809837341309
29-11-2016,13.399999618530273,13.460000038146973,229600,13.569999694824219,13.449999809265137,10.711103439331055
30-11-2016,13.329999923706055,13.369999885559082,184900,13.479999542236328,13.420000076293945,10.687209129333496
01-12-2016,13.229999542236328,13.380000114440918,375700,13.380000114440918,13.300000190734863,10.591647148132324
02-12-2016,13.229999542236328,13.25,290300,13.399999618530273,13.399999618530273,10.671283721923828
05-12-2016,13.329999923706055,13.350000381469727,196800,13.470000267028809,13.390000343322754,10.663321495056152
06-12-2016,13.369999885559082,13.369999885559082,219900,13.630000114440918,13.619999885559082,10.846485137939453
07-12-2016,13.619999885559082,13.619999885559082,209700,13.949999809265137,13.930000305175781,11.093356132507324
08-12-2016,13.640000343322754,13.800000190734863,203500,13.8100004196167,13.65999984741211,10.9317045211792
09-12-2016,13.460000038146973,13.539999961853027,310000,13.609999656677246,13.460000038146973,10.771646499633789
12-12-2016,13.380000114440918,13.380000114440918,170600,13.510000228881836,13.479999542236328,10.787652015686035
13-12-2016,13.4399995803833,13.520000457763672,241900,13.59000015258789,13.59000015258789,10.875683784484863
14-12-2016,13.59000015258789,13.609999656677246,240900,13.6899995803833,13.649999618530273,10.923699378967285
15-12-2016,13.4399995803833,13.5600004196167,236100,13.569999694824219,13.489999771118164,10.795655250549316
16-12-2016,13.4399995803833,13.4399995803833,207500,13.520000457763672,13.470000267028809,10.779655456542969
19-12-2016,13.479999542236328,13.5,151300,13.5600004196167,13.5,10.803661346435547
20-12-2016,13.430000305175781,13.449999809265137,267200,13.520000457763672,13.479999542236328,10.787652015686035
21-12-2016,13.460000038146973,13.510000228881836,239200,13.550000190734863,13.520000457763672,10.819665908813477
22-12-2016,13.4399995803833,13.550000190734863,249100,13.569999694824219,13.479999542236328,10.787652015686035
23-12-2016,13.460000038146973,13.510000228881836,159100,13.539999961853027,13.5,10.803661346435547
27-12-2016,13.460000038146973,13.5,242700,13.539999961853027,13.479999542236328,10.787652015686035
28-12-2016,13.420000076293945,13.479999542236328,379800,13.529999732971191,13.529999732971191,10.827664375305176
29-12-2016,13.520000457763672,13.550000190734863,260800,13.619999885559082,13.579999923706055,10.867682456970215
30-12-2016,13.550000190734863,13.609999656677246,287800,13.649999618530273,13.649999618530273,10.923699378967285
03-01-2017,13.609999656677246,13.619999885559082,113500,13.699999809265137,13.699999809265137,10.963717460632324
04-01-2017,13.6899995803833,13.720000267028809,370700,13.760000228881836,13.75,11.0037260055542
05-01-2017,13.6899995803833,13.720000267028809,296700,13.770000457763672,13.739999771118164,10.995726585388184
06-01-2017,13.65999984741211,13.710000038146973,180300,13.800000190734863,13.720000267028809,10.979718208312988
09-01-2017,13.800000190734863,13.8100004196167,127700,13.899999618530273,13.850000381469727,11.083755493164062
10-01-2017,13.819999694824219,13.829999923706055,116200,13.920000076293945,13.869999885559082,11.09975814819336
11-01-2017,13.770000457763672,13.850000381469727,101000,13.890000343322754,13.880000114440918,11.162490844726562
12-01-2017,13.880000114440918,13.880000114440918,176700,14.0,13.949999809265137,11.218785285949707
13-01-2017,13.850000381469727,13.9399995803833,124700,13.9399995803833,13.890000343322754,11.170530319213867
17-01-2017,13.90999984741211,13.949999809265137,149000,13.979999542236328,13.930000305175781,11.202699661254883
18-01-2017,13.869999885559082,13.869999885559082,90600,13.949999809265137,13.9399995803833,11.210742950439453
19-01-2017,13.779999732971191,13.880000114440918,112500,13.90999984741211,13.8100004196167,11.106197357177734
20-01-2017,13.760000228881836,13.789999961853027,61200,13.819999694824219,13.800000190734863,11.098151206970215
23-01-2017,13.800000190734863,13.800000190734863,66800,13.90999984741211,13.859999656677246,11.146401405334473
24-01-2017,13.829999923706055,13.829999923706055,97600,13.920000076293945,13.880000114440918,11.162490844726562
25-01-2017,13.8100004196167,13.8100004196167,139600,13.880000114440918,13.84000015258789,11.130317687988281
26-01-2017,13.819999694824219,13.819999694824219,92000,13.859999656677246,13.84000015258789,11.130317687988281
27-01-2017,13.84000015258789,13.850000381469727,68700,13.899999618530273,13.880000114440918,11.162490844726562
30-01-2017,13.859999656677246,13.859999656677246,86000,13.9399995803833,13.90999984741211,11.186614990234375
31-01-2017,13.930000305175781,13.9399995803833,90900,14.0,13.949999809265137,11.218785285949707
01-02-2017,13.84000015258789,13.899999618530273,220400,13.90999984741211,13.84000015258789,11.130317687988281
02-02-2017,13.850000381469727,13.869999885559082,186700,13.920000076293945,13.880000114440918,11.162490844726562
03-02-2017,13.84000015258789,13.9399995803833,193200,13.949999809265137,13.850000381469727,11.1383638381958
06-02-2017,13.850000381469727,13.899999618530273,76400,13.920000076293945,13.899999618530273,11.178570747375488
07-02-2017,13.859999656677246,13.930000305175781,148300,13.930000305175781,13.899999618530273,11.178570747375488
08-02-2017,13.899999618530273,13.920000076293945,109500,13.970000267028809,13.9399995803833,11.210742950439453
09-02-2017,13.880000114440918,13.9399995803833,146900,13.949999809265137,13.949999809265137,11.218785285949707
10-02-2017,13.9399995803833,13.949999809265137,110200,13.989999771118164,13.949999809265137,11.218785285949707
13-02-2017,13.850000381469727,13.890000343322754,109700,13.890000343322754,13.850000381469727,11.192925453186035
14-02-2017,13.739999771118164,13.869999885559082,137900,13.869999885559082,13.75,11.112110137939453
15-02-2017,13.529999732971191,13.680000305175781,259500,13.760000228881836,13.579999923706055,10.974723815917969
16-02-2017,13.539999961853027,13.5600004196167,198100,13.640000343322754,13.630000114440918,11.015129089355469
17-02-2017,13.630000114440918,13.649999618530273,102300,13.670000076293945,13.65999984741211,11.039373397827148
21-02-2017,13.59000015258789,13.649999618530273,156600,13.720000267028809,13.710000038146973,11.079780578613281
22-02-2017,13.680000305175781,13.699999809265137,93500,13.739999771118164,13.739999771118164,11.104026794433594
23-02-2017,13.760000228881836,13.779999732971191,100500,13.789999961853027,13.789999961853027,11.14443302154541
24-02-2017,13.789999961853027,13.800000190734863,75200,13.84000015258789,13.84000015258789,11.18484115600586
27-02-2017,13.729999542236328,13.84000015258789,90500,13.850000381469727,13.739999771118164,11.104026794433594
28-02-2017,13.760000228881836,13.779999732971191,151200,13.869999885559082,13.850000381469727,11.192925453186035
01-03-2017,13.75,13.800000190734863,129600,13.800000190734863,13.789999961853027,11.14443302154541
02-03-2017,13.710000038146973,13.770000457763672,144200,13.8100004196167,13.8100004196167,11.160594940185547
03-03-2017,13.75,13.779999732971191,93300,13.8100004196167,13.800000190734863,11.152515411376953
06-03-2017,13.720000267028809,13.800000190734863,79600,13.8100004196167,13.720000267028809,11.087859153747559
07-03-2017,13.699999809265137,13.729999542236328,89200,13.789999961853027,13.739999771118164,11.104026794433594
08-03-2017,13.619999885559082,13.6899995803833,153200,13.6899995803833,13.6899995803833,11.063617706298828
09-03-2017,13.5,13.640000343322754,142300,13.649999618530273,13.510000228881836,10.918150901794434
10-03-2017,13.460000038146973,13.5,95900,13.5600004196167,13.539999961853027,10.942397117614746
13-03-2017,13.430000305175781,13.489999771118164,106600,13.5,13.5,10.96513843536377
14-03-2017,13.460000038146973,13.470000267028809,77200,13.520000457763672,13.460000038146973,10.932647705078125
15-03-2017,13.430000305175781,13.520000457763672,159800,13.670000076293945,13.670000076293945,11.103218078613281
16-03-2017,13.539999961853027,13.630000114440918,102200,13.65999984741211,13.609999656677246,11.054481506347656
17-03-2017,13.579999923706055,13.619999885559082,96300,13.680000305175781,13.670000076293945,11.103218078613281
20-03-2017,13.640000343322754,13.640000343322754,81400,13.760000228881836,13.6899995803833,11.119460105895996
21-03-2017,13.6899995803833,13.720000267028809,81700,13.789999961853027,13.789999961853027,11.200682640075684
22-03-2017,13.739999771118164,13.800000190734863,123900,13.84000015258789,13.819999694824219,11.225050926208496
23-03-2017,13.739999771118164,13.829999923706055,101900,13.850000381469727,13.75,11.16819953918457
24-03-2017,13.699999809265137,13.75,115900,13.789999961853027,13.720000267028809,11.143828392028809
27-03-2017,13.789999961853027,13.800000190734863,118400,13.850000381469727,13.800000190734863,11.208807945251465
28-03-2017,13.8100004196167,13.829999923706055,110100,13.869999885559082,13.859999656677246,11.25754165649414
29-03-2017,13.819999694824219,13.880000114440918,92400,13.920000076293945,13.890000343322754,11.28190803527832
30-03-2017,13.920000076293945,13.930000305175781,83600,13.979999542236328,13.970000267028809,11.34688663482666
31-03-2017,13.90999984741211,13.949999809265137,84000,13.949999809265137,13.930000305175781,11.314397811889648
03-04-2017,13.930000305175781,13.960000038146973,74000,14.0,13.989999771118164,11.363131523132324
04-04-2017,13.800000190734863,13.880000114440918,206100,13.949999809265137,13.850000381469727,11.249418258666992
05-04-2017,13.75,13.75,129000,13.890000343322754,13.890000343322754,11.28190803527832
06-04-2017,13.869999885559082,13.920000076293945,80600,13.970000267028809,13.970000267028809,11.34688663482666
07-04-2017,13.970000267028809,13.979999542236328,98200,14.050000190734863,14.029999732971191,11.395621299743652
10-04-2017,14.029999732971191,14.039999961853027,90100,14.170000076293945,14.130000114440918,11.476845741271973
11-04-2017,14.050000190734863,14.100000381469727,41100,14.130000114440918,14.050000190734863,11.467052459716797
12-04-2017,14.039999961853027,14.039999961853027,49900,14.119999885559082,14.119999885559082,11.524179458618164
13-04-2017,14.09000015258789,14.1899995803833,73800,14.1899995803833,14.130000114440918,11.532344818115234
17-04-2017,14.039999961853027,14.140000343322754,75500,14.140000343322754,14.039999961853027,11.458887100219727
18-04-2017,14.039999961853027,14.039999961853027,180100,14.180000305175781,14.15999984741211,11.556829452514648
19-04-2017,14.119999885559082,14.140000343322754,156700,14.229999542236328,14.210000038146973,11.597640037536621
20-04-2017,14.149999618530273,14.15999984741211,78000,14.220000267028809,14.149999618530273,11.548665046691895
21-04-2017,14.109999656677246,14.130000114440918,78200,14.180000305175781,14.109999656677246,11.516019821166992
24-04-2017,13.989999771118164,14.09000015258789,90100,14.100000381469727,14.020000457763672,11.442566871643066
25-04-2017,13.90999984741211,14.010000228881836,121500,14.010000228881836,13.920000076293945,11.36095142364502
26-04-2017,13.9399995803833,13.949999809265137,64800,14.0,14.0,11.426244735717773
27-04-2017,13.979999542236328,14.0,86500,14.050000190734863,14.050000190734863,11.467052459716797
28-04-2017,14.0,14.010000228881836,79800,14.050000190734863,14.020000457763672,11.442566871643066
01-05-2017,14.029999732971191,14.050000190734863,110500,14.130000114440918,14.130000114440918,11.532344818115234
02-05-2017,14.079999923706055,14.130000114440918,68300,14.15999984741211,14.109999656677246,11.516019821166992
03-05-2017,14.149999618530273,14.149999618530273,95700,14.229999542236328,14.210000038146973,11.597640037536621
04-05-2017,14.149999618530273,14.170000076293945,104900,14.229999542236328,14.199999809265137,11.589476585388184
05-05-2017,14.180000305175781,14.199999809265137,84400,14.239999771118164,14.239999771118164,11.62212085723877
08-05-2017,14.170000076293945,14.199999809265137,110000,14.239999771118164,14.170000076293945,11.564990043640137
09-05-2017,14.140000343322754,14.140000343322754,103400,14.25,14.220000267028809,11.605798721313477
10-05-2017,14.220000267028809,14.239999771118164,88800,14.3100004196167,14.3100004196167,11.679254531860352
11-05-2017,14.199999809265137,14.229999542236328,146700,14.329999923706055,14.199999809265137,11.644813537597656
12-05-2017,14.239999771118164,14.270000457763672,136500,14.369999885559082,14.319999694824219,11.743217468261719
15-05-2017,14.300000190734863,14.300000190734863,81300,14.40999984741211,14.350000381469727,11.767818450927734
16-05-2017,14.300000190734863,14.3100004196167,92000,14.449999809265137,14.399999618530273,11.808820724487305
17-05-2017,14.25,14.5,89300,14.5,14.25,11.685812950134277
18-05-2017,14.15999984741211,14.25,86300,14.279999732971191,14.15999984741211,11.612006187438965
19-05-2017,14.109999656677246,14.180000305175781,95000,14.25,14.170000076293945,11.620210647583008
22-05-2017,14.15999984741211,14.199999809265137,55300,14.220000267028809,14.220000267028809,11.661212921142578
23-05-2017,14.25,14.289999961853027,68200,14.289999961853027,14.289999961853027,11.71861743927002
24-05-2017,14.270000457763672,14.369999885559082,78900,14.399999618530273,14.34000015258789,11.759617805480957
25-05-2017,14.279999732971191,14.359999656677246,63200,14.369999885559082,14.34000015258789,11.759617805480957
26-05-2017,14.34000015258789,14.390000343322754,83000,14.4399995803833,14.4399995803833,11.841622352600098
30-05-2017,14.319999694824219,14.420000076293945,62600,14.420000076293945,14.369999885559082,11.784222602844238
31-05-2017,14.34000015258789,14.34000015258789,52200,14.40999984741211,14.40999984741211,11.817020416259766
01-06-2017,14.399999618530273,14.4399995803833,82600,14.5,14.5,11.890828132629395
02-06-2017,14.430000305175781,14.510000228881836,95200,14.529999732971191,14.479999542236328,11.87442398071289
05-06-2017,14.380000114440918,14.420000076293945,52100,14.479999542236328,14.380000114440918,11.79241943359375
06-06-2017,14.399999618530273,14.399999618530273,38600,14.470000267028809,14.470000267028809,11.866226196289062
07-06-2017,14.449999809265137,14.460000038146973,41500,14.5,14.479999542236328,11.87442398071289
08-06-2017,14.40999984741211,14.489999771118164,63500,14.520000457763672,14.489999771118164,11.882627487182617
09-06-2017,14.369999885559082,14.489999771118164,54200,14.489999771118164,14.399999618530273,11.808820724487305
12-06-2017,14.34000015258789,14.399999618530273,52400,14.40999984741211,14.34000015258789,11.759617805480957
13-06-2017,14.199999809265137,14.319999694824219,92100,14.350000381469727,14.3100004196167,11.790928840637207
14-06-2017,14.270000457763672,14.329999923706055,106200,14.380000114440918,14.289999961853027,11.77444839477539
15-06-2017,14.270000457763672,14.289999961853027,48500,14.319999694824219,14.279999732971191,11.76621150970459
16-06-2017,14.270000457763672,14.289999961853027,77800,14.34000015258789,14.34000015258789,11.815649032592773
19-06-2017,14.289999961853027,14.34000015258789,55800,14.359999656677246,14.329999923706055,11.807405471801758
20-06-2017,14.289999961853027,14.350000381469727,60800,14.399999618530273,14.399999618530273,11.865083694458008
21-06-2017,14.399999618530273,14.40999984741211,122200,14.5,14.470000267028809,11.922762870788574
22-06-2017,14.449999809265137,14.5,86800,14.539999961853027,14.449999809265137,11.906281471252441
23-06-2017,14.4399995803833,14.470000267028809,30700,14.539999961853027,14.5,11.94748306274414
26-06-2017,14.40999984741211,14.5,97400,14.579999923706055,14.40999984741211,11.87332534790039
27-06-2017,14.359999656677246,14.449999809265137,54800,14.460000038146973,14.399999618530273,11.865083694458008
28-06-2017,14.319999694824219,14.399999618530273,81600,14.420000076293945,14.34000015258789,11.815649032592773
29-06-2017,14.1899995803833,14.329999923706055,101100,14.329999923706055,14.270000457763672,11.757969856262207
30-06-2017,14.1899995803833,14.289999961853027,132200,14.289999961853027,14.289999961853027,11.77444839477539
03-07-2017,14.300000190734863,14.350000381469727,40700,14.369999885559082,14.329999923706055,11.807405471801758
05-07-2017,14.220000267028809,14.300000190734863,119300,14.350000381469727,14.289999961853027,11.77444839477539
06-07-2017,14.199999809265137,14.25,94500,14.300000190734863,14.210000038146973,11.708534240722656
07-07-2017,14.170000076293945,14.1899995803833,59100,14.279999732971191,14.260000228881836,11.74973201751709
10-07-2017,14.260000228881836,14.260000228881836,53100,14.390000343322754,14.390000343322754,11.856846809387207
11-07-2017,14.359999656677246,14.380000114440918,63000,14.489999771118164,14.479999542236328,11.931000709533691
12-07-2017,14.390000343322754,14.460000038146973,62500,14.5,14.390000343322754,11.912789344787598
13-07-2017,14.3100004196167,14.449999809265137,127900,14.479999542236328,14.359999656677246,11.887953758239746
14-07-2017,14.399999618530273,14.430000305175781,41200,14.479999542236328,14.479999542236328,11.987297058105469
17-07-2017,14.34000015258789,14.479999542236328,78700,14.5,14.420000076293945,11.937626838684082
18-07-2017,14.380000114440918,14.420000076293945,60800,14.479999542236328,14.399999618530273,11.921066284179688
19-07-2017,14.369999885559082,14.420000076293945,64000,14.470000267028809,14.380000114440918,11.904511451721191
20-07-2017,14.359999656677246,14.430000305175781,44000,14.4399995803833,14.380000114440918,11.904511451721191
21-07-2017,14.369999885559082,14.399999618530273,37400,14.479999542236328,14.449999809265137,11.962458610534668
24-07-2017,14.329999923706055,14.4399995803833,45600,14.449999809265137,14.390000343322754,11.912789344787598
25-07-2017,14.270000457763672,14.380000114440918,85000,14.380000114440918,14.350000381469727,11.879674911499023
26-07-2017,14.3100004196167,14.3100004196167,47100,14.4399995803833,14.430000305175781,11.945903778076172
27-07-2017,14.359999656677246,14.399999618530273,101900,14.470000267028809,14.380000114440918,11.904511451721191
28-07-2017,14.40999984741211,14.40999984741211,66900,14.5600004196167,14.5600004196167,12.053525924682617
31-07-2017,14.5600004196167,14.5600004196167,90800,14.65999984741211,14.65999984741211,12.136309623718262
01-08-2017,14.630000114440918,14.65999984741211,67600,14.739999771118164,14.739999771118164,12.202535629272461
02-08-2017,14.680000305175781,14.75,55600,14.760000228881836,14.729999542236328,12.194255828857422
03-08-2017,14.699999809265137,14.789999961853027,56300,14.800000190734863,14.720000267028809,12.185978889465332
04-08-2017,14.579999923706055,14.729999542236328,69300,14.739999771118164,14.640000343322754,12.119750022888184
07-08-2017,14.510000228881836,14.640000343322754,80400,14.65999984741211,14.5600004196167,12.053525924682617
08-08-2017,14.390000343322754,14.569999694824219,98300,14.59000015258789,14.420000076293945,11.937626838684082
09-08-2017,14.329999923706055,14.470000267028809,92500,14.479999542236328,14.390000343322754,11.912789344787598
10-08-2017,14.319999694824219,14.449999809265137,95900,14.449999809265137,14.390000343322754,11.912789344787598
11-08-2017,14.149999618530273,14.149999618530273,160900,14.4399995803833,14.369999885559082,11.952716827392578
14-08-2017,14.350000381469727,14.390000343322754,88900,14.449999809265137,14.350000381469727,11.936079025268555
15-08-2017,14.289999961853027,14.369999885559082,66500,14.369999885559082,14.369999885559082,11.952716827392578
16-08-2017,14.329999923706055,14.380000114440918,79000,14.40999984741211,14.40999984741211,11.98598861694336
17-08-2017,14.390000343322754,14.40999984741211,43400,14.460000038146973,14.449999809265137,12.019255638122559
18-08-2017,14.359999656677246,14.449999809265137,53000,14.460000038146973,14.449999809265137,12.019255638122559
21-08-2017,14.460000038146973,14.479999542236328,84800,14.520000457763672,14.5,12.060848236083984
22-08-2017,14.529999732971191,14.569999694824219,71100,14.59000015258789,14.529999732971191,12.085799217224121
23-08-2017,14.600000381469727,14.600000381469727,114100,14.640000343322754,14.640000343322754,12.177294731140137
24-08-2017,14.520000457763672,14.670000076293945,83500,14.670000076293945,14.5600004196167,12.11075496673584
25-08-2017,14.529999732971191,14.529999732971191,31100,14.5600004196167,14.529999732971191,12.085799217224121
28-08-2017,14.479999542236328,14.550000190734863,26100,14.550000190734863,14.510000228881836,12.069164276123047
29-08-2017,14.539999961853027,14.550000190734863,92600,14.609999656677246,14.569999694824219,12.119074821472168
30-08-2017,14.550000190734863,14.609999656677246,45900,14.630000114440918,14.609999656677246,12.152341842651367
31-08-2017,14.569999694824219,14.640000343322754,68000,14.640000343322754,14.579999923706055,12.127389907836914
01-09-2017,14.600000381469727,14.600000381469727,54900,14.65999984741211,14.630000114440918,12.16897964477539
05-09-2017,14.630000114440918,14.670000076293945,68100,14.699999809265137,14.649999618530273,12.185611724853516
06-09-2017,14.670000076293945,14.710000038146973,59600,14.75,14.729999542236328,12.252153396606445
07-09-2017,14.729999542236328,14.770000457763672,91200,14.850000381469727,14.789999961853027,12.302062034606934
08-09-2017,14.760000228881836,14.8100004196167,66700,14.829999923706055,14.8100004196167,12.318699836730957
11-09-2017,14.75,14.819999694824219,41100,14.84000015258789,14.819999694824219,12.327019691467285
12-09-2017,14.729999542236328,14.760000228881836,40700,14.8100004196167,14.8100004196167,12.318699836730957
13-09-2017,14.779999732971191,14.800000190734863,60800,14.859999656677246,14.859999656677246,12.360286712646484
14-09-2017,14.680000305175781,14.729999542236328,72900,14.789999961853027,14.789999961853027,12.35861873626709
15-09-2017,14.739999771118164,14.8100004196167,42100,14.8100004196167,14.779999732971191,12.35025691986084
18-09-2017,14.619999885559082,14.670000076293945,211800,14.729999542236328,14.670000076293945,12.258343696594238
19-09-2017,14.59000015258789,14.630000114440918,95200,14.670000076293945,14.600000381469727,12.19985294342041
20-09-2017,14.520000457763672,14.630000114440918,52500,14.640000343322754,14.529999732971191,12.141357421875
21-09-2017,14.4399995803833,14.520000457763672,100400,14.5600004196167,14.449999809265137,12.074512481689453
22-09-2017,14.40999984741211,14.5,136900,14.520000457763672,14.479999542236328,12.099581718444824
25-09-2017,14.479999542236328,14.510000228881836,142500,14.550000190734863,14.520000457763672,12.133008003234863
26-09-2017,14.4399995803833,14.5600004196167,125900,14.5600004196167,14.460000038146973,12.082866668701172
27-09-2017,14.319999694824219,14.399999618530273,143800,14.4399995803833,14.380000114440918,12.016018867492676
28-09-2017,14.300000190734863,14.359999656677246,70400,14.359999656677246,14.350000381469727,11.990947723388672
29-09-2017,14.319999694824219,14.380000114440918,83800,14.380000114440918,14.329999923706055,11.97424030303955
02-10-2017,14.300000190734863,14.34000015258789,120300,14.390000343322754,14.350000381469727,11.990947723388672
03-10-2017,14.260000228881836,14.369999885559082,167300,14.369999885559082,14.329999923706055,11.97424030303955
04-10-2017,14.25,14.289999961853027,114000,14.369999885559082,14.260000228881836,11.915746688842773
05-10-2017,14.270000457763672,14.270000457763672,84100,14.350000381469727,14.329999923706055,11.97424030303955
06-10-2017,14.270000457763672,14.289999961853027,42700,14.350000381469727,14.34000015258789,11.982595443725586
09-10-2017,14.300000190734863,14.369999885559082,48800,14.369999885559082,14.350000381469727,11.990947723388672
10-10-2017,14.300000190734863,14.34000015258789,92800,14.369999885559082,14.350000381469727,11.990947723388672
11-10-2017,14.300000190734863,14.34000015258789,85100,14.369999885559082,14.34000015258789,11.982595443725586
12-10-2017,14.319999694824219,14.350000381469727,82300,14.369999885559082,14.350000381469727,11.990947723388672
13-10-2017,14.300000190734863,14.3100004196167,53100,14.34000015258789,14.329999923706055,12.03125
16-10-2017,14.319999694824219,14.34000015258789,79000,14.380000114440918,14.359999656677246,12.056439399719238
17-10-2017,14.350000381469727,14.359999656677246,75300,14.40999984741211,14.369999885559082,12.064834594726562
18-10-2017,14.3100004196167,14.350000381469727,74100,14.390000343322754,14.350000381469727,12.048039436340332
19-10-2017,14.369999885559082,14.369999885559082,80300,14.460000038146973,14.460000038146973,12.140398025512695
20-10-2017,14.319999694824219,14.420000076293945,60600,14.420000076293945,14.40999984741211,12.098418235778809
23-10-2017,14.300000190734863,14.399999618530273,60300,14.399999618530273,14.300000190734863,12.006064414978027
24-10-2017,14.270000457763672,14.329999923706055,92100,14.399999618530273,14.289999961853027,11.997668266296387
25-10-2017,14.149999618530273,14.239999771118164,81500,14.25,14.149999618530273,11.880123138427734
26-10-2017,14.09000015258789,14.130000114440918,84900,14.180000305175781,14.130000114440918,11.863335609436035
27-10-2017,13.970000267028809,14.100000381469727,99000,14.119999885559082,13.970000267028809,11.729001998901367
30-10-2017,14.010000228881836,14.039999961853027,89100,14.100000381469727,14.050000190734863,11.796164512634277
31-10-2017,14.029999732971191,14.069999694824219,68300,14.109999656677246,14.050000190734863,11.796164512634277
01-11-2017,14.029999732971191,14.050000190734863,103200,14.130000114440918,14.119999885559082,11.854937553405762
02-11-2017,14.079999923706055,14.079999923706055,57900,14.1899995803833,14.180000305175781,11.905309677124023
03-11-2017,14.130000114440918,14.1899995803833,49100,14.199999809265137,14.170000076293945,11.896921157836914
06-11-2017,14.180000305175781,14.199999809265137,96500,14.279999732971191,14.260000228881836,11.972481727600098
07-11-2017,14.239999771118164,14.270000457763672,75700,14.34000015258789,14.329999923706055,12.03125
08-11-2017,14.279999732971191,14.319999694824219,108600,14.380000114440918,14.279999732971191,11.98927116394043
09-11-2017,14.1899995803833,14.229999542236328,105000,14.300000190734863,14.199999809265137,11.922104835510254
10-11-2017,14.09000015258789,14.170000076293945,75900,14.180000305175781,14.130000114440918,11.863335609436035
13-11-2017,14.100000381469727,14.170000076293945,53100,14.1899995803833,14.1899995803833,11.913708686828613
14-11-2017,14.079999923706055,14.09000015258789,120100,14.180000305175781,14.119999885559082,11.912019729614258
15-11-2017,14.119999885559082,14.130000114440918,116200,14.199999809265137,14.1899995803833,11.97107219696045
16-11-2017,14.149999618530273,14.15999984741211,55700,14.210000038146973,14.1899995803833,11.97107219696045
17-11-2017,14.109999656677246,14.170000076293945,76800,14.210000038146973,14.119999885559082,11.912019729614258
20-11-2017,14.039999961853027,14.140000343322754,92300,14.1899995803833,14.050000190734863,11.852967262268066
21-11-2017,14.050000190734863,14.079999923706055,95600,14.140000343322754,14.140000343322754,11.9288969039917
22-11-2017,14.010000228881836,14.100000381469727,106300,14.109999656677246,14.039999961853027,11.844529151916504
24-11-2017,14.010000228881836,14.020000457763672,20300,14.069999694824219,14.069999694824219,11.869841575622559
27-11-2017,14.010000228881836,14.069999694824219,105900,14.09000015258789,14.029999732971191,11.83609676361084
28-11-2017,13.9399995803833,14.020000457763672,171900,14.079999923706055,14.069999694824219,11.869841575622559
29-11-2017,13.960000038146973,14.039999961853027,118300,14.050000190734863,13.989999771118164,11.802351951599121
30-11-2017,13.979999542236328,14.010000228881836,124400,14.0600004196167,14.050000190734863,11.852967262268066
01-12-2017,14.010000228881836,14.119999885559082,70400,14.119999885559082,14.100000381469727,11.895147323608398
04-12-2017,14.010000228881836,14.020000457763672,118600,14.0600004196167,14.050000190734863,11.852967262268066
05-12-2017,14.029999732971191,14.050000190734863,97700,14.15999984741211,14.15999984741211,11.945764541625977
06-12-2017,14.149999618530273,14.180000305175781,87600,14.25,14.210000038146973,11.987948417663574
07-12-2017,14.210000038146973,14.229999542236328,63000,14.289999961853027,14.279999732971191,12.047003746032715
08-12-2017,14.199999809265137,14.239999771118164,127700,14.34000015258789,14.210000038146973,11.987948417663574
11-12-2017,14.149999618530273,14.149999618530273,94000,14.229999542236328,14.229999542236328,12.009148597717285
12-12-2017,14.0600004196167,14.180000305175781,90400,14.180000305175781,14.079999923706055,11.88255500793457
13-12-2017,14.0,14.109999656677246,205300,14.109999656677246,14.010000228881836,11.82348346710205
14-12-2017,13.930000305175781,13.989999771118164,174000,14.020000457763672,13.989999771118164,11.806607246398926
15-12-2017,13.949999809265137,13.979999542236328,151800,14.020000457763672,13.970000267028809,11.789725303649902
18-12-2017,13.899999618530273,13.949999809265137,155700,13.960000038146973,13.899999618530273,11.7306489944458
19-12-2017,13.850000381469727,13.899999618530273,159700,13.90999984741211,13.880000114440918,11.71377182006836
20-12-2017,13.800000190734863,13.869999885559082,232400,13.869999885559082,13.800000190734863,11.646257400512695
21-12-2017,13.760000228881836,13.800000190734863,174500,13.859999656677246,13.770000457763672,11.620938301086426
22-12-2017,13.760000228881836,13.779999732971191,101300,13.819999694824219,13.819999694824219,11.663134574890137
26-12-2017,13.760000228881836,13.859999656677246,127100,13.859999656677246,13.770000457763672,11.620938301086426
27-12-2017,13.789999961853027,13.789999961853027,275400,13.84000015258789,13.829999923706055,11.671573638916016
28-12-2017,13.800000190734863,13.819999694824219,197100,13.869999885559082,13.859999656677246,11.696891784667969
29-12-2017,13.779999732971191,13.84000015258789,230300,13.869999885559082,13.8100004196167,11.654699325561523
02-01-2018,13.739999771118164,13.8100004196167,217500,13.84000015258789,13.789999961853027,11.6378173828125
03-01-2018,13.770000457763672,13.770000457763672,145000,13.920000076293945,13.920000076293945,11.747529983520508
04-01-2018,13.800000190734863,13.859999656677246,263500,13.920000076293945,13.819999694824219,11.663134574890137
05-01-2018,13.770000457763672,13.8100004196167,318200,13.850000381469727,13.789999961853027,11.6378173828125
08-01-2018,13.75,13.789999961853027,261700,13.829999923706055,13.770000457763672,11.620938301086426
09-01-2018,13.609999656677246,13.710000038146973,289900,13.760000228881836,13.6899995803833,11.553426742553711
10-01-2018,13.569999694824219,13.630000114440918,330300,13.630000114440918,13.600000381469727,11.477470397949219
11-01-2018,13.600000381469727,13.600000381469727,167100,13.65999984741211,13.630000114440918,11.502788543701172
12-01-2018,13.489999771118164,13.5600004196167,175600,13.569999694824219,13.489999771118164,11.43371295928955
16-01-2018,13.420000076293945,13.489999771118164,244300,13.539999961853027,13.449999809265137,11.399809837341309
17-01-2018,13.399999618530273,13.420000076293945,331600,13.479999542236328,13.420000076293945,11.374382019042969
18-01-2018,13.359999656677246,13.40999984741211,135600,13.4399995803833,13.399999618530273,11.357428550720215
19-01-2018,13.350000381469727,13.380000114440918,172600,13.40999984741211,13.369999885559082,11.332001686096191
22-01-2018,13.319999694824219,13.34000015258789,167600,13.390000343322754,13.329999923706055,11.298100471496582
23-01-2018,13.319999694824219,13.34000015258789,110400,13.390000343322754,13.350000381469727,11.315054893493652
24-01-2018,13.279999732971191,13.359999656677246,189200,13.359999656677246,13.279999732971191,11.255722999572754
25-01-2018,13.199999809265137,13.229999542236328,262800,13.279999732971191,13.239999771118164,11.221819877624512
26-01-2018,13.100000381469727,13.210000038146973,285900,13.220000267028809,13.100000381469727,11.103160858154297
29-01-2018,12.859999656677246,13.020000457763672,482900,13.020000457763672,12.899999618530273,10.933646202087402
30-01-2018,12.800000190734863,12.800000190734863,300800,12.890000343322754,12.8100004196167,10.8573637008667
31-01-2018,12.760000228881836,12.850000381469727,297700,12.880000114440918,12.770000457763672,10.823465347290039
01-02-2018,12.760000228881836,12.779999732971191,280900,12.850000381469727,12.819999694824219,10.865839958190918
02-02-2018,12.699999809265137,12.760000228881836,200900,12.800000190734863,12.739999771118164,10.7980375289917
05-02-2018,12.600000381469727,12.6899995803833,364900,12.770000457763672,12.640000343322754,10.713275909423828
06-02-2018,12.520000457763672,12.520000457763672,246500,12.760000228881836,12.739999771118164,10.7980375289917
07-02-2018,12.739999771118164,12.739999771118164,133400,12.880000114440918,12.850000381469727,10.891268730163574
08-02-2018,12.789999961853027,12.829999923706055,384700,12.850000381469727,12.819999694824219,10.865839958190918
09-02-2018,12.699999809265137,12.770000457763672,350800,12.829999923706055,12.739999771118164,10.7980375289917
12-02-2018,12.720000267028809,12.75,221600,12.789999961853027,12.770000457763672,10.823465347290039
13-02-2018,12.739999771118164,12.739999771118164,112800,12.84000015258789,12.819999694824219,10.865839958190918
14-02-2018,12.710000038146973,12.710000038146973,198700,12.779999732971191,12.739999771118164,10.847535133361816
15-02-2018,12.699999809265137,12.710000038146973,150100,12.770000457763672,12.75,10.856047630310059
16-02-2018,12.699999809265137,12.75,242700,12.779999732971191,12.779999732971191,10.881589889526367
20-02-2018,12.720000267028809,12.720000267028809,249000,12.779999732971191,12.75,10.856047630310059
21-02-2018,12.670000076293945,12.75,168100,12.760000228881836,12.680000305175781,10.796446800231934
22-02-2018,12.65999984741211,12.65999984741211,195300,12.710000038146973,12.680000305175781,10.796446800231934
23-02-2018,12.680000305175781,12.699999809265137,153000,12.720000267028809,12.6899995803833,10.804961204528809
26-02-2018,12.649999618530273,12.720000267028809,394400,12.729999542236328,12.720000267028809,10.830504417419434
27-02-2018,12.670000076293945,12.710000038146973,126800,12.75,12.6899995803833,10.804961204528809
28-02-2018,12.680000305175781,12.680000305175781,140700,12.729999542236328,12.699999809265137,10.8134765625
01-03-2018,12.649999618530273,12.65999984741211,151900,12.699999809265137,12.649999618530273,10.770904541015625
02-03-2018,12.600000381469727,12.600000381469727,206400,12.729999542236328,12.6899995803833,10.804961204528809
05-03-2018,12.680000305175781,12.680000305175781,267400,12.739999771118164,12.729999542236328,10.839016914367676
06-03-2018,12.6899995803833,12.720000267028809,254100,12.800000190734863,12.75,10.856047630310059
07-03-2018,12.710000038146973,12.729999542236328,104000,12.789999961853027,12.710000038146973,10.821991920471191
08-03-2018,12.699999809265137,12.710000038146973,102400,12.75,12.720000267028809,10.830504417419434
09-03-2018,12.680000305175781,12.699999809265137,148800,12.760000228881836,12.720000267028809,10.830504417419434
12-03-2018,12.6899995803833,12.720000267028809,144600,12.760000228881836,12.699999809265137,10.8134765625
13-03-2018,12.6899995803833,12.720000267028809,105500,12.729999542236328,12.720000267028809,10.830504417419434
14-03-2018,12.609999656677246,12.65999984741211,163000,12.680000305175781,12.640000343322754,10.812113761901855
15-03-2018,12.609999656677246,12.640000343322754,139000,12.65999984741211,12.609999656677246,10.786453247070312
16-03-2018,12.569999694824219,12.600000381469727,224100,12.630000114440918,12.579999923706055,10.760790824890137
19-03-2018,12.529999732971191,12.550000190734863,273000,12.569999694824219,12.529999732971191,10.718024253845215
20-03-2018,12.5,12.5,261700,12.569999694824219,12.529999732971191,10.718024253845215
21-03-2018,12.489999771118164,12.5,136200,12.550000190734863,12.529999732971191,10.718024253845215
22-03-2018,12.510000228881836,12.529999732971191,172500,12.579999923706055,12.529999732971191,10.718024253845215
23-03-2018,12.5,12.520000457763672,157800,12.550000190734863,12.529999732971191,10.718024253845215
26-03-2018,12.460000038146973,12.489999771118164,225600,12.550000190734863,12.520000457763672,10.709465026855469
27-03-2018,12.5,12.520000457763672,140400,12.550000190734863,12.550000190734863,10.73513126373291
28-03-2018,12.510000228881836,12.520000457763672,192000,12.609999656677246,12.569999694824219,10.752239227294922
29-03-2018,12.569999694824219,12.569999694824219,173800,12.640000343322754,12.640000343322754,10.812113761901855
02-04-2018,12.569999694824219,12.640000343322754,159600,12.640000343322754,12.600000381469727,10.777898788452148
03-04-2018,12.5600004196167,12.600000381469727,136500,12.640000343322754,12.579999923706055,10.760790824890137
04-04-2018,12.550000190734863,12.550000190734863,161600,12.640000343322754,12.640000343322754,10.812113761901855
05-04-2018,12.579999923706055,12.579999923706055,125100,12.649999618530273,12.609999656677246,10.786453247070312
06-04-2018,12.600000381469727,12.609999656677246,219900,12.680000305175781,12.640000343322754,10.812113761901855
09-04-2018,12.609999656677246,12.609999656677246,124200,12.699999809265137,12.699999809265137,10.86343765258789
10-04-2018,12.619999885559082,12.65999984741211,124300,12.680000305175781,12.619999885559082,10.795007705688477
11-04-2018,12.619999885559082,12.619999885559082,96500,12.670000076293945,12.670000076293945,10.837776184082031
12-04-2018,12.600000381469727,12.640000343322754,91800,12.670000076293945,12.600000381469727,10.777898788452148
13-04-2018,12.539999961853027,12.539999961853027,65900,12.59000015258789,12.539999961853027,10.776610374450684
16-04-2018,12.5,12.5,101200,12.579999923706055,12.5600004196167,10.79379940032959
17-04-2018,12.5,12.579999923706055,127200,12.579999923706055,12.5,10.742233276367188
18-04-2018,12.479999542236328,12.5,140000,12.520000457763672,12.510000228881836,10.750828742980957
19-04-2018,12.449999809265137,12.479999542236328,149200,12.5,12.460000038146973,10.70785903930664
20-04-2018,12.420000076293945,12.470000267028809,114500,12.479999542236328,12.470000267028809,10.716452598571777
23-04-2018,12.420000076293945,12.430000305175781,200000,12.460000038146973,12.4399995803833,10.690669059753418
24-04-2018,12.390000343322754,12.4399995803833,156900,12.4399995803833,12.40999984741211,10.66489028930664
25-04-2018,12.359999656677246,12.390000343322754,231800,12.40999984741211,12.369999885559082,10.63051700592041
26-04-2018,12.369999885559082,12.399999618530273,108800,12.399999618530273,12.399999618530273,10.65630054473877
27-04-2018,12.390000343322754,12.390000343322754,175300,12.4399995803833,12.40999984741211,10.66489028930664
30-04-2018,12.399999618530273,12.420000076293945,174800,12.449999809265137,12.40999984741211,10.66489028930664
01-05-2018,12.390000343322754,12.390000343322754,131500,12.460000038146973,12.460000038146973,10.70785903930664
02-05-2018,12.430000305175781,12.430000305175781,237500,12.529999732971191,12.489999771118164,10.733641624450684
03-05-2018,12.489999771118164,12.489999771118164,165500,12.539999961853027,12.529999732971191,10.768016815185547
04-05-2018,12.489999771118164,12.539999961853027,123800,12.630000114440918,12.510000228881836,10.750828742980957
07-05-2018,12.520000457763672,12.520000457763672,115800,12.550000190734863,12.529999732971191,10.768016815185547
08-05-2018,12.470000267028809,12.489999771118164,138900,12.550000190734863,12.489999771118164,10.733641624450684
09-05-2018,12.449999809265137,12.470000267028809,150700,12.489999771118164,12.489999771118164,10.733641624450684
10-05-2018,12.479999542236328,12.510000228881836,120100,12.529999732971191,12.510000228881836,10.750828742980957
11-05-2018,12.5,12.520000457763672,118400,12.529999732971191,12.520000457763672,10.759421348571777
14-05-2018,12.420000076293945,12.430000305175781,205500,12.5,12.420000076293945,10.723593711853027
15-05-2018,12.390000343322754,12.399999618530273,191500,12.449999809265137,12.399999618530273,10.706324577331543
16-05-2018,12.399999618530273,12.399999618530273,97400,12.4399995803833,12.430000305175781,10.73222541809082
17-05-2018,12.359999656677246,12.40999984741211,145400,12.420000076293945,12.359999656677246,10.671784400939941
18-05-2018,12.369999885559082,12.420000076293945,139900,12.420000076293945,12.399999618530273,10.706324577331543
21-05-2018,12.359999656677246,12.359999656677246,156000,12.40999984741211,12.399999618530273,10.706324577331543
22-05-2018,12.380000114440918,12.390000343322754,144700,12.399999618530273,12.380000114440918,10.689056396484375
23-05-2018,12.380000114440918,12.380000114440918,124800,12.420000076293945,12.420000076293945,10.723593711853027
24-05-2018,12.420000076293945,12.420000076293945,233000,12.479999542236328,12.449999809265137,10.749492645263672
25-05-2018,12.4399995803833,12.460000038146973,210400,12.5,12.470000267028809,10.766759872436523
29-05-2018,12.539999961853027,12.539999961853027,215900,12.579999923706055,12.5600004196167,10.844470024108887
30-05-2018,12.539999961853027,12.550000190734863,218900,12.609999656677246,12.609999656677246,10.887638092041016
31-05-2018,12.59000015258789,12.59000015258789,202800,12.649999618530273,12.619999885559082,10.896271705627441
01-06-2018,12.609999656677246,12.619999885559082,213600,12.65999984741211,12.609999656677246,10.887638092041016
04-06-2018,12.600000381469727,12.600000381469727,189200,12.670000076293945,12.670000076293945,10.939444541931152
05-06-2018,12.619999885559082,12.670000076293945,169400,12.699999809265137,12.699999809265137,10.965346336364746
06-06-2018,12.619999885559082,12.630000114440918,203400,12.699999809265137,12.640000343322754,10.913540840148926
07-06-2018,12.600000381469727,12.600000381469727,157500,12.649999618530273,12.649999618530273,10.9221773147583
08-06-2018,12.630000114440918,12.640000343322754,250600,12.670000076293945,12.670000076293945,10.939444541931152
11-06-2018,12.619999885559082,12.65999984741211,333000,12.680000305175781,12.619999885559082,10.896271705627441
12-06-2018,12.600000381469727,12.640000343322754,262600,12.649999618530273,12.600000381469727,10.879005432128906
13-06-2018,12.5600004196167,12.600000381469727,255900,12.640000343322754,12.569999694824219,10.853100776672363
14-06-2018,12.460000038146973,12.550000190734863,131900,12.550000190734863,12.460000038146973,10.808429718017578
15-06-2018,12.449999809265137,12.460000038146973,79900,12.529999732971191,12.529999732971191,10.869149208068848
18-06-2018,12.489999771118164,12.539999961853027,93800,12.539999961853027,12.5,10.843128204345703
19-06-2018,12.510000228881836,12.510000228881836,153300,12.600000381469727,12.5600004196167,10.89517593383789
20-06-2018,12.550000190734863,12.550000190734863,93900,12.59000015258789,12.5600004196167,10.89517593383789
21-06-2018,12.5600004196167,12.569999694824219,140600,12.59000015258789,12.579999923706055,10.912521362304688
22-06-2018,12.5,12.5600004196167,143300,12.569999694824219,12.550000190734863,10.88649845123291
25-06-2018,12.539999961853027,12.539999961853027,96500,12.569999694824219,12.539999961853027,10.877824783325195
26-06-2018,12.510000228881836,12.520000457763672,142100,12.59000015258789,12.529999732971191,10.869149208068848
27-06-2018,12.529999732971191,12.550000190734863,88100,12.579999923706055,12.550000190734863,10.88649845123291
28-06-2018,12.550000190734863,12.5600004196167,188500,12.649999618530273,12.579999923706055,10.912521362304688
29-06-2018,12.579999923706055,12.579999923706055,104200,12.640000343322754,12.600000381469727,10.929871559143066
02-07-2018,12.630000114440918,12.640000343322754,141600,12.680000305175781,12.65999984741211,10.981919288635254
03-07-2018,12.449999809265137,12.609999656677246,535700,12.619999885559082,12.460000038146973,10.808429718017578
05-07-2018,12.430000305175781,12.449999809265137,488100,12.510000228881836,12.5,10.843128204345703
06-07-2018,12.470000267028809,12.479999542236328,395800,12.539999961853027,12.539999961853027,10.877824783325195
09-07-2018,12.479999542236328,12.510000228881836,159600,12.550000190734863,12.479999542236328,10.825778007507324
10-07-2018,12.479999542236328,12.479999542236328,254800,12.569999694824219,12.550000190734863,10.88649845123291
11-07-2018,12.529999732971191,12.539999961853027,142000,12.5600004196167,12.550000190734863,10.88649845123291
12-07-2018,12.520000457763672,12.520000457763672,185900,12.59000015258789,12.59000015258789,10.921196937561035
13-07-2018,12.510000228881836,12.529999732971191,157400,12.5600004196167,12.5600004196167,10.939053535461426
16-07-2018,12.520000457763672,12.529999732971191,164900,12.600000381469727,12.600000381469727,10.973889350891113
17-07-2018,12.5600004196167,12.5600004196167,247800,12.65999984741211,12.649999618530273,11.017436027526855
18-07-2018,12.630000114440918,12.65999984741211,211700,12.6899995803833,12.649999618530273,11.017436027526855
19-07-2018,12.649999618530273,12.649999618530273,143100,12.699999809265137,12.699999809265137,11.06098461151123
20-07-2018,12.670000076293945,12.670000076293945,73800,12.6899995803833,12.670000076293945,11.034855842590332
23-07-2018,12.670000076293945,12.670000076293945,130600,12.739999771118164,12.699999809265137,11.06098461151123
24-07-2018,12.649999618530273,12.670000076293945,134400,12.6899995803833,12.65999984741211,11.02614688873291
25-07-2018,12.630000114440918,12.630000114440918,113900,12.680000305175781,12.649999618530273,11.017436027526855
26-07-2018,12.609999656677246,12.640000343322754,77300,12.65999984741211,12.609999656677246,10.982598304748535
27-07-2018,12.550000190734863,12.619999885559082,107900,12.630000114440918,12.550000190734863,10.930338859558105
30-07-2018,12.5,12.5600004196167,76800,12.579999923706055,12.5,10.886795997619629
31-07-2018,12.460000038146973,12.5,158300,12.550000190734863,12.460000038146973,10.851956367492676
01-08-2018,12.460000038146973,12.460000038146973,169000,12.489999771118164,12.470000267028809,10.860664367675781
02-08-2018,12.479999542236328,12.5,181700,12.550000190734863,12.5,10.886795997619629
03-08-2018,12.510000228881836,12.550000190734863,149500,12.569999694824219,12.510000228881836,10.89550495147705
06-08-2018,12.520000457763672,12.520000457763672,181100,12.569999694824219,12.5600004196167,10.939053535461426
07-08-2018,12.539999961853027,12.550000190734863,191200,12.569999694824219,12.5600004196167,10.939053535461426
08-08-2018,12.539999961853027,12.550000190734863,152600,12.569999694824219,12.550000190734863,10.930338859558105
09-08-2018,12.529999732971191,12.539999961853027,248400,12.569999694824219,12.569999694824219,10.947760581970215
10-08-2018,12.529999732971191,12.550000190734863,196000,12.569999694824219,12.569999694824219,10.947760581970215
13-08-2018,12.489999771118164,12.550000190734863,136600,12.579999923706055,12.489999771118164,10.878087043762207
14-08-2018,12.420000076293945,12.430000305175781,116000,12.460000038146973,12.420000076293945,10.861035346984863
15-08-2018,12.399999618530273,12.420000076293945,164200,12.460000038146973,12.4399995803833,10.878518104553223
16-08-2018,12.399999618530273,12.430000305175781,190900,12.4399995803833,12.40999984741211,10.852290153503418
17-08-2018,12.399999618530273,12.399999618530273,151500,12.449999809265137,12.420000076293945,10.861035346984863
20-08-2018,12.40999984741211,12.420000076293945,140300,12.470000267028809,12.40999984741211,10.852290153503418
21-08-2018,12.380000114440918,12.420000076293945,262100,12.430000305175781,12.390000343322754,10.834800720214844
22-08-2018,12.380000114440918,12.399999618530273,200900,12.420000076293945,12.390000343322754,10.834800720214844
23-08-2018,12.399999618530273,12.40999984741211,249500,12.430000305175781,12.420000076293945,10.861035346984863
24-08-2018,12.399999618530273,12.430000305175781,160900,12.470000267028809,12.399999618530273,10.84354305267334
27-08-2018,12.390000343322754,12.399999618530273,156900,12.420000076293945,12.390000343322754,10.834800720214844
28-08-2018,12.380000114440918,12.390000343322754,204900,12.40999984741211,12.380000114440918,10.826053619384766
29-08-2018,12.380000114440918,12.380000114440918,165900,12.399999618530273,12.380000114440918,10.826053619384766
30-08-2018,12.380000114440918,12.390000343322754,289000,12.479999542236328,12.4399995803833,10.878518104553223
31-08-2018,12.430000305175781,12.430000305175781,204600,12.5,12.460000038146973,10.896011352539062
04-09-2018,12.430000305175781,12.4399995803833,80800,12.479999542236328,12.4399995803833,10.878518104553223
05-09-2018,12.40999984741211,12.420000076293945,80900,12.449999809265137,12.430000305175781,10.869778633117676
06-09-2018,12.420000076293945,12.420000076293945,219500,12.5,12.430000305175781,10.869778633117676
07-09-2018,12.350000381469727,12.420000076293945,220200,12.4399995803833,12.350000381469727,10.799820899963379
10-09-2018,12.329999923706055,12.34000015258789,186900,12.390000343322754,12.350000381469727,10.799820899963379
11-09-2018,12.34000015258789,12.350000381469727,103900,12.380000114440918,12.380000114440918,10.826053619384766
12-09-2018,12.300000190734863,12.359999656677246,124900,12.380000114440918,12.34000015258789,10.791075706481934
13-09-2018,12.260000228881836,12.279999732971191,118200,12.3100004196167,12.260000228881836,10.765172004699707
14-09-2018,12.229999542236328,12.260000228881836,100400,12.270000457763672,12.229999542236328,10.7388277053833
17-09-2018,12.180000305175781,12.199999809265137,304900,12.220000267028809,12.180000305175781,10.694927215576172
18-09-2018,12.100000381469727,12.140000343322754,154200,12.180000305175781,12.109999656677246,10.633461952209473
19-09-2018,12.0600004196167,12.069999694824219,123400,12.130000114440918,12.0600004196167,10.589557647705078
20-09-2018,12.020000457763672,12.0600004196167,252700,12.100000381469727,12.029999732971191,10.563214302062988
21-09-2018,12.0,12.0,121600,12.039999961853027,12.0,10.53686809539795
24-09-2018,11.90999984741211,11.90999984741211,272200,12.0,11.90999984741211,10.457846641540527
25-09-2018,11.880000114440918,11.890000343322754,210600,11.930000305175781,11.930000305175781,10.475410461425781
26-09-2018,11.880000114440918,11.880000114440918,301600,12.0,11.989999771118164,10.52808952331543
27-09-2018,11.970000267028809,11.970000267028809,329800,12.149999618530273,12.149999618530273,10.668583869934082
28-09-2018,12.050000190734863,12.079999923706055,344000,12.119999885559082,12.079999923706055,10.607118606567383
01-10-2018,12.039999961853027,12.050000190734863,111500,12.140000343322754,12.0600004196167,10.589557647705078
02-10-2018,11.949999809265137,12.029999732971191,141700,12.079999923706055,11.960000038146973,10.501749992370605
03-10-2018,11.90999984741211,11.920000076293945,190100,11.9399995803833,11.920000076293945,10.46662425994873
04-10-2018,11.75,11.90999984741211,221800,11.930000305175781,11.770000457763672,10.334918022155762
05-10-2018,11.680000305175781,11.75,182000,11.779999732971191,11.710000038146973,10.282233238220215
08-10-2018,11.609999656677246,11.65999984741211,202700,11.770000457763672,11.649999618530273,10.229547500610352
09-10-2018,11.600000381469727,11.649999618530273,218000,11.680000305175781,11.649999618530273,10.229547500610352
10-10-2018,11.550000190734863,11.600000381469727,222400,11.630000114440918,11.609999656677246,10.194427490234375
11-10-2018,11.539999961853027,11.609999656677246,218300,11.649999618530273,11.619999885559082,10.203206062316895
12-10-2018,11.550000190734863,11.579999923706055,208700,11.600000381469727,11.5600004196167,10.194828033447266
15-10-2018,11.550000190734863,11.550000190734863,176000,11.609999656677246,11.5600004196167,10.194828033447266
16-10-2018,11.5600004196167,11.59000015258789,164000,11.609999656677246,11.569999694824219,10.203646659851074
17-10-2018,11.579999923706055,11.609999656677246,247900,11.75,11.670000076293945,10.291839599609375
18-10-2018,11.640000343322754,11.640000343322754,340500,11.710000038146973,11.640000343322754,10.265381813049316
19-10-2018,11.5600004196167,11.609999656677246,172400,11.670000076293945,11.569999694824219,10.203646659851074
22-10-2018,11.569999694824219,11.579999923706055,107200,11.630000114440918,11.600000381469727,10.230104446411133
23-10-2018,11.59000015258789,11.59000015258789,198400,11.6899995803833,11.649999618530273,10.274198532104492
24-10-2018,11.640000343322754,11.670000076293945,241900,11.739999771118164,11.680000305175781,10.300655364990234
25-10-2018,11.649999618530273,11.649999618530273,265900,11.710000038146973,11.65999984741211,10.283016204833984
26-10-2018,11.640000343322754,11.65999984741211,109300,11.6899995803833,11.649999618530273,10.274198532104492
29-10-2018,11.619999885559082,11.640000343322754,148200,11.670000076293945,11.630000114440918,10.256558418273926
30-10-2018,11.59000015258789,11.600000381469727,209900,11.65999984741211,11.619999885559082,10.247742652893066
31-10-2018,11.579999923706055,11.600000381469727,273600,11.670000076293945,11.649999618530273,10.274198532104492
01-11-2018,11.5600004196167,11.579999923706055,358700,11.649999618530273,11.609999656677246,10.238924980163574
02-11-2018,11.5600004196167,11.579999923706055,196500,11.609999656677246,11.569999694824219,10.203646659851074
05-11-2018,11.550000190734863,11.550000190734863,359600,11.649999618530273,11.579999923706055,10.212464332580566
06-11-2018,11.539999961853027,11.539999961853027,234400,11.619999885559082,11.600000381469727,10.230104446411133
07-11-2018,11.579999923706055,11.579999923706055,270600,11.6899995803833,11.65999984741211,10.283016204833984
08-11-2018,11.65999984741211,11.65999984741211,293000,11.75,11.75,10.362387657165527
09-11-2018,11.710000038146973,11.729999542236328,238000,11.760000228881836,11.720000267028809,10.335931777954102
12-11-2018,11.710000038146973,11.729999542236328,275600,11.779999732971191,11.760000228881836,10.371210098266602
13-11-2018,11.729999542236328,11.75,309000,11.789999961853027,11.779999732971191,10.388846397399902
14-11-2018,11.729999542236328,11.739999771118164,205300,11.770000457763672,11.739999771118164,10.398148536682129
15-11-2018,11.739999771118164,11.75,477000,11.850000381469727,11.800000190734863,10.451290130615234
16-11-2018,11.800000190734863,11.800000190734863,219500,11.850000381469727,11.829999923706055,10.477859497070312
19-11-2018,11.770000457763672,11.789999961853027,160400,11.829999923706055,11.779999732971191,10.433575630187988
20-11-2018,11.770000457763672,11.779999732971191,230500,11.819999694824219,11.8100004196167,10.460144996643066
21-11-2018,11.770000457763672,11.8100004196167,173700,11.829999923706055,11.789999961853027,10.442431449890137
23-11-2018,11.75,11.789999961853027,36000,11.819999694824219,11.75,10.407003402709961
26-11-2018,11.729999542236328,11.760000228881836,182400,11.789999961853027,11.729999542236328,10.389289855957031
27-11-2018,11.699999809265137,11.729999542236328,230200,11.770000457763672,11.760000228881836,10.415861129760742
28-11-2018,11.75,11.75,241600,11.84000015258789,11.829999923706055,10.477859497070312
29-11-2018,11.819999694824219,11.819999694824219,422000,11.930000305175781,11.890000343322754,10.531001091003418
30-11-2018,11.829999923706055,11.850000381469727,432500,11.90999984741211,11.869999885559082,10.513289451599121
03-12-2018,11.819999694824219,11.859999656677246,515800,11.930000305175781,11.869999885559082,10.513289451599121
04-12-2018,11.90999984741211,11.90999984741211,547800,12.039999961853027,12.029999732971191,10.654998779296875
06-12-2018,12.029999732971191,12.029999732971191,339100,12.09000015258789,12.0600004196167,10.681571006774902
07-12-2018,12.020000457763672,12.020000457763672,261700,12.119999885559082,12.039999961853027,10.663858413696289
10-12-2018,12.050000190734863,12.069999694824219,293300,12.119999885559082,12.069999694824219,10.6904296875
11-12-2018,11.979999542236328,12.100000381469727,268500,12.119999885559082,11.979999542236328,10.61071491241455
12-12-2018,11.899999618530273,11.930000305175781,408700,11.970000267028809,11.920000076293945,10.55772876739502
13-12-2018,11.84000015258789,11.899999618530273,421900,11.899999618530273,11.880000114440918,10.522298812866211
14-12-2018,11.84000015258789,11.880000114440918,313900,11.880000114440918,11.869999885559082,10.513443946838379
17-12-2018,11.770000457763672,11.869999885559082,432500,11.90999984741211,11.770000457763672,10.424871444702148
18-12-2018,11.739999771118164,11.760000228881836,700200,11.859999656677246,11.739999771118164,10.39830207824707
19-12-2018,11.739999771118164,11.739999771118164,416300,11.8100004196167,11.760000228881836,10.416015625
20-12-2018,11.729999542236328,11.800000190734863,363700,11.819999694824219,11.760000228881836,10.416015625
21-12-2018,11.739999771118164,11.75,448600,11.859999656677246,11.800000190734863,10.451443672180176
24-12-2018,11.800000190734863,11.800000190734863,204400,11.84000015258789,11.819999694824219,10.469159126281738
26-12-2018,11.779999732971191,11.800000190734863,613900,12.010000228881836,11.989999771118164,10.619729042053223
27-12-2018,11.84000015258789,11.989999771118164,501200,11.989999771118164,11.970000267028809,10.60201358795166
28-12-2018,11.859999656677246,11.899999618530273,460600,12.010000228881836,12.0,10.628582954406738
31-12-2018,11.930000305175781,11.949999809265137,548400,12.069999694824219,12.050000190734863,10.672869682312012
02-01-2019,12.010000228881836,12.010000228881836,217300,12.199999809265137,12.15999984741211,10.770304679870605
03-01-2019,12.149999618530273,12.170000076293945,202100,12.260000228881836,12.199999809265137,10.805729866027832
04-01-2019,12.079999923706055,12.180000305175781,173000,12.210000038146973,12.170000076293945,10.779158592224121
07-01-2019,12.180000305175781,12.180000305175781,131000,12.319999694824219,12.289999961853027,10.885443687438965
08-01-2019,12.300000190734863,12.300000190734863,120400,12.350000381469727,12.329999923706055,10.92087173461914
09-01-2019,12.25,12.279999732971191,256300,12.34000015258789,12.34000015258789,10.929728507995605
10-01-2019,12.239999771118164,12.319999694824219,314700,12.319999694824219,12.25,10.850016593933105
11-01-2019,12.260000228881836,12.260000228881836,67700,12.350000381469727,12.289999961853027,10.885443687438965
14-01-2019,12.220000267028809,12.239999771118164,88300,12.260000228881836,12.220000267028809,10.8681001663208
15-01-2019,12.210000038146973,12.210000038146973,140900,12.260000228881836,12.210000038146973,10.859206199645996
16-01-2019,12.15999984741211,12.210000038146973,186200,12.229999542236328,12.199999809265137,10.850314140319824
17-01-2019,12.15999984741211,12.170000076293945,93700,12.199999809265137,12.15999984741211,10.814739227294922
18-01-2019,12.140000343322754,12.180000305175781,106800,12.210000038146973,12.140000343322754,10.796952247619629
22-01-2019,12.149999618530273,12.149999618530273,37200,12.199999809265137,12.1899995803833,10.841422080993652
23-01-2019,12.149999618530273,12.180000305175781,388000,12.279999732971191,12.279999732971191,10.921463012695312
24-01-2019,12.239999771118164,12.260000228881836,609100,12.460000038146973,12.449999809265137,11.072654724121094
25-01-2019,12.319999694824219,12.420000076293945,156900,12.420000076293945,12.319999694824219,10.957036018371582
28-01-2019,12.25,12.3100004196167,140900,12.350000381469727,12.34000015258789,10.97482681274414
29-01-2019,12.25,12.3100004196167,102100,12.329999923706055,12.25,10.894783973693848
30-01-2019,12.239999771118164,12.319999694824219,125900,12.319999694824219,12.3100004196167,10.94814682006836
31-01-2019,12.319999694824219,12.319999694824219,395000,12.4399995803833,12.4399995803833,11.063763618469238
01-02-2019,12.40999984741211,12.420000076293945,151500,12.479999542236328,12.479999542236328,11.09933853149414
04-02-2019,12.420000076293945,12.420000076293945,103600,12.479999542236328,12.470000267028809,11.090444564819336
05-02-2019,12.399999618530273,12.479999542236328,125200,12.489999771118164,12.430000305175781,11.054868698120117
06-02-2019,12.40999984741211,12.449999809265137,86900,12.479999542236328,12.460000038146973,11.081549644470215
07-02-2019,12.430000305175781,12.4399995803833,57100,12.479999542236328,12.479999542236328,11.09933853149414
08-02-2019,12.460000038146973,12.479999542236328,75200,12.5,12.489999771118164,11.108230590820312
11-02-2019,12.489999771118164,12.489999771118164,120200,12.529999732971191,12.520000457763672,11.134915351867676
12-02-2019,12.489999771118164,12.510000228881836,87800,12.5600004196167,12.539999961853027,11.152698516845703
13-02-2019,12.5,12.5,107100,12.5600004196167,12.5600004196167,11.170487403869629
14-02-2019,12.510000228881836,12.520000457763672,158900,12.600000381469727,12.600000381469727,11.251298904418945
15-02-2019,12.5600004196167,12.619999885559082,75600,12.619999885559082,12.609999656677246,11.260229110717773
19-02-2019,12.569999694824219,12.59000015258789,73900,12.600000381469727,12.59000015258789,11.242368698120117
20-02-2019,12.539999961853027,12.59000015258789,88800,12.609999656677246,12.5600004196167,11.215581893920898
21-02-2019,12.5,12.569999694824219,79700,12.59000015258789,12.529999732971191,11.18879222869873
22-02-2019,12.510000228881836,12.569999694824219,75300,12.569999694824219,12.520000457763672,11.179865837097168
25-02-2019,12.510000228881836,12.539999961853027,120600,12.5600004196167,12.5600004196167,11.215581893920898
26-02-2019,12.520000457763672,12.5600004196167,55800,12.600000381469727,12.59000015258789,11.242368698120117
27-02-2019,12.569999694824219,12.600000381469727,106000,12.630000114440918,12.579999923706055,11.233442306518555
28-02-2019,12.579999923706055,12.579999923706055,64700,12.619999885559082,12.609999656677246,11.260229110717773
01-03-2019,12.59000015258789,12.619999885559082,110500,12.680000305175781,12.630000114440918,11.27808666229248
04-03-2019,12.619999885559082,12.640000343322754,68400,12.680000305175781,12.640000343322754,11.287017822265625
05-03-2019,12.619999885559082,12.640000343322754,186500,12.6899995803833,12.640000343322754,11.287017822265625
06-03-2019,12.670000076293945,12.699999809265137,100800,12.720000267028809,12.6899995803833,11.33166790008545
07-03-2019,12.699999809265137,12.720000267028809,189500,12.779999732971191,12.720000267028809,11.358454704284668
08-03-2019,12.699999809265137,12.699999809265137,48300,12.770000457763672,12.770000457763672,11.403105735778809
11-03-2019,12.720000267028809,12.760000228881836,45400,12.779999732971191,12.720000267028809,11.358454704284668
12-03-2019,12.739999771118164,12.760000228881836,169100,12.84000015258789,12.8100004196167,11.438820838928223
13-03-2019,12.779999732971191,12.819999694824219,117100,12.829999923706055,12.789999961853027,11.4209623336792
14-03-2019,12.649999618530273,12.770000457763672,188600,12.789999961853027,12.670000076293945,11.359102249145508
15-03-2019,12.630000114440918,12.710000038146973,85400,12.710000038146973,12.630000114440918,11.323238372802734
18-03-2019,12.609999656677246,12.619999885559082,147700,12.649999618530273,12.630000114440918,11.323238372802734
19-03-2019,12.600000381469727,12.670000076293945,128500,12.670000076293945,12.670000076293945,11.359102249145508
20-03-2019,12.670000076293945,12.680000305175781,188000,12.8100004196167,12.8100004196167,11.48461627960205
21-03-2019,12.800000190734863,12.800000190734863,145800,12.829999923706055,12.8100004196167,11.48461627960205
22-03-2019,12.819999694824219,12.850000381469727,157400,12.880000114440918,12.859999656677246,11.529444694519043
25-03-2019,12.819999694824219,12.850000381469727,112200,12.880000114440918,12.869999885559082,11.538405418395996
26-03-2019,12.819999694824219,12.850000381469727,121500,12.890000343322754,12.859999656677246,11.529444694519043
27-03-2019,12.84000015258789,12.84000015258789,124600,12.899999618530273,12.890000343322754,11.556339263916016
28-03-2019,12.869999885559082,12.890000343322754,129500,12.90999984741211,12.890000343322754,11.556339263916016
29-03-2019,12.859999656677246,12.880000114440918,104300,12.930000305175781,12.930000305175781,11.592201232910156
01-04-2019,12.869999885559082,12.920000076293945,110600,12.9399995803833,12.920000076293945,11.583234786987305
02-04-2019,12.890000343322754,12.9399995803833,50300,12.949999809265137,12.930000305175781,11.592201232910156
03-04-2019,12.880000114440918,12.90999984741211,120700,12.960000038146973,12.890000343322754,11.556339263916016
04-04-2019,12.850000381469727,12.880000114440918,100100,12.949999809265137,12.859999656677246,11.529444694519043
05-04-2019,12.779999732971191,12.859999656677246,79200,12.9399995803833,12.779999732971191,11.457716941833496
08-04-2019,12.779999732971191,12.84000015258789,110700,12.850000381469727,12.8100004196167,11.48461627960205
09-04-2019,12.789999961853027,12.829999923706055,109100,12.880000114440918,12.869999885559082,11.538405418395996
10-04-2019,12.859999656677246,12.890000343322754,149000,12.949999809265137,12.9399995803833,11.601167678833008
11-04-2019,12.850000381469727,12.9399995803833,167600,12.9399995803833,12.869999885559082,11.538405418395996
12-04-2019,12.770000457763672,12.8100004196167,121400,12.8100004196167,12.800000190734863,11.521306037902832
15-04-2019,12.770000457763672,12.819999694824219,91200,12.819999694824219,12.779999732971191,11.50330638885498
16-04-2019,12.680000305175781,12.770000457763672,151200,12.800000190734863,12.699999809265137,11.431294441223145
17-04-2019,12.699999809265137,12.720000267028809,129200,12.770000457763672,12.75,11.476297378540039
18-04-2019,12.739999771118164,12.739999771118164,224200,12.850000381469727,12.760000228881836,11.485302925109863
22-04-2019,12.680000305175781,12.75,157000,12.770000457763672,12.680000305175781,11.413296699523926
23-04-2019,12.630000114440918,12.680000305175781,202000,12.720000267028809,12.649999618530273,11.38629150390625
24-04-2019,12.649999618530273,12.649999618530273,236600,12.729999542236328,12.670000076293945,11.404292106628418
25-04-2019,12.670000076293945,12.670000076293945,186200,12.75,12.739999771118164,11.467297554016113
26-04-2019,12.75,12.75,106000,12.800000190734863,12.800000190734863,11.521306037902832
29-04-2019,12.84000015258789,12.850000381469727,164200,12.90999984741211,12.90999984741211,11.620318412780762
30-04-2019,12.859999656677246,12.9399995803833,197900,12.960000038146973,12.9399995803833,11.647320747375488
01-05-2019,12.949999809265137,12.979999542236328,187100,13.0,13.0,11.701325416564941
02-05-2019,12.920000076293945,12.989999771118164,68000,13.010000228881836,12.989999771118164,11.692325592041016
03-05-2019,13.0,13.0,68700,13.050000190734863,13.010000228881836,11.710329055786133
06-05-2019,13.0,13.050000190734863,136400,13.069999694824219,13.020000457763672,11.719329833984375
07-05-2019,13.010000228881836,13.010000228881836,62500,13.09000015258789,13.050000190734863,11.746332168579102
08-05-2019,13.050000190734863,13.079999923706055,46800,13.119999885559082,13.100000381469727,11.791337013244629
09-05-2019,13.109999656677246,13.130000114440918,79500,13.15999984741211,13.140000343322754,11.827341079711914
10-05-2019,13.079999923706055,13.149999618530273,58300,13.149999618530273,13.09000015258789,11.78233814239502
13-05-2019,13.0600004196167,13.0600004196167,81800,13.15999984741211,13.119999885559082,11.809338569641113
14-05-2019,13.050000190734863,13.09000015258789,113400,13.109999656677246,13.069999694824219,11.810243606567383
15-05-2019,13.100000381469727,13.119999885559082,125500,13.170000076293945,13.119999885559082,11.855423927307129
16-05-2019,13.079999923706055,13.130000114440918,140100,13.130000114440918,13.09000015258789,11.828313827514648
17-05-2019,13.09000015258789,13.119999885559082,76400,13.130000114440918,13.119999885559082,11.855423927307129
20-05-2019,13.050000190734863,13.100000381469727,53900,13.119999885559082,13.050000190734863,11.7921724319458
21-05-2019,13.020000457763672,13.079999923706055,51000,13.100000381469727,13.050000190734863,11.7921724319458
22-05-2019,13.020000457763672,13.020000457763672,116200,13.140000343322754,13.100000381469727,11.837350845336914
23-05-2019,13.09000015258789,13.15999984741211,91600,13.15999984741211,13.109999656677246,11.846388816833496
24-05-2019,13.09000015258789,13.149999618530273,56200,13.149999618530273,13.119999885559082,11.855423927307129
28-05-2019,13.130000114440918,13.180000305175781,131200,13.180000305175781,13.149999618530273,11.882528305053711
29-05-2019,13.100000381469727,13.170000076293945,115400,13.170000076293945,13.100000381469727,11.837350845336914
30-05-2019,12.989999771118164,13.140000343322754,195100,13.140000343322754,13.09000015258789,11.828313827514648
31-05-2019,13.079999923706055,13.130000114440918,75000,13.15999984741211,13.149999618530273,11.882528305053711
03-06-2019,13.0600004196167,13.210000038146973,109800,13.210000038146973,13.149999618530273,11.882528305053711
04-06-2019,13.09000015258789,13.119999885559082,104100,13.149999618530273,13.100000381469727,11.837350845336914
05-06-2019,13.100000381469727,13.119999885559082,56500,13.140000343322754,13.100000381469727,11.837350845336914
06-06-2019,13.100000381469727,13.100000381469727,83500,13.119999885559082,13.109999656677246,11.846388816833496
07-06-2019,13.119999885559082,13.119999885559082,47400,13.1899995803833,13.170000076293945,11.900606155395508
10-06-2019,13.140000343322754,13.15999984741211,74400,13.1899995803833,13.170000076293945,11.900606155395508
11-06-2019,13.130000114440918,13.199999809265137,85600,13.199999809265137,13.15999984741211,11.89156723022461
12-06-2019,13.119999885559082,13.180000305175781,114300,13.180000305175781,13.170000076293945,11.900606155395508
13-06-2019,13.09000015258789,13.140000343322754,72600,13.140000343322754,13.09000015258789,11.874297142028809
14-06-2019,13.079999923706055,13.09000015258789,83700,13.130000114440918,13.079999923706055,11.865227699279785
17-06-2019,13.079999923706055,13.130000114440918,67100,13.149999618530273,13.079999923706055,11.865227699279785
18-06-2019,13.029999732971191,13.119999885559082,136500,13.130000114440918,13.050000190734863,11.838014602661133
19-06-2019,13.039999961853027,13.0600004196167,109300,13.09000015258789,13.069999694824219,11.856156349182129
20-06-2019,13.0600004196167,13.09000015258789,173800,13.119999885559082,13.109999656677246,11.892441749572754
21-06-2019,13.130000114440918,13.140000343322754,179700,13.15999984741211,13.140000343322754,11.919651985168457
24-06-2019,13.15999984741211,13.15999984741211,100400,13.199999809265137,13.199999809265137,11.974080085754395
25-06-2019,13.109999656677246,13.109999656677246,155500,13.170000076293945,13.149999618530273,11.928722381591797
26-06-2019,13.119999885559082,13.170000076293945,83200,13.170000076293945,13.140000343322754,11.919651985168457
27-06-2019,13.140000343322754,13.15999984741211,140300,13.180000305175781,13.170000076293945,11.946869850158691
28-06-2019,13.15999984741211,13.15999984741211,62800,13.199999809265137,13.199999809265137,11.974080085754395
01-07-2019,13.149999618530273,13.15999984741211,82600,13.199999809265137,13.149999618530273,11.928722381591797
02-07-2019,13.069999694824219,13.069999694824219,149700,13.15999984741211,13.140000343322754,11.919651985168457
03-07-2019,13.119999885559082,13.140000343322754,116700,13.1899995803833,13.15999984741211,11.937795639038086
05-07-2019,13.079999923706055,13.140000343322754,87400,13.149999618530273,13.09000015258789,11.874297142028809
08-07-2019,13.100000381469727,13.100000381469727,101100,13.149999618530273,13.119999885559082,11.901512145996094
09-07-2019,13.119999885559082,13.130000114440918,195400,13.170000076293945,13.149999618530273,11.928722381591797
10-07-2019,13.149999618530273,13.180000305175781,242800,13.210000038146973,13.210000038146973,11.983154296875
11-07-2019,13.180000305175781,13.229999542236328,175800,13.25,13.229999542236328,12.001296043395996
12-07-2019,13.15999984741211,13.1899995803833,65200,13.210000038146973,13.199999809265137,12.014946937561035
15-07-2019,13.180000305175781,13.199999809265137,135400,13.229999542236328,13.199999809265137,12.014946937561035
16-07-2019,13.180000305175781,13.199999809265137,380800,13.220000267028809,13.1899995803833,12.005843162536621
17-07-2019,13.15999984741211,13.180000305175781,141900,13.210000038146973,13.170000076293945,11.987643241882324
18-07-2019,13.130000114440918,13.149999618530273,103300,13.180000305175781,13.170000076293945,11.987643241882324
19-07-2019,13.149999618530273,13.180000305175781,292300,13.199999809265137,13.170000076293945,11.987643241882324
22-07-2019,13.149999618530273,13.170000076293945,121100,13.220000267028809,13.199999809265137,12.014946937561035
23-07-2019,13.180000305175781,13.199999809265137,131400,13.239999771118164,13.220000267028809,12.033153533935547
24-07-2019,13.220000267028809,13.220000267028809,156900,13.270000457763672,13.270000457763672,12.078664779663086
25-07-2019,13.25,13.25,337200,13.3100004196167,13.260000228881836,12.069564819335938
26-07-2019,13.239999771118164,13.25,170000,13.300000190734863,13.289999961853027,12.096870422363281
29-07-2019,13.260000228881836,13.270000457763672,104200,13.319999694824219,13.319999694824219,12.124174118041992
30-07-2019,13.3100004196167,13.3100004196167,162700,13.40999984741211,13.399999618530273,12.196991920471191
31-07-2019,13.380000114440918,13.380000114440918,176600,13.449999809265137,13.4399995803833,12.233402252197266
01-08-2019,13.430000305175781,13.4399995803833,398400,13.510000228881836,13.5,12.288015365600586
02-08-2019,13.460000038146973,13.479999542236328,179000,13.5600004196167,13.489999771118164,12.278916358947754
05-08-2019,13.5,13.5,897600,13.5600004196167,13.529999732971191,12.31532096862793
06-08-2019,13.489999771118164,13.489999771118164,131000,13.550000190734863,13.489999771118164,12.278916358947754
07-08-2019,13.5,13.5,86600,13.569999694824219,13.529999732971191,12.31532096862793
08-08-2019,13.510000228881836,13.550000190734863,56100,13.569999694824219,13.569999694824219,12.35173225402832
09-08-2019,13.539999961853027,13.539999961853027,51200,13.59000015258789,13.5600004196167,12.34262752532959
12-08-2019,13.600000381469727,13.600000381469727,84300,13.65999984741211,13.619999885559082,12.39724349975586
13-08-2019,13.600000381469727,13.619999885559082,244200,13.670000076293945,13.630000114440918,12.40634536743164
14-08-2019,13.59000015258789,13.649999618530273,240700,13.680000305175781,13.59000015258789,12.410910606384277
15-08-2019,13.600000381469727,13.630000114440918,106100,13.640000343322754,13.630000114440918,12.447442054748535
16-08-2019,13.569999694824219,13.619999885559082,93800,13.649999618530273,13.640000343322754,12.456572532653809
19-08-2019,13.5600004196167,13.630000114440918,72900,13.649999618530273,13.649999618530273,12.465706825256348
20-08-2019,13.640000343322754,13.65999984741211,78600,13.680000305175781,13.680000305175781,12.493102073669434
21-08-2019,13.59000015258789,13.670000076293945,79800,13.670000076293945,13.600000381469727,12.420042991638184
22-08-2019,13.5600004196167,13.579999923706055,73200,13.649999618530273,13.600000381469727,12.420042991638184
23-08-2019,13.59000015258789,13.609999656677246,63500,13.630000114440918,13.619999885559082,12.438309669494629
26-08-2019,13.5600004196167,13.609999656677246,81100,13.640000343322754,13.640000343322754,12.456572532653809
27-08-2019,13.59000015258789,13.630000114440918,119400,13.680000305175781,13.65999984741211,12.474836349487305
28-08-2019,13.640000343322754,13.670000076293945,114200,13.680000305175781,13.649999618530273,12.465706825256348
29-08-2019,13.630000114440918,13.670000076293945,172900,13.6899995803833,13.680000305175781,12.493102073669434
30-08-2019,13.649999618530273,13.649999618530273,47500,13.699999809265137,13.6899995803833,12.502232551574707
03-09-2019,13.670000076293945,13.699999809265137,79100,13.729999542236328,13.729999542236328,12.538763999938965
04-09-2019,13.699999809265137,13.710000038146973,73800,13.760000228881836,13.739999771118164,12.547897338867188
05-09-2019,13.600000381469727,13.699999809265137,130800,13.739999771118164,13.670000076293945,12.483970642089844
06-09-2019,13.59000015258789,13.670000076293945,99800,13.670000076293945,13.619999885559082,12.438309669494629
09-09-2019,13.510000228881836,13.600000381469727,100200,13.619999885559082,13.5600004196167,12.383514404296875
10-09-2019,13.510000228881836,13.539999961853027,73600,13.569999694824219,13.510000228881836,12.33785343170166
11-09-2019,13.460000038146973,13.479999542236328,109600,13.550000190734863,13.460000038146973,12.292189598083496
12-09-2019,13.380000114440918,13.5,175900,13.510000228881836,13.380000114440918,12.219131469726562
13-09-2019,13.220000267028809,13.300000190734863,272100,13.329999923706055,13.220000267028809,12.113754272460938
16-09-2019,13.199999809265137,13.199999809265137,70600,13.270000457763672,13.210000038146973,12.104591369628906
17-09-2019,13.220000267028809,13.220000267028809,57600,13.300000190734863,13.289999961853027,12.177898406982422
18-09-2019,13.300000190734863,13.3100004196167,208200,13.380000114440918,13.369999885559082,12.251203536987305
19-09-2019,13.350000381469727,13.420000076293945,91800,13.430000305175781,13.399999618530273,12.278690338134766
20-09-2019,13.399999618530273,13.399999618530273,75500,13.4399995803833,13.430000305175781,12.306183815002441
23-09-2019,13.430000305175781,13.449999809265137,110200,13.5,13.430000305175781,12.306183815002441
24-09-2019,13.4399995803833,13.4399995803833,107100,13.529999732971191,13.489999771118164,12.361159324645996
25-09-2019,13.430000305175781,13.5,60900,13.520000457763672,13.4399995803833,12.31534481048584
26-09-2019,13.40999984741211,13.460000038146973,92500,13.5,13.470000267028809,12.342833518981934
27-09-2019,13.449999809265137,13.5,77700,13.550000190734863,13.550000190734863,12.416139602661133
30-09-2019,13.5,13.550000190734863,75900,13.59000015258789,13.569999694824219,12.434465408325195
01-10-2019,13.470000267028809,13.539999961853027,65700,13.59000015258789,13.550000190734863,12.416139602661133
02-10-2019,13.550000190734863,13.550000190734863,144800,13.640000343322754,13.630000114440918,12.489444732666016
03-10-2019,13.640000343322754,13.670000076293945,126200,13.6899995803833,13.6899995803833,12.544425964355469
04-10-2019,13.579999923706055,13.670000076293945,173600,13.729999542236328,13.6899995803833,12.544425964355469
07-10-2019,13.600000381469727,13.699999809265137,188200,13.720000267028809,13.609999656677246,12.471117973327637
08-10-2019,13.619999885559082,13.630000114440918,101000,13.739999771118164,13.6899995803833,12.544425964355469
09-10-2019,13.649999618530273,13.65999984741211,171900,13.779999732971191,13.649999618530273,12.507773399353027
10-10-2019,13.600000381469727,13.670000076293945,115500,13.6899995803833,13.680000305175781,12.535259246826172
11-10-2019,13.550000190734863,13.579999923706055,116100,13.609999656677246,13.609999656677246,12.512276649475098
14-10-2019,13.579999923706055,13.600000381469727,74600,13.640000343322754,13.619999885559082,12.521474838256836
15-10-2019,13.59000015258789,13.619999885559082,64700,13.65999984741211,13.619999885559082,12.521474838256836
16-10-2019,13.5600004196167,13.619999885559082,117400,13.84000015258789,13.579999923706055,12.484698295593262
17-10-2019,13.539999961853027,13.609999656677246,64600,13.609999656677246,13.5600004196167,12.466309547424316
18-10-2019,13.470000267028809,13.569999694824219,73000,13.569999694824219,13.489999771118164,12.401957511901855
21-10-2019,13.369999885559082,13.470000267028809,82400,13.470000267028809,13.430000305175781,12.346796989440918
22-10-2019,13.40999984741211,13.430000305175781,140600,13.529999732971191,13.489999771118164,12.401957511901855
23-10-2019,13.40999984741211,13.479999542236328,99300,13.520000457763672,13.4399995803833,12.355988502502441
24-10-2019,13.40999984741211,13.420000076293945,34600,13.479999542236328,13.420000076293945,12.337603569030762
25-10-2019,13.369999885559082,13.399999618530273,39800,13.449999809265137,13.390000343322754,12.310022354125977
28-10-2019,13.260000228881836,13.380000114440918,124100,13.380000114440918,13.260000228881836,12.190507888793945
29-10-2019,13.260000228881836,13.260000228881836,66600,13.350000381469727,13.350000381469727,12.273250579833984
30-10-2019,13.329999923706055,13.329999923706055,101900,13.420000076293945,13.390000343322754,12.310022354125977
31-10-2019,13.40999984741211,13.4399995803833,103800,13.479999542236328,13.470000267028809,12.38356876373291
01-11-2019,13.420000076293945,13.460000038146973,53900,13.470000267028809,13.470000267028809,12.38356876373291
04-11-2019,13.369999885559082,13.399999618530273,74100,13.420000076293945,13.399999618530273,12.319212913513184
05-11-2019,13.34000015258789,13.359999656677246,82400,13.399999618530273,13.350000381469727,12.273250579833984
06-11-2019,13.359999656677246,13.380000114440918,170100,13.489999771118164,13.489999771118164,12.401957511901855
07-11-2019,13.3100004196167,13.399999618530273,140100,13.460000038146973,13.399999618530273,12.319212913513184
08-11-2019,13.329999923706055,13.329999923706055,52400,13.40999984741211,13.399999618530273,12.319212913513184
11-11-2019,13.329999923706055,13.329999923706055,66900,13.380000114440918,13.380000114440918,12.300827026367188
12-11-2019,13.279999732971191,13.399999618530273,80200,13.399999618530273,13.300000190734863,12.227280616760254
13-11-2019,13.270000457763672,13.3100004196167,126300,13.380000114440918,13.319999694824219,12.245667457580566
14-11-2019,13.279999732971191,13.279999732971191,129200,13.34000015258789,13.319999694824219,12.287178039550781
15-11-2019,13.25,13.260000228881836,94000,13.3100004196167,13.289999961853027,12.259506225585938
18-11-2019,13.25,13.279999732971191,128300,13.329999923706055,13.279999732971191,12.250279426574707
19-11-2019,13.260000228881836,13.300000190734863,131500,13.319999694824219,13.270000457763672,12.241057395935059
20-11-2019,13.279999732971191,13.279999732971191,54500,13.359999656677246,13.359999656677246,12.324074745178223
21-11-2019,13.329999923706055,13.34000015258789,96700,13.380000114440918,13.359999656677246,12.324074745178223
22-11-2019,13.329999923706055,13.329999923706055,54600,13.380000114440918,13.350000381469727,12.314854621887207
25-11-2019,13.34000015258789,13.34000015258789,89000,13.420000076293945,13.359999656677246,12.324074745178223
26-11-2019,13.369999885559082,13.380000114440918,59400,13.420000076293945,13.420000076293945,12.379426002502441
27-11-2019,13.40999984741211,13.420000076293945,136800,13.479999542236328,13.430000305175781,12.388650894165039
29-11-2019,13.399999618530273,13.399999618530273,21100,13.489999771118164,13.479999542236328,12.434771537780762
02-12-2019,13.40999984741211,13.460000038146973,78700,13.460000038146973,13.420000076293945,12.379426002502441
03-12-2019,13.420000076293945,13.430000305175781,79400,13.479999542236328,13.460000038146973,12.416322708129883
04-12-2019,13.460000038146973,13.470000267028809,113700,13.5,13.470000267028809,12.425546646118164
05-12-2019,13.430000305175781,13.460000038146973,138500,13.520000457763672,13.449999809265137,12.407096862792969
06-12-2019,13.4399995803833,13.4399995803833,65300,13.479999542236328,13.460000038146973,12.416322708129883
09-12-2019,13.449999809265137,13.460000038146973,120900,13.5,13.460000038146973,12.416322708129883
10-12-2019,13.449999809265137,13.449999809265137,81000,13.489999771118164,13.470000267028809,12.425546646118164
11-12-2019,13.470000267028809,13.470000267028809,142200,13.539999961853027,13.520000457763672,12.471673965454102
12-12-2019,13.470000267028809,13.539999961853027,97600,13.600000381469727,13.489999771118164,12.443998336791992
13-12-2019,13.4399995803833,13.4399995803833,82700,13.5,13.470000267028809,12.467137336730957
16-12-2019,13.449999809265137,13.460000038146973,85200,13.520000457763672,13.449999809265137,12.448622703552246
17-12-2019,13.430000305175781,13.460000038146973,126800,13.470000267028809,13.460000038146973,12.457880973815918
18-12-2019,13.430000305175781,13.449999809265137,121500,13.470000267028809,13.4399995803833,12.43936824798584
19-12-2019,13.420000076293945,13.420000076293945,132300,13.5,13.460000038146973,12.457880973815918
20-12-2019,13.449999809265137,13.449999809265137,62700,13.5,13.489999771118164,12.485648155212402
23-12-2019,13.460000038146973,13.489999771118164,84300,13.510000228881836,13.460000038146973,12.457880973815918
24-12-2019,13.460000038146973,13.460000038146973,34700,13.5,13.5,12.494901657104492
26-12-2019,13.470000267028809,13.5,95300,13.520000457763672,13.489999771118164,12.485648155212402
27-12-2019,13.470000267028809,13.489999771118164,89500,13.539999961853027,13.529999732971191,12.522669792175293
30-12-2019,13.449999809265137,13.5,143000,13.520000457763672,13.520000457763672,12.513415336608887
31-12-2019,13.479999542236328,13.529999732971191,134800,13.539999961853027,13.5,12.494901657104492
02-01-2020,13.489999771118164,13.5,95300,13.539999961853027,13.489999771118164,12.485648155212402
03-01-2020,13.5,13.5,102100,13.600000381469727,13.59000015258789,12.578201293945312
06-01-2020,13.539999961853027,13.569999694824219,91500,13.65999984741211,13.640000343322754,12.624480247497559
07-01-2020,13.640000343322754,13.65999984741211,131000,13.729999542236328,13.720000267028809,12.698524475097656
08-01-2020,13.699999809265137,13.739999771118164,120500,13.770000457763672,13.739999771118164,12.717034339904785
09-01-2020,13.729999542236328,13.739999771118164,97700,13.779999732971191,13.739999771118164,12.717034339904785
10-01-2020,13.75,13.760000228881836,130400,13.84000015258789,13.84000015258789,12.809588432312012
13-01-2020,13.800000190734863,13.8100004196167,118800,13.829999923706055,13.8100004196167,12.781822204589844
14-01-2020,13.75,13.75,94400,13.829999923706055,13.829999923706055,12.842178344726562
15-01-2020,13.800000190734863,13.84000015258789,80700,13.84000015258789,13.8100004196167,12.823607444763184
16-01-2020,13.770000457763672,13.800000190734863,94600,13.8100004196167,13.770000457763672,12.786466598510742
17-01-2020,13.760000228881836,13.770000457763672,176600,13.789999961853027,13.770000457763672,12.786466598510742
21-01-2020,13.779999732971191,13.789999961853027,235600,13.829999923706055,13.800000190734863,12.814321517944336
22-01-2020,13.800000190734863,13.800000190734863,193500,13.859999656677246,13.859999656677246,12.870038032531738
23-01-2020,13.859999656677246,13.859999656677246,145200,13.920000076293945,13.920000076293945,12.925751686096191
24-01-2020,13.899999618530273,13.920000076293945,180800,14.0,13.979999542236328,12.981466293334961
27-01-2020,13.970000267028809,13.970000267028809,81200,14.0,14.0,13.00003719329834
28-01-2020,13.9399995803833,13.979999542236328,93900,13.979999542236328,13.970000267028809,12.972179412841797
29-01-2020,13.970000267028809,13.979999542236328,66100,14.020000457763672,14.0,13.00003719329834
30-01-2020,13.989999771118164,14.010000228881836,105000,14.020000457763672,13.989999771118164,12.990751266479492
31-01-2020,14.0,14.0,89400,14.0600004196167,14.050000190734863,13.046467781066895
03-02-2020,13.989999771118164,14.0600004196167,76600,14.0600004196167,14.010000228881836,13.009324073791504
04-02-2020,13.949999809265137,14.0,77800,14.0,13.970000267028809,12.972179412841797
05-02-2020,13.90999984741211,13.949999809265137,199900,13.979999542236328,13.920000076293945,12.925751686096191
06-02-2020,13.90999984741211,13.90999984741211,104600,13.960000038146973,13.930000305175781,12.935038566589355
07-02-2020,13.9399995803833,13.9399995803833,100900,13.989999771118164,13.989999771118164,12.990751266479492
10-02-2020,13.989999771118164,13.989999771118164,116800,14.050000190734863,14.029999732971191,13.027894020080566
11-02-2020,13.979999542236328,14.020000457763672,122300,14.039999961853027,13.979999542236328,12.981466293334961
12-02-2020,13.9399995803833,13.979999542236328,234700,14.039999961853027,13.949999809265137,12.95361042022705
13-02-2020,13.899999618530273,13.899999618530273,127700,13.970000267028809,13.949999809265137,12.995532035827637
14-02-2020,13.920000076293945,13.920000076293945,151800,13.989999771118164,13.989999771118164,13.032791137695312
18-02-2020,13.979999542236328,13.989999771118164,90500,14.020000457763672,14.0,13.042106628417969
19-02-2020,13.989999771118164,13.989999771118164,96100,14.029999732971191,14.020000457763672,13.060737609863281
20-02-2020,14.0,14.0,98700,14.050000190734863,14.050000190734863,13.088688850402832
21-02-2020,14.0600004196167,14.069999694824219,342800,14.149999618530273,14.109999656677246,13.144583702087402
24-02-2020,14.130000114440918,14.130000114440918,162600,14.180000305175781,14.149999618530273,13.181845664978027
25-02-2020,14.119999885559082,14.119999885559082,181100,14.1899995803833,14.1899995803833,13.219107627868652
26-02-2020,14.1899995803833,14.1899995803833,252800,14.229999542236328,14.199999809265137,13.228424072265625
27-02-2020,14.149999618530273,14.180000305175781,397900,14.220000267028809,14.170000076293945,13.200477600097656
28-02-2020,14.079999923706055,14.119999885559082,733500,14.15999984741211,14.100000381469727,13.135268211364746
02-03-2020,14.100000381469727,14.119999885559082,312900,14.300000190734863,14.1899995803833,13.219107627868652
03-03-2020,14.15999984741211,14.1899995803833,156200,14.300000190734863,14.210000038146973,13.237741470336914
04-03-2020,14.1899995803833,14.210000038146973,381300,14.5,14.470000267028809,13.479950904846191
05-03-2020,14.40999984741211,14.430000305175781,142000,14.5,14.460000038146973,13.470636367797852
06-03-2020,14.380000114440918,14.390000343322754,352300,14.5,14.479999542236328,13.489265441894531
09-03-2020,14.140000343322754,14.449999809265137,359500,14.470000267028809,14.15999984741211,13.191161155700684
10-03-2020,14.029999732971191,14.199999809265137,207300,14.210000038146973,14.0600004196167,13.098006248474121
11-03-2020,13.569999694824219,14.039999961853027,213000,14.039999961853027,13.649999618530273,12.716057777404785
12-03-2020,12.25,13.180000305175781,500000,13.479999542236328,12.510000228881836,11.65405559539795
13-03-2020,12.520000457763672,12.579999923706055,377200,12.979999542236328,12.8100004196167,11.976612091064453
16-03-2020,11.6899995803833,11.6899995803833,396800,12.59000015258789,11.869999885559082,11.09776496887207
17-03-2020,11.8100004196167,11.8100004196167,817800,12.75,11.989999771118164,11.209959030151367
18-03-2020,10.699999809265137,11.600000381469727,487400,11.829999923706055,11.149999618530273,10.424605369567871
19-03-2020,9.649999618530273,12.300000190734863,461900,12.300000190734863,11.350000381469727,10.611597061157227
20-03-2020,11.0,11.319999694824219,493300,11.880000114440918,11.34000015258789,10.60224723815918
23-03-2020,10.279999732971191,11.220000267028809,450300,11.699999809265137,10.6899995803833,9.994534492492676
24-03-2020,10.800000190734863,10.800000190734863,884000,11.149999618530273,11.079999923706055,10.359162330627441
25-03-2020,11.109999656677246,11.109999656677246,326900,12.069999694824219,12.020000457763672,11.238008499145508
26-03-2020,12.0600004196167,12.069999694824219,345600,12.75,12.699999809265137,11.873767852783203
27-03-2020,12.279999732971191,12.430000305175781,135500,12.770000457763672,12.6899995803833,11.864419937133789
30-03-2020,12.529999732971191,12.579999923706055,400400,12.890000343322754,12.779999732971191,11.948562622070312
31-03-2020,12.619999885559082,12.720000267028809,366900,12.899999618530273,12.779999732971191,11.948562622070312
01-04-2020,12.25,12.699999809265137,127600,12.699999809265137,12.380000114440918,11.574585914611816
02-04-2020,12.069999694824219,12.25,122800,12.350000381469727,12.15999984741211,11.368898391723633
03-04-2020,11.90999984741211,12.300000190734863,69600,12.300000190734863,12.010000228881836,11.228655815124512
06-04-2020,12.010000228881836,12.010000228881836,100400,12.300000190734863,12.100000381469727,11.3128023147583
07-04-2020,12.119999885559082,12.210000038146973,103800,12.279999732971191,12.220000267028809,11.424995422363281
08-04-2020,12.180000305175781,12.25,208000,12.399999618530273,12.399999618530273,11.59328556060791
09-04-2020,12.449999809265137,12.510000228881836,327000,12.899999618530273,12.510000228881836,11.696130752563477
13-04-2020,12.319999694824219,12.5,343600,12.539999961853027,12.399999618530273,11.59328556060791
14-04-2020,12.4399995803833,12.449999809265137,255600,12.520000457763672,12.470000267028809,11.70119571685791
15-04-2020,12.390000343322754,12.40999984741211,77800,12.529999732971191,12.529999732971191,11.757495880126953
16-04-2020,12.539999961853027,12.609999656677246,235700,12.649999618530273,12.609999656677246,11.832562446594238
17-04-2020,12.359999656677246,12.600000381469727,114700,12.649999618530273,12.609999656677246,11.832562446594238
20-04-2020,12.479999542236328,12.5600004196167,75300,12.630000114440918,12.59000015258789,11.813796997070312
21-04-2020,12.420000076293945,12.569999694824219,33400,12.569999694824219,12.510000228881836,11.738729476928711
22-04-2020,12.479999542236328,12.479999542236328,162400,12.630000114440918,12.569999694824219,11.795027732849121
23-04-2020,12.420000076293945,12.569999694824219,194100,12.569999694824219,12.479999542236328,11.710577964782715
24-04-2020,12.109999656677246,12.520000457763672,121600,12.529999732971191,12.170000076293945,11.41969108581543
27-04-2020,12.0,12.180000305175781,125000,12.180000305175781,12.029999732971191,11.288321495056152
28-04-2020,11.850000381469727,12.050000190734863,233500,12.079999923706055,11.859999656677246,11.128802299499512
29-04-2020,11.859999656677246,11.859999656677246,114800,12.069999694824219,12.020000457763672,11.278939247131348
30-04-2020,11.960000038146973,12.020000457763672,178300,12.039999961853027,12.020000457763672,11.278939247131348
01-05-2020,12.020000457763672,12.079999923706055,42600,12.130000114440918,12.130000114440918,11.38215446472168
04-05-2020,12.100000381469727,12.100000381469727,53100,12.239999771118164,12.199999809265137,11.447840690612793
05-05-2020,12.25,12.25,65400,12.359999656677246,12.350000381469727,11.588590621948242
06-05-2020,12.34000015258789,12.34000015258789,43500,12.4399995803833,12.359999656677246,11.597977638244629
07-05-2020,12.329999923706055,12.329999923706055,58500,12.4399995803833,12.390000343322754,11.62612533569336
08-05-2020,12.329999923706055,12.4399995803833,83100,12.4399995803833,12.399999618530273,11.63551139831543
11-05-2020,12.270000457763672,12.270000457763672,32100,12.390000343322754,12.350000381469727,11.588590621948242
12-05-2020,12.34000015258789,12.350000381469727,50700,12.390000343322754,12.350000381469727,11.588590621948242
13-05-2020,12.109999656677246,12.369999885559082,158700,12.420000076293945,12.149999618530273,11.400923728942871
14-05-2020,11.949999809265137,11.949999809265137,162000,12.15999984741211,12.119999885559082,11.414581298828125
15-05-2020,12.069999694824219,12.069999694824219,73300,12.199999809265137,12.170000076293945,11.461668014526367
18-05-2020,12.149999618530273,12.210000038146973,84500,12.25,12.180000305175781,11.471088409423828
19-05-2020,12.149999618530273,12.170000076293945,191300,12.350000381469727,12.350000381469727,11.631192207336426
20-05-2020,12.300000190734863,12.329999923706055,89700,12.4399995803833,12.4399995803833,11.71595287322998
21-05-2020,12.380000114440918,12.380000114440918,79400,12.489999771118164,12.470000267028809,11.744207382202148
22-05-2020,12.460000038146973,12.460000038146973,51200,12.579999923706055,12.579999923706055,11.84780502319336
26-05-2020,12.579999923706055,12.6899995803833,46200,12.6899995803833,12.600000381469727,11.866641998291016
27-05-2020,12.680000305175781,12.720000267028809,119600,12.779999732971191,12.75,12.00791072845459
28-05-2020,12.75,12.75,189600,12.930000305175781,12.869999885559082,12.120926856994629
29-05-2020,12.779999732971191,12.779999732971191,101000,13.029999732971191,12.9399995803833,12.186853408813477
01-06-2020,12.789999961853027,12.989999771118164,64400,13.010000228881836,12.970000267028809,12.215106010437012
02-06-2020,12.979999542236328,13.130000114440918,83200,13.130000114440918,13.0,12.24336051940918
03-06-2020,12.930000305175781,13.050000190734863,94700,13.079999923706055,12.9399995803833,12.186853408813477
04-06-2020,12.760000228881836,12.970000267028809,111600,12.970000267028809,12.829999923706055,12.083253860473633
05-06-2020,12.84000015258789,12.850000381469727,70100,12.979999542236328,12.859999656677246,12.111509323120117
08-06-2020,12.819999694824219,12.880000114440918,58600,12.930000305175781,12.930000305175781,12.177434921264648
09-06-2020,12.84000015258789,12.920000076293945,76100,12.930000305175781,12.869999885559082,12.120926856994629
10-06-2020,12.770000457763672,12.84000015258789,187200,12.90999984741211,12.90999984741211,12.158596992492676
11-06-2020,12.699999809265137,12.699999809265137,92600,12.819999694824219,12.75,12.00791072845459
12-06-2020,12.729999542236328,12.729999542236328,39500,12.859999656677246,12.8100004196167,12.106675148010254
15-06-2020,12.699999809265137,12.779999732971191,248300,12.850000381469727,12.699999809265137,12.002713203430176
16-06-2020,12.720000267028809,12.8100004196167,101900,12.829999923706055,12.760000228881836,12.059420585632324
17-06-2020,12.6899995803833,12.829999923706055,75400,12.829999923706055,12.739999771118164,12.04051685333252
18-06-2020,12.670000076293945,12.670000076293945,56000,12.75,12.729999542236328,12.031065940856934
19-06-2020,12.729999542236328,12.760000228881836,136200,12.829999923706055,12.760000228881836,12.059420585632324
22-06-2020,12.770000457763672,12.8100004196167,119300,12.850000381469727,12.829999923706055,12.125575065612793
23-06-2020,12.789999961853027,12.880000114440918,104400,12.9399995803833,12.899999618530273,12.191731452941895
24-06-2020,12.84000015258789,12.84000015258789,175700,12.970000267028809,12.949999809265137,12.238986015319824
25-06-2020,12.880000114440918,12.880000114440918,67800,13.0,12.970000267028809,12.257888793945312
26-06-2020,12.899999618530273,13.0,40600,13.0,12.930000305175781,12.220086097717285
29-06-2020,12.869999885559082,12.9399995803833,55700,12.989999771118164,12.989999771118164,12.2767915725708
30-06-2020,12.890000343322754,12.960000038146973,87400,13.020000457763672,13.020000457763672,12.305145263671875
01-07-2020,13.0,13.0600004196167,104100,13.079999923706055,13.079999923706055,12.36185073852539
02-07-2020,13.010000228881836,13.079999923706055,79800,13.109999656677246,13.109999656677246,12.390203475952148
06-07-2020,13.010000228881836,13.050000190734863,115900,13.180000305175781,13.149999618530273,12.42800521850586
07-07-2020,13.100000381469727,13.100000381469727,63100,13.3100004196167,13.300000190734863,12.569769859313965
08-07-2020,13.289999961853027,13.329999923706055,1213200,13.369999885559082,13.350000381469727,12.617027282714844
09-07-2020,13.329999923706055,13.34000015258789,70800,13.40999984741211,13.329999923706055,12.598125457763672
10-07-2020,13.3100004196167,13.3100004196167,51500,13.460000038146973,13.4399995803833,12.7020845413208
13-07-2020,13.449999809265137,13.449999809265137,104200,13.550000190734863,13.5,12.758790016174316
14-07-2020,13.329999923706055,13.5,91600,13.5,13.369999885559082,12.677718162536621
15-07-2020,13.350000381469727,13.390000343322754,59800,13.460000038146973,13.380000114440918,12.687200546264648
16-07-2020,13.34000015258789,13.34000015258789,44800,13.399999618530273,13.359999656677246,12.668235778808594
17-07-2020,13.350000381469727,13.350000381469727,61700,13.40999984741211,13.380000114440918,12.687200546264648
20-07-2020,13.319999694824219,13.359999656677246,89500,13.420000076293945,13.359999656677246,12.668235778808594
21-07-2020,13.359999656677246,13.399999618530273,34600,13.40999984741211,13.380000114440918,12.687200546264648
22-07-2020,13.380000114440918,13.40999984741211,69800,13.449999809265137,13.430000305175781,12.73460865020752
23-07-2020,13.40999984741211,13.449999809265137,23700,13.460000038146973,13.430000305175781,12.73460865020752
24-07-2020,13.380000114440918,13.4399995803833,84100,13.5,13.479999542236328,12.782021522521973
27-07-2020,13.399999618530273,13.510000228881836,46100,13.510000228881836,13.399999618530273,12.706162452697754
28-07-2020,13.369999885559082,13.420000076293945,87200,13.470000267028809,13.449999809265137,12.75357437133789
29-07-2020,13.449999809265137,13.479999542236328,48200,13.489999771118164,13.479999542236328,12.782021522521973
30-07-2020,13.40999984741211,13.4399995803833,91300,13.510000228881836,13.4399995803833,12.74409294128418
31-07-2020,13.479999542236328,13.539999961853027,102900,13.550000190734863,13.550000190734863,12.848398208618164
03-08-2020,13.4399995803833,13.59000015258789,75800,13.670000076293945,13.65999984741211,12.952701568603516
04-08-2020,13.65999984741211,13.670000076293945,118200,13.829999923706055,13.75,13.038042068481445
05-08-2020,13.710000038146973,13.710000038146973,83900,13.819999694824219,13.8100004196167,13.094935417175293
06-08-2020,13.789999961853027,13.850000381469727,60400,13.869999885559082,13.829999923706055,13.113900184631348
07-08-2020,13.789999961853027,13.869999885559082,62400,13.890000343322754,13.819999694824219,13.104418754577637
10-08-2020,13.819999694824219,13.84000015258789,31000,13.890000343322754,13.859999656677246,13.142345428466797
11-08-2020,13.819999694824219,13.899999618530273,91300,13.899999618530273,13.84000015258789,13.123381614685059
12-08-2020,13.760000228881836,13.760000228881836,140400,13.850000381469727,13.800000190734863,13.085453033447266
13-08-2020,13.670000076293945,13.729999542236328,63000,13.789999961853027,13.699999809265137,13.032655715942383
14-08-2020,13.6899995803833,13.720000267028809,46300,13.739999771118164,13.699999809265137,13.032655715942383
17-08-2020,13.670000076293945,13.75,68700,13.75,13.720000267028809,13.051682472229004
18-08-2020,13.6899995803833,13.699999809265137,48100,13.729999542236328,13.699999809265137,13.032655715942383
19-08-2020,13.6899995803833,13.710000038146973,113600,13.789999961853027,13.760000228881836,13.089733123779297
20-08-2020,13.670000076293945,13.760000228881836,117900,13.760000228881836,13.680000305175781,13.013630867004395
21-08-2020,13.529999732971191,13.6899995803833,104100,13.699999809265137,13.529999732971191,12.870933532714844
24-08-2020,13.510000228881836,13.539999961853027,61700,13.640000343322754,13.520000457763672,12.861424446105957
25-08-2020,13.369999885559082,13.489999771118164,43600,13.520000457763672,13.399999618530273,12.74726676940918
26-08-2020,13.300000190734863,13.359999656677246,45400,13.390000343322754,13.319999694824219,12.671164512634277
27-08-2020,13.279999732971191,13.3100004196167,96900,13.350000381469727,13.300000190734863,12.652139663696289
28-08-2020,13.300000190734863,13.319999694824219,49000,13.380000114440918,13.380000114440918,12.728242874145508
31-08-2020,13.40999984741211,13.40999984741211,83400,13.449999809265137,13.4399995803833,12.785319328308105
01-09-2020,13.399999618530273,13.479999542236328,77700,13.5,13.479999542236328,12.823372840881348
02-09-2020,13.479999542236328,13.479999542236328,99900,13.619999885559082,13.619999885559082,12.956550598144531
03-09-2020,13.430000305175781,13.550000190734863,65500,13.59000015258789,13.479999542236328,12.823372840881348
04-09-2020,13.300000190734863,13.479999542236328,90600,13.479999542236328,13.359999656677246,12.709218978881836
08-09-2020,13.3100004196167,13.399999618530273,108500,13.399999618530273,13.34000015258789,12.690191268920898
09-09-2020,13.350000381469727,13.390000343322754,41500,13.430000305175781,13.430000305175781,12.775808334350586
10-09-2020,13.430000305175781,13.449999809265137,79400,13.529999732971191,13.449999809265137,12.794835090637207
11-09-2020,13.40999984741211,13.449999809265137,87200,13.520000457763672,13.420000076293945,12.766294479370117
14-09-2020,13.390000343322754,13.399999618530273,52700,13.479999542236328,13.4399995803833,12.827855110168457
15-09-2020,13.199999809265137,13.4399995803833,49500,13.470000267028809,13.369999885559082,12.7610445022583
16-09-2020,13.350000381469727,13.369999885559082,38700,13.399999618530273,13.380000114440918,12.770588874816895
17-09-2020,13.350000381469727,13.380000114440918,81400,13.449999809265137,13.420000076293945,12.808767318725586
18-09-2020,13.40999984741211,13.470000267028809,98200,13.470000267028809,13.40999984741211,12.799224853515625
21-09-2020,13.350000381469727,13.369999885559082,45300,13.4399995803833,13.399999618530273,12.789680480957031
22-09-2020,13.329999923706055,13.40999984741211,71200,13.40999984741211,13.359999656677246,12.751500129699707
23-09-2020,13.329999923706055,13.390000343322754,63400,13.390000343322754,13.350000381469727,12.741955757141113
24-09-2020,13.270000457763672,13.329999923706055,72100,13.350000381469727,13.300000190734863,12.694232940673828
25-09-2020,13.229999542236328,13.229999542236328,62100,13.329999923706055,13.289999961853027,12.68468952178955
28-09-2020,13.289999961853027,13.3100004196167,72800,13.399999618530273,13.369999885559082,12.7610445022583
29-09-2020,13.359999656677246,13.369999885559082,68400,13.40999984741211,13.399999618530273,12.789680480957031
30-09-2020,13.399999618530273,13.430000305175781,138200,13.479999542236328,13.4399995803833,12.827855110168457
01-10-2020,13.4399995803833,13.479999542236328,106400,13.510000228881836,13.460000038146973,12.846946716308594
02-10-2020,13.369999885559082,13.40999984741211,94800,13.510000228881836,13.460000038146973,12.846946716308594
05-10-2020,13.359999656677246,13.479999542236328,92700,13.489999771118164,13.390000343322754,12.780135154724121
06-10-2020,13.369999885559082,13.420000076293945,45900,13.5,13.470000267028809,12.856491088867188
07-10-2020,13.470000267028809,13.5,97600,13.5600004196167,13.470000267028809,12.856491088867188
08-10-2020,13.479999542236328,13.5,59900,13.529999732971191,13.520000457763672,12.904212951660156
09-10-2020,13.470000267028809,13.510000228881836,54500,13.550000190734863,13.470000267028809,12.856491088867188
12-10-2020,13.430000305175781,13.460000038146973,78500,13.5,13.470000267028809,12.856491088867188
13-10-2020,13.5,13.5,69700,13.550000190734863,13.550000190734863,12.932846069335938
14-10-2020,13.460000038146973,13.5,73000,13.520000457763672,13.5,12.934284210205078
15-10-2020,13.430000305175781,13.5,75000,13.5,13.4399995803833,12.87679672241211
16-10-2020,13.430000305175781,13.479999542236328,90700,13.550000190734863,13.460000038146973,12.895959854125977
19-10-2020,13.399999618530273,13.460000038146973,59600,13.470000267028809,13.40999984741211,12.848055839538574
20-10-2020,13.390000343322754,13.390000343322754,58100,13.4399995803833,13.390000343322754,12.82889461517334
21-10-2020,13.359999656677246,13.399999618530273,61400,13.399999618530273,13.380000114440918,12.81931209564209
22-10-2020,13.300000190734863,13.390000343322754,32900,13.390000343322754,13.3100004196167,12.752246856689453
23-10-2020,13.260000228881836,13.260000228881836,44200,13.3100004196167,13.289999961853027,12.733084678649902
26-10-2020,13.220000267028809,13.229999542236328,152900,13.3100004196167,13.3100004196167,12.752246856689453
27-10-2020,13.289999961853027,13.300000190734863,109500,13.34000015258789,13.289999961853027,12.733084678649902
28-10-2020,13.220000267028809,13.229999542236328,104100,13.34000015258789,13.300000190734863,12.742664337158203
29-10-2020,13.300000190734863,13.300000190734863,45000,13.359999656677246,13.319999694824219,12.76182746887207
30-10-2020,13.270000457763672,13.300000190734863,106800,13.430000305175781,13.430000305175781,12.867218971252441
02-11-2020,13.40999984741211,13.449999809265137,88800,13.479999542236328,13.460000038146973,12.895959854125977
03-11-2020,13.430000305175781,13.460000038146973,109300,13.489999771118164,13.430000305175781,12.867218971252441
04-11-2020,13.5,13.529999732971191,83100,13.609999656677246,13.600000381469727,13.0300931930542
05-11-2020,13.609999656677246,13.609999656677246,58900,13.699999809265137,13.680000305175781,13.106741905212402
06-11-2020,13.680000305175781,13.699999809265137,109300,13.720000267028809,13.680000305175781,13.106741905212402
09-11-2020,13.680000305175781,13.6899995803833,369800,13.770000457763672,13.75,13.173809051513672
10-11-2020,13.710000038146973,13.710000038146973,50700,13.779999732971191,13.75,13.173809051513672
11-11-2020,13.75,13.779999732971191,57300,13.800000190734863,13.779999732971191,13.202550888061523
12-11-2020,13.770000457763672,13.789999961853027,64200,13.819999694824219,13.819999694824219,13.240874290466309
13-11-2020,13.720000267028809,13.779999732971191,123600,13.800000190734863,13.770000457763672,13.242798805236816
16-11-2020,13.739999771118164,13.760000228881836,61300,13.789999961853027,13.770000457763672,13.242798805236816
17-11-2020,13.770000457763672,13.789999961853027,47000,13.8100004196167,13.789999961853027,13.262031555175781
18-11-2020,13.770000457763672,13.770000457763672,54900,13.880000114440918,13.8100004196167,13.281267166137695
19-11-2020,13.819999694824219,13.829999923706055,44400,13.850000381469727,13.850000381469727,13.319734573364258
20-11-2020,13.829999923706055,13.880000114440918,37600,13.880000114440918,13.829999923706055,13.300500869750977
23-11-2020,13.829999923706055,13.829999923706055,81300,13.899999618530273,13.850000381469727,13.319734573364258
24-11-2020,13.880000114440918,13.9399995803833,64100,13.9399995803833,13.880000114440918,13.348587036132812
25-11-2020,13.899999618530273,13.930000305175781,81600,13.930000305175781,13.920000076293945,13.387056350708008
27-11-2020,13.920000076293945,13.9399995803833,45900,13.949999809265137,13.920000076293945,13.387056350708008
30-11-2020,13.899999618530273,13.9399995803833,62000,13.9399995803833,13.930000305175781,13.396672248840332
01-12-2020,13.899999618530273,13.9399995803833,64900,14.0,13.949999809265137,13.415905952453613
02-12-2020,13.960000038146973,13.960000038146973,153800,14.069999694824219,14.0600004196167,13.52169418334961
03-12-2020,14.039999961853027,14.100000381469727,115900,14.119999885559082,14.119999885559082,13.57939624786377
04-12-2020,14.09000015258789,14.109999656677246,64100,14.149999618530273,14.149999618530273,13.608248710632324
07-12-2020,14.109999656677246,14.180000305175781,85800,14.180000305175781,14.109999656677246,13.569780349731445
08-12-2020,14.130000114440918,14.149999618530273,133300,14.15999984741211,14.140000343322754,13.598630905151367
09-12-2020,14.15999984741211,14.180000305175781,118900,14.239999771118164,14.239999771118164,13.694804191589355
10-12-2020,14.1899995803833,14.199999809265137,80900,14.229999542236328,14.220000267028809,13.675568580627441
11-12-2020,14.199999809265137,14.199999809265137,113500,14.25,14.239999771118164,13.694804191589355
14-12-2020,14.170000076293945,14.170000076293945,59600,14.229999542236328,14.170000076293945,13.67742919921875
15-12-2020,14.140000343322754,14.180000305175781,68600,14.220000267028809,14.149999618530273,13.658124923706055
16-12-2020,13.960000038146973,14.149999618530273,171800,14.170000076293945,14.0,13.513339042663574
17-12-2020,13.850000381469727,13.979999542236328,130500,14.029999732971191,13.859999656677246,13.378206253051758
18-12-2020,13.890000343322754,13.890000343322754,95600,14.119999885559082,14.119999885559082,13.629169464111328
21-12-2020,14.0,14.119999885559082,137900,14.130000114440918,14.0,13.513339042663574
22-12-2020,13.949999809265137,14.079999923706055,157300,14.109999656677246,13.970000267028809,13.484382629394531
23-12-2020,14.0,14.0600004196167,139600,14.119999885559082,14.050000190734863,13.561600685119629
24-12-2020,14.069999694824219,14.09000015258789,39400,14.180000305175781,14.15999984741211,13.667776107788086
28-12-2020,14.029999732971191,14.170000076293945,150300,14.180000305175781,14.050000190734863,13.561600685119629
29-12-2020,14.079999923706055,14.100000381469727,69100,14.170000076293945,14.140000343322754,13.648473739624023
30-12-2020,14.09000015258789,14.119999885559082,101200,14.270000457763672,14.270000457763672,13.77395248413086
31-12-2020,14.289999961853027,14.329999923706055,168900,14.470000267028809,14.449999809265137,13.947696685791016
04-01-2021,14.25,14.470000267028809,150300,14.470000267028809,14.380000114440918,13.88012981414795
05-01-2021,14.289999961853027,14.369999885559082,95100,14.390000343322754,14.319999694824219,13.822214126586914
06-01-2021,14.180000305175781,14.319999694824219,59000,14.329999923706055,14.180000305175781,13.687081336975098
07-01-2021,14.119999885559082,14.199999809265137,111000,14.229999542236328,14.130000114440918,13.63882064819336
08-01-2021,14.119999885559082,14.199999809265137,80300,14.199999809265137,14.180000305175781,13.687081336975098
11-01-2021,14.149999618530273,14.1899995803833,57800,14.1899995803833,14.170000076293945,13.67742919921875
12-01-2021,14.100000381469727,14.119999885559082,131100,14.170000076293945,14.130000114440918,13.63882064819336
13-01-2021,13.90999984741211,14.149999618530273,143000,14.149999618530273,14.149999618530273,13.658124923706055
14-01-2021,14.079999923706055,14.149999618530273,136800,14.15999984741211,14.130000114440918,13.689127922058105
15-01-2021,14.09000015258789,14.149999618530273,49800,14.149999618530273,14.130000114440918,13.689127922058105
19-01-2021,14.119999885559082,14.130000114440918,146300,14.270000457763672,14.149999618530273,13.708501815795898
20-01-2021,14.149999618530273,14.210000038146973,141800,14.220000267028809,14.199999809265137,13.756941795349121
21-01-2021,14.15999984741211,14.25,84400,14.319999694824219,14.199999809265137,13.756941795349121
22-01-2021,14.149999618530273,14.220000267028809,121500,14.260000228881836,14.15999984741211,13.718189239501953
25-01-2021,14.140000343322754,14.15999984741211,100800,14.260000228881836,14.25,13.805381774902344
26-01-2021,14.1899995803833,14.270000457763672,163600,14.300000190734863,14.270000457763672,13.82475757598877
27-01-2021,14.220000267028809,14.279999732971191,170700,14.350000381469727,14.350000381469727,13.902261734008789
28-01-2021,14.3100004196167,14.34000015258789,203600,14.449999809265137,14.4399995803833,13.98945426940918
29-01-2021,14.359999656677246,14.430000305175781,72900,14.449999809265137,14.449999809265137,13.999140739440918
01-02-2021,14.420000076293945,14.449999809265137,71800,14.5,14.5,14.047582626342773
02-02-2021,14.449999809265137,14.460000038146973,93200,14.520000457763672,14.489999771118164,14.037893295288086
03-02-2021,14.460000038146973,14.470000267028809,57500,14.569999694824219,14.510000228881836,14.057270050048828
04-02-2021,14.460000038146973,14.5,93500,14.5600004196167,14.550000190734863,14.096020698547363
05-02-2021,14.550000190734863,14.550000190734863,109800,14.619999885559082,14.59000015258789,14.134772300720215
08-02-2021,14.579999923706055,14.609999656677246,139900,14.630000114440918,14.609999656677246,14.154150009155273
09-02-2021,14.569999694824219,14.609999656677246,115700,14.65999984741211,14.609999656677246,14.154150009155273
10-02-2021,14.59000015258789,14.619999885559082,188500,14.670000076293945,14.649999618530273,14.192901611328125
11-02-2021,14.649999618530273,14.649999618530273,79300,14.710000038146973,14.699999809265137,14.241340637207031
12-02-2021,14.600000381469727,14.640000343322754,74300,14.65999984741211,14.65999984741211,14.252521514892578
16-02-2021,14.5600004196167,14.640000343322754,106300,14.649999618530273,14.609999656677246,14.203910827636719
17-02-2021,14.579999923706055,14.630000114440918,130000,14.720000267028809,14.680000305175781,14.271965980529785
18-02-2021,14.539999961853027,14.640000343322754,89200,14.640000343322754,14.569999694824219,14.165021896362305
19-02-2021,14.40999984741211,14.520000457763672,105800,14.539999961853027,14.489999771118164,14.087244987487793
22-02-2021,14.140000343322754,14.479999542236328,151500,14.479999542236328,14.149999618530273,13.756697654724121
23-02-2021,13.890000343322754,14.140000343322754,201600,14.180000305175781,13.899999618530273,13.513644218444824
24-02-2021,13.84000015258789,13.880000114440918,145200,14.029999732971191,14.029999732971191,13.640031814575195
25-02-2021,13.819999694824219,14.029999732971191,144800,14.0600004196167,13.850000381469727,13.465036392211914
26-02-2021,13.779999732971191,13.880000114440918,178900,14.0,13.960000038146973,13.571977615356445
01-03-2021,13.949999809265137,14.0,116100,14.109999656677246,13.979999542236328,13.591421127319336
02-03-2021,13.9399995803833,13.970000267028809,129400,14.119999885559082,14.069999694824219,13.67892074584961
03-03-2021,13.960000038146973,14.020000457763672,150200,14.069999694824219,14.0,13.61086654663086
04-03-2021,13.899999618530273,14.020000457763672,74200,14.029999732971191,13.949999809265137,13.562254905700684
05-03-2021,13.880000114440918,13.920000076293945,250600,13.979999542236328,13.930000305175781,13.542811393737793
08-03-2021,13.930000305175781,13.949999809265137,115100,13.960000038146973,13.949999809265137,13.562254905700684
09-03-2021,13.979999542236328,13.989999771118164,75200,14.0600004196167,14.029999732971191,13.640031814575195
10-03-2021,14.0600004196167,14.069999694824219,51900,14.140000343322754,14.09000015258789,13.6983642578125
11-03-2021,14.09000015258789,14.130000114440918,68100,14.180000305175781,14.109999656677246,13.717808723449707
12-03-2021,13.960000038146973,13.979999542236328,92000,14.020000457763672,13.989999771118164,13.650968551635742
15-03-2021,13.920000076293945,13.979999542236328,184600,14.020000457763672,13.960000038146973,13.621695518493652
16-03-2021,13.9399995803833,14.039999961853027,89600,14.039999961853027,13.9399995803833,13.602179527282715
17-03-2021,13.869999885559082,13.960000038146973,67500,13.960000038146973,13.899999618530273,13.563149452209473
18-03-2021,13.8100004196167,13.899999618530273,121900,13.899999618530273,13.819999694824219,13.485089302062988
19-03-2021,13.75,13.850000381469727,89500,13.850000381469727,13.770000457763672,13.436300277709961
22-03-2021,13.760000228881836,13.770000457763672,56600,13.8100004196167,13.800000190734863,13.465574264526367
23-03-2021,13.789999961853027,13.819999694824219,53300,13.829999923706055,13.789999961853027,13.455815315246582
24-03-2021,13.800000190734863,13.829999923706055,64900,13.859999656677246,13.84000015258789,13.50460433959961
25-03-2021,13.819999694824219,13.819999694824219,183500,13.949999809265137,13.9399995803833,13.602179527282715
26-03-2021,13.90999984741211,13.960000038146973,152400,14.109999656677246,14.039999961853027,13.699756622314453
29-03-2021,14.0,14.100000381469727,124700,14.119999885559082,14.0600004196167,13.71927261352539
30-03-2021,14.069999694824219,14.069999694824219,83700,14.170000076293945,14.149999618530273,13.807090759277344
31-03-2021,14.119999885559082,14.119999885559082,169300,14.279999732971191,14.260000228881836,13.91442584991455
01-04-2021,14.289999961853027,14.329999923706055,129500,14.369999885559082,14.319999694824219,13.972970962524414
05-04-2021,14.170000076293945,14.359999656677246,77900,14.359999656677246,14.239999771118164,13.894908905029297
06-04-2021,14.199999809265137,14.279999732971191,79800,14.300000190734863,14.239999771118164,13.894908905029297
07-04-2021,14.25,14.289999961853027,105000,14.329999923706055,14.319999694824219,13.972970962524414
08-04-2021,14.319999694824219,14.369999885559082,385600,14.369999885559082,14.34000015258789,13.992487907409668
09-04-2021,14.300000190734863,14.369999885559082,112900,14.369999885559082,14.300000190734863,13.953455924987793
12-04-2021,14.319999694824219,14.319999694824219,66900,14.359999656677246,14.350000381469727,14.00224494934082
13-04-2021,14.319999694824219,14.350000381469727,122800,14.390000343322754,14.369999885559082,14.021759986877441
14-04-2021,14.319999694824219,14.319999694824219,95000,14.350000381469727,14.34000015258789,14.042815208435059
15-04-2021,14.289999961853027,14.350000381469727,108100,14.380000114440918,14.350000381469727,14.052607536315918
16-04-2021,14.319999694824219,14.390000343322754,374200,14.390000343322754,14.329999923706055,14.03302001953125
19-04-2021,14.319999694824219,14.319999694824219,83400,14.350000381469727,14.350000381469727,14.052607536315918
20-04-2021,14.319999694824219,14.329999923706055,82500,14.359999656677246,14.350000381469727,14.052607536315918
21-04-2021,14.329999923706055,14.329999923706055,90900,14.369999885559082,14.350000381469727,14.052607536315918
22-04-2021,14.329999923706055,14.350000381469727,69800,14.369999885559082,14.350000381469727,14.052607536315918
23-04-2021,14.34000015258789,14.34000015258789,84700,14.4399995803833,14.399999618530273,14.101570129394531
26-04-2021,14.350000381469727,14.399999618530273,99600,14.430000305175781,14.420000076293945,14.121156692504883
27-04-2021,14.359999656677246,14.399999618530273,65700,14.399999618530273,14.359999656677246,14.062399864196777
28-04-2021,14.319999694824219,14.34000015258789,89400,14.399999618530273,14.350000381469727,14.052607536315918
29-04-2021,14.229999542236328,14.350000381469727,139600,14.390000343322754,14.260000228881836,13.964471817016602
30-04-2021,14.25,14.279999732971191,89100,14.329999923706055,14.329999923706055,14.03302001953125
03-05-2021,14.3100004196167,14.359999656677246,121700,14.4399995803833,14.399999618530273,14.101570129394531
04-05-2021,14.399999618530273,14.4399995803833,108200,14.449999809265137,14.449999809265137,14.150534629821777
05-05-2021,14.430000305175781,14.449999809265137,92600,14.489999771118164,14.479999542236328,14.179911613464355
06-05-2021,14.479999542236328,14.520000457763672,96600,14.529999732971191,14.510000228881836,14.209291458129883
07-05-2021,14.529999732971191,14.5600004196167,92000,14.569999694824219,14.569999694824219,14.268047332763672
10-05-2021,14.5600004196167,14.619999885559082,66800,14.619999885559082,14.579999923706055,14.277840614318848
11-05-2021,14.550000190734863,14.579999923706055,130300,14.600000381469727,14.5600004196167,14.258255004882812
12-05-2021,14.300000190734863,14.550000190734863,110900,14.569999694824219,14.359999656677246,14.062399864196777
13-05-2021,14.220000267028809,14.350000381469727,170600,14.40999984741211,14.25,14.00539493560791
14-05-2021,14.279999732971191,14.3100004196167,54200,14.359999656677246,14.34000015258789,14.093851089477539
17-05-2021,14.3100004196167,14.369999885559082,65300,14.390000343322754,14.3100004196167,14.06436538696289
18-05-2021,14.319999694824219,14.319999694824219,63000,14.380000114440918,14.319999694824219,14.074193000793457
19-05-2021,14.3100004196167,14.34000015258789,58700,14.420000076293945,14.420000076293945,14.172477722167969
20-05-2021,14.430000305175781,14.449999809265137,56800,14.510000228881836,14.479999542236328,14.231446266174316
21-05-2021,14.460000038146973,14.539999961853027,85800,14.539999961853027,14.489999771118164,14.241275787353516
24-05-2021,14.380000114440918,14.5600004196167,258100,14.5600004196167,14.399999618530273,14.152819633483887
25-05-2021,14.449999809265137,14.470000267028809,116700,14.5,14.479999542236328,14.231446266174316
26-05-2021,14.460000038146973,14.5,59000,14.520000457763672,14.510000228881836,14.260932922363281
27-05-2021,14.510000228881836,14.510000228881836,191100,14.699999809265137,14.640000343322754,14.388701438903809
28-05-2021,14.640000343322754,14.699999809265137,93400,14.699999809265137,14.670000076293945,14.418187141418457
01-06-2021,14.670000076293945,14.75,82500,14.75,14.680000305175781,14.428013801574707
02-06-2021,14.6899995803833,14.699999809265137,116400,14.720000267028809,14.6899995803833,14.437841415405273
03-06-2021,14.6899995803833,14.729999542236328,127400,14.739999771118164,14.729999542236328,14.477156639099121
04-06-2021,14.710000038146973,14.75,76900,14.770000457763672,14.739999771118164,14.486983299255371
07-06-2021,14.6899995803833,14.720000267028809,78200,14.760000228881836,14.699999809265137,14.447669982910156
08-06-2021,14.710000038146973,14.739999771118164,98100,14.75,14.729999542236328,14.477156639099121
09-06-2021,14.720000267028809,14.739999771118164,147000,14.800000190734863,14.800000190734863,14.545955657958984
10-06-2021,14.770000457763672,14.850000381469727,145200,14.850000381469727,14.829999923706055,14.575439453125
11-06-2021,14.850000381469727,14.869999885559082,92200,14.890000343322754,14.880000114440918,14.624581336975098
14-06-2021,14.789999961853027,14.859999656677246,87900,14.859999656677246,14.819999694824219,14.61619758605957
15-06-2021,14.710000038146973,14.84000015258789,135100,14.880000114440918,14.739999771118164,14.537297248840332
16-06-2021,14.699999809265137,14.729999542236328,65300,14.800000190734863,14.699999809265137,14.497846603393555
17-06-2021,14.720000267028809,14.739999771118164,84600,14.789999961853027,14.760000228881836,14.557024002075195
18-06-2021,14.729999542236328,14.75,34000,14.789999961853027,14.789999961853027,14.586609840393066
21-06-2021,14.739999771118164,14.789999961853027,114800,14.8100004196167,14.75,14.547159194946289
22-06-2021,14.760000228881836,14.800000190734863,65700,14.8100004196167,14.779999732971191,14.576746940612793
23-06-2021,14.770000457763672,14.829999923706055,78100,14.829999923706055,14.789999961853027,14.586609840393066
24-06-2021,14.760000228881836,14.800000190734863,70600,14.829999923706055,14.8100004196167,14.60633659362793
25-06-2021,14.789999961853027,14.819999694824219,35000,14.850000381469727,14.800000190734863,14.596471786499023
28-06-2021,14.779999732971191,14.850000381469727,59600,14.850000381469727,14.84000015258789,14.6359224319458
29-06-2021,14.829999923706055,14.880000114440918,51400,14.880000114440918,14.859999656677246,14.655647277832031
30-06-2021,14.850000381469727,14.880000114440918,102000,14.90999984741211,14.850000381469727,14.645784378051758
01-07-2021,14.859999656677246,14.899999618530273,102300,14.9399995803833,14.859999656677246,14.655647277832031
02-07-2021,14.880000114440918,14.899999618530273,92400,14.930000305175781,14.90999984741211,14.70495891571045
06-07-2021,14.899999618530273,14.899999618530273,44300,14.949999809265137,14.930000305175781,14.724685668945312
07-07-2021,14.90999984741211,14.970000267028809,70600,14.970000267028809,14.970000267028809,14.764135360717773
08-07-2021,14.9399995803833,14.949999809265137,151500,15.020000457763672,15.020000457763672,14.813447952270508
09-07-2021,15.039999961853027,15.0600004196167,58200,15.069999694824219,15.050000190734863,14.843034744262695
12-07-2021,14.920000076293945,15.0600004196167,141700,15.109999656677246,15.010000228881836,14.803584098815918
13-07-2021,14.970000267028809,15.050000190734863,123900,15.140000343322754,15.069999694824219,14.86275863647461
14-07-2021,14.979999542236328,15.079999923706055,45700,15.079999923706055,15.0,14.844945907592773
15-07-2021,14.90999984741211,15.039999961853027,106500,15.039999961853027,14.9399995803833,14.785565376281738
16-07-2021,14.880000114440918,14.979999542236328,88600,15.0,14.989999771118164,14.83504867553711
19-07-2021,14.899999618530273,14.979999542236328,118600,15.020000457763672,14.970000267028809,14.815256118774414
20-07-2021,14.9399995803833,15.0,42800,15.039999961853027,15.029999732971191,14.874635696411133
21-07-2021,14.989999771118164,14.989999771118164,65200,15.0600004196167,15.0,14.844945907592773
22-07-2021,14.960000038146973,15.039999961853027,63600,15.0600004196167,15.010000228881836,14.854842185974121
23-07-2021,15.0,15.050000190734863,69700,15.050000190734863,15.010000228881836,14.854842185974121
26-07-2021,15.020000457763672,15.020000457763672,38300,15.069999694824219,15.0600004196167,14.904325485229492
27-07-2021,14.979999542236328,15.069999694824219,101600,15.069999694824219,15.0,14.844945907592773
28-07-2021,14.960000038146973,14.989999771118164,111100,15.09000015258789,15.069999694824219,14.914220809936523
29-07-2021,15.079999923706055,15.09000015258789,66000,15.119999885559082,15.100000381469727,14.943912506103516
30-07-2021,15.050000190734863,15.100000381469727,104400,15.149999618530273,15.119999885559082,14.963705062866211
02-08-2021,15.100000381469727,15.15999984741211,90500,15.1899995803833,15.149999618530273,14.99339485168457
03-08-2021,14.949999809265137,15.140000343322754,250800,15.1899995803833,15.09000015258789,14.934015274047852
04-08-2021,15.029999732971191,15.119999885559082,114200,15.119999885559082,15.039999961853027,14.88453197479248
05-08-2021,15.029999732971191,15.079999923706055,110200,15.100000381469727,15.050000190734863,14.894429206848145
06-08-2021,15.029999732971191,15.050000190734863,79700,15.100000381469727,15.079999923706055,14.924118995666504
09-08-2021,15.079999923706055,15.100000381469727,58400,15.119999885559082,15.119999885559082,14.963705062866211
10-08-2021,15.09000015258789,15.149999618530273,58100,15.149999618530273,15.119999885559082,14.963705062866211
11-08-2021,15.109999656677246,15.149999618530273,97500,15.149999618530273,15.109999656677246,14.953807830810547
12-08-2021,15.039999961853027,15.109999656677246,110300,15.149999618530273,15.069999694824219,14.914220809936523
13-08-2021,14.979999542236328,15.039999961853027,85900,15.0600004196167,15.020000457763672,14.915712356567383
16-08-2021,14.989999771118164,15.0600004196167,86800,15.0600004196167,14.989999771118164,14.885919570922852
17-08-2021,14.970000267028809,15.010000228881836,57100,15.020000457763672,15.010000228881836,14.905780792236328
18-08-2021,15.010000228881836,15.039999961853027,173500,15.039999961853027,15.029999732971191,14.925642013549805
19-08-2021,15.020000457763672,15.020000457763672,144100,15.050000190734863,15.029999732971191,14.925642013549805
20-08-2021,15.020000457763672,15.0600004196167,116500,15.079999923706055,15.029999732971191,14.925642013549805
23-08-2021,15.0,15.0600004196167,142400,15.100000381469727,15.079999923706055,14.975295066833496
24-08-2021,15.100000381469727,15.109999656677246,249600,15.149999618530273,15.149999618530273,15.044808387756348
25-08-2021,15.140000343322754,15.149999618530273,215900,15.170000076293945,15.15999984741211,15.054738998413086
26-08-2021,15.130000114440918,15.149999618530273,184700,15.170000076293945,15.140000343322754,15.034878730773926
27-08-2021,15.140000343322754,15.15999984741211,138800,15.170000076293945,15.15999984741211,15.054738998413086
30-08-2021,15.0,15.170000076293945,369300,15.170000076293945,15.029999732971191,14.925642013549805
31-08-2021,15.0,15.029999732971191,114000,15.050000190734863,15.0,14.89585018157959
01-09-2021,15.010000228881836,15.029999732971191,138500,15.029999732971191,15.029999732971191,14.925642013549805
02-09-2021,14.989999771118164,15.010000228881836,120700,15.050000190734863,15.029999732971191,14.925642013549805
03-09-2021,14.9399995803833,15.029999732971191,76300,15.029999732971191,14.949999809265137,14.846197128295898
07-09-2021,14.930000305175781,14.930000305175781,203600,15.100000381469727,14.949999809265137,14.846197128295898
08-09-2021,14.949999809265137,14.979999542236328,112800,15.020000457763672,14.989999771118164,14.885919570922852
09-09-2021,14.800000190734863,15.020000457763672,232700,15.039999961853027,14.8100004196167,14.707170486450195
10-09-2021,14.829999923706055,14.890000343322754,100500,14.899999618530273,14.899999618530273,14.796544075012207
13-09-2021,14.880000114440918,14.880000114440918,82500,14.979999542236328,14.949999809265137,14.846197128295898
14-09-2021,14.880000114440918,14.899999618530273,85500,14.930000305175781,14.90999984741211,14.857656478881836
15-09-2021,14.90999984741211,14.9399995803833,93100,15.0,15.0,14.947340965270996
16-09-2021,14.970000267028809,15.029999732971191,58500,15.029999732971191,14.989999771118164,14.937376022338867
17-09-2021,14.899999618530273,15.010000228881836,87700,15.010000228881836,14.949999809265137,14.897516250610352
20-09-2021,14.880000114440918,14.920000076293945,130500,14.949999809265137,14.880000114440918,14.827762603759766
21-09-2021,14.869999885559082,14.880000114440918,119900,14.979999542236328,14.979999542236328,14.927411079406738
22-09-2021,14.9399995803833,14.989999771118164,177300,15.050000190734863,15.029999732971191,14.977235794067383
23-09-2021,14.90999984741211,15.010000228881836,83500,15.039999961853027,14.930000305175781,14.87758731842041
24-09-2021,14.850000381469727,14.920000076293945,56100,14.9399995803833,14.899999618530273,14.847691535949707
27-09-2021,14.819999694824219,14.890000343322754,76900,14.890000343322754,14.869999885559082,14.817797660827637
28-09-2021,14.65999984741211,14.819999694824219,148400,14.829999923706055,14.680000305175781,14.628464698791504
29-09-2021,14.710000038146973,14.729999542236328,88400,14.84000015258789,14.710000038146973,14.65835952758789
30-09-2021,14.65999984741211,14.760000228881836,143600,14.829999923706055,14.680000305175781,14.628464698791504
01-10-2021,14.5600004196167,14.75,140100,14.770000457763672,14.65999984741211,14.608534812927246
04-10-2021,14.529999732971191,14.600000381469727,70200,14.680000305175781,14.529999732971191,14.47899055480957
05-10-2021,14.510000228881836,14.59000015258789,56000,14.619999885559082,14.539999961853027,14.4889554977417
06-10-2021,14.510000228881836,14.510000228881836,49500,14.600000381469727,14.569999694824219,14.518850326538086
07-10-2021,14.539999961853027,14.600000381469727,62800,14.65999984741211,14.539999961853027,14.4889554977417
08-10-2021,14.489999771118164,14.529999732971191,51800,14.630000114440918,14.619999885559082,14.56867504119873
11-10-2021,14.579999923706055,14.649999618530273,59300,14.65999984741211,14.600000381469727,14.548746109008789
12-10-2021,14.550000190734863,14.59000015258789,41500,14.670000076293945,14.630000114440918,14.57863998413086
13-10-2021,14.619999885559082,14.649999618530273,118200,14.699999809265137,14.670000076293945,14.618499755859375
14-10-2021,14.59000015258789,14.680000305175781,78900,14.699999809265137,14.59000015258789,14.59000015258789
15-10-2021,14.510000228881836,14.600000381469727,51300,14.600000381469727,14.510000228881836,14.510000228881836
18-10-2021,14.498499870300293,14.510000228881836,45441,14.550000190734863,14.529999732971191,14.529999732971191
